C	D	E	F	G	H	I	J	K	L
831	905	845	867	924	1024	874	419	874	843
831	905	845	867	924	1024	874	419	874	843
831	905	845	867	924	1024	874	419	874	843
831	905	845	867	924	1024	874	419	874	843
831	905	845	867	924	1024	874	419	874	843
831	905	845	867	924	1024	874	419	874	843
831	905	845	867	924	1024	874	419	874	843
831	905	845	867	924	1024	874	419	874	843
831	905	845	867	924	1024	874	419	874	843
831	905	845	867	924	1024	874	419	874	843
831	905	845	867	924	1024	874	419	874	843
831	905	845	867	924	1024	874	419	874	843
831	905	845	867	924	1024	874	419	874	843
831	905	845	867	924	1024	874	419	874	843
831	905	845	867	924	1024	874	419	874	843
831	905	845	867	924	1024	874	419	874	843
831	905	845	867	924	1024	874	419	874	843
831	905	845	867	924	1024	874	419	874	843
831	905	845	867	924	1024	874	419	874	843
831	905	845	867	924	1024	874	419	874	843
831	905	845	867	924	1024	874	419	874	843
831	905	845	867	924	1024	874	419	874	843
831	905	845	867	924	1024	874	419	874	843
831	905	845	867	924	1024	874	419	874	843
831	905	845	867	924	1024	874	419	874	843
831	905	845	867	924	1024	874	419	874	843
831	905	845	867	924	1024	874	419	874	843
831	905	845	867	924	1024	874	419	874	843
831	905	845	867	924	1024	874	419	874	843
831	905	845	867	924	1024	874	419	874	843
831	905	845	867	924	1024	874	419	874	843
831	905	845	867	924	1024	874	419	874	843
831	905	845	867	924	1024	874	419	874	843
831	905	845	867	924	1024	874	419	874	843
831	905	845	867	924	1024	874	419	874	843
831	905	845	867	924	1024	874	419	874	843
831	905	845	867	924	1024	874	419	874	843
831	905	845	867	924	1024	874	419	874	843
831	905	845	867	924	1024	874	419	874	843
831	905	845	867	924	1024	874	419	874	843
831	905	845	867	924	1024	874	419	874	843
831	905	845	867	924	1024	874	419	874	843
831	905	845	867	924	1024	874	419	874	843
831	905	845	867	924	1024	874	419	874	843
831	905	845	867	924	1024	874	419	874	843
831	905	845	867	924	1024	874	419	874	843
831	905	845	867	924	1024	874	419	874	843
831	905	845	867	924	1024	874	419	874	843
831	905	845	867	924	1024	874	419	874	843
831	905	845	867	924	1024	874	419	874	843
831	905	845	867	924	1024	874	419	874	843
831	905	845	867	924	1024	874	419	874	843
831	905	845	867	924	1024	874	419	874	843
831	905	845	867	924	1024	874	419	874	843
831	905	845	867	924	1024	874	419	874	843
831	905	845	867	924	1024	874	419	874	843
831	905	845	867	924	1024	874	419	874	843
831	905	845	867	924	1024	874	419	874	843
831	905	845	867	924	1024	874	419	874	843
831	905	845	867	924	1024	874	419	874	843
831	905	845	867	924	1024	874	419	874	843
831	905	845	867	924	1024	874	419	874	843
831	905	845	867	924	1024	874	419	874	843
831	905	845	867	924	1024	874	419	874	843
831	905	845	867	924	1024	874	419	874	843
831	905	845	867	924	1024	874	419	874	843
831	905	845	867	924	1024	874	419	874	843
831	905	845	867	924	1024	874	419	874	843
831	905	845	867	924	1024	874	419	874	843
831	905	845	867	924	1024	874	419	874	843
831	905	845	867	924	1024	874	419	874	843
831	905	845	867	924	1024	874	419	874	843
831	905	845	867	924	1024	874	419	874	843
831	905	845	867	924	1024	874	419	874	843
831	905	845	867	924	1024	874	419	874	843
831	905	845	867	924	1024	874	419	874	843
831	905	845	867	924	1024	874	419	874	843
831	905	845	867	924	1024	874	419	874	843
831	905	845	867	924	1024	874	419	874	843
831	905	845	867	924	1024	874	419	874	843
831	905	845	867	924	1024	874	419	874	843
831	905	845	867	924	1024	874	419	874	843
831	905	845	867	924	1024	874	419	874	843
831	905	845	867	924	1024	874	419	874	843
831	905	845	867	924	1024	874	419	874	843
831	905	845	867	924	1024	874	419	874	843
831	905	845	867	924	1024	874	419	874	843
831	905	845	867	924	1024	874	419	874	843
831	905	845	867	924	1024		419	874	843
		845					419		
