A	B
456	502
456	502
456	502
456	502
456	502
456	502
456	502
456	502
456	502
456	502
456	502
456	502
456	502
456	502
456	502
456	502
456	502
456	502
456	502
456	502
456	502
456	502
456	502
456	502
456	502
456	502
456	502
456	502
456	502
456	502
456	502
456	502
456	502
456	502
456	502
456	502
456	502
456	502
456	502
456	502
456	502
456	502
456	502
456	502
456	502
456	502
456	502
456	502
456	502
456	502
456	502
456	502
456	502
456	502
456	502
456	502
456	502
456	502
456	502
456	502
456	502
456	502
456	502
456	502
456	502
456	502
456	502
456	502
456	502
456	502
456	502
456	502
456	502
456	502
456	502
456	502
456	502
456	502
456	
456	
456	
456	
456	
456	
456	
456	
456	
456	
