    Time	  MemTotal	   MemUsed	   MemFree	   MemBuff	SwapTotal	SwapUsed	SwapFree	SwapCached	RealUsedMem
17:02:00	 7871.33	 3257.11	 4614.23	   49.05	    0.00	    0.00	    0.00	 1632.26	 1575.80
17:02:03	 7871.33	 3257.34	 4613.99	   49.05	    0.00	    0.00	    0.00	 1632.27	 1576.03
17:02:05	 7871.33	 3257.22	 4614.11	   49.05	    0.00	    0.00	    0.00	 1632.27	 1575.90
17:02:07	 7871.33	 3257.20	 4614.13	   49.05	    0.00	    0.00	    0.00	 1632.27	 1575.89
17:02:09	 7871.33	 3257.20	 4614.13	   49.05	    0.00	    0.00	    0.00	 1632.27	 1575.88
17:02:11	 7871.33	 3257.33	 4614.00	   49.05	    0.00	    0.00	    0.00	 1632.28	 1576.01
17:02:13	 7871.33	 3257.32	 4614.01	   49.05	    0.00	    0.00	    0.00	 1632.28	 1576.00
17:02:15	 7871.33	 3257.44	 4613.89	   49.05	    0.00	    0.00	    0.00	 1632.28	 1576.11
17:02:17	 7871.33	 3257.45	 4613.88	   49.05	    0.00	    0.00	    0.00	 1632.29	 1576.12
17:02:19	 7871.33	 3257.35	 4613.98	   49.05	    0.00	    0.00	    0.00	 1632.29	 1576.01
17:02:21	 7871.33	 3257.33	 4614.00	   49.05	    0.00	    0.00	    0.00	 1632.29	 1576.00
17:02:23	 7871.33	 3257.86	 4613.47	   49.05	    0.00	    0.00	    0.00	 1632.29	 1576.52
17:02:25	 7871.33	 3257.98	 4613.35	   49.05	    0.00	    0.00	    0.00	 1632.30	 1576.64
17:02:27	 7871.33	 3257.59	 4613.75	   49.05	    0.00	    0.00	    0.00	 1632.30	 1576.24
17:02:29	 7871.33	 3257.81	 4613.52	   49.05	    0.00	    0.00	    0.00	 1632.30	 1576.46
17:02:31	 7871.33	 3257.44	 4613.89	   49.05	    0.00	    0.00	    0.00	 1632.30	 1576.09
17:02:33	 7871.33	 3257.55	 4613.78	   49.05	    0.00	    0.00	    0.00	 1632.31	 1576.20
17:02:35	 7871.33	 3257.66	 4613.67	   49.05	    0.00	    0.00	    0.00	 1632.29	 1576.32
17:02:37	 7871.33	 3257.64	 4613.70	   49.05	    0.00	    0.00	    0.00	 1632.30	 1576.29
17:02:39	 7871.33	 3257.60	 4613.73	   49.05	    0.00	    0.00	    0.00	 1632.30	 1576.25
17:02:41	 7871.33	 3257.57	 4613.76	   49.05	    0.00	    0.00	    0.00	 1632.30	 1576.22
17:02:43	 7871.33	 3257.45	 4613.88	   49.05	    0.00	    0.00	    0.00	 1632.30	 1576.10
17:02:45	 7871.33	 3257.45	 4613.88	   49.05	    0.00	    0.00	    0.00	 1632.32	 1576.09
17:02:47	 7871.33	 3257.83	 4613.50	   49.05	    0.00	    0.00	    0.00	 1632.32	 1576.46
17:02:49	 7871.33	 3257.53	 4613.80	   49.05	    0.00	    0.00	    0.00	 1632.32	 1576.16
17:02:51	 7871.33	 3257.52	 4613.82	   49.05	    0.00	    0.00	    0.00	 1632.33	 1576.14
17:02:53	 7871.33	 3257.51	 4613.82	   49.05	    0.00	    0.00	    0.00	 1632.34	 1576.12
17:02:55	 7871.33	 3257.64	 4613.69	   49.05	    0.00	    0.00	    0.00	 1632.34	 1576.26
17:02:57	 7871.33	 3257.65	 4613.68	   49.05	    0.00	    0.00	    0.00	 1632.34	 1576.26
17:02:59	 7871.33	 3257.91	 4613.42	   49.05	    0.00	    0.00	    0.00	 1632.35	 1576.52
17:03:01	 7871.33	 3257.06	 4614.27	   49.05	    0.00	    0.00	    0.00	 1632.35	 1575.66
17:03:03	 7871.33	 3257.38	 4613.95	   49.05	    0.00	    0.00	    0.00	 1632.36	 1575.98
17:03:05	 7871.33	 3257.38	 4613.95	   49.05	    0.00	    0.00	    0.00	 1632.36	 1575.98
17:03:07	 7871.33	 3257.38	 4613.95	   49.05	    0.00	    0.00	    0.00	 1632.36	 1575.97
17:03:09	 7871.33	 3257.37	 4613.96	   49.05	    0.00	    0.00	    0.00	 1632.36	 1575.96
17:03:11	 7871.33	 3257.49	 4613.84	   49.05	    0.00	    0.00	    0.00	 1632.36	 1576.08
17:03:13	 7871.33	 3257.34	 4613.99	   49.05	    0.00	    0.00	    0.00	 1632.37	 1575.93
17:03:15	 7871.33	 3257.58	 4613.75	   49.05	    0.00	    0.00	    0.00	 1632.37	 1576.16
17:03:17	 7871.33	 3257.70	 4613.63	   49.05	    0.00	    0.00	    0.00	 1632.38	 1576.28
17:03:19	 7871.33	 3257.84	 4613.49	   49.05	    0.00	    0.00	    0.00	 1632.38	 1576.42
17:03:21	 7871.33	 3257.58	 4613.75	   49.05	    0.00	    0.00	    0.00	 1632.38	 1576.15
17:03:23	 7871.33	 3257.58	 4613.75	   49.05	    0.00	    0.00	    0.00	 1632.39	 1576.14
17:03:25	 7871.33	 3257.46	 4613.87	   49.05	    0.00	    0.00	    0.00	 1632.39	 1576.02
17:03:27	 7871.33	 3257.70	 4613.63	   49.05	    0.00	    0.00	    0.00	 1632.39	 1576.26
17:03:29	 7871.33	 3257.85	 4613.48	   49.05	    0.00	    0.00	    0.00	 1632.40	 1576.40
17:03:31	 7871.33	 3257.59	 4613.74	   49.05	    0.00	    0.00	    0.00	 1632.40	 1576.14
17:03:33	 7871.33	 3257.59	 4613.74	   49.05	    0.00	    0.00	    0.00	 1632.40	 1576.14
17:03:35	 7871.33	 3257.71	 4613.62	   49.05	    0.00	    0.00	    0.00	 1632.41	 1576.26
17:03:37	 7871.33	 3258.70	 4612.64	   49.05	    0.00	    0.00	    0.00	 1632.41	 1577.24
17:03:39	 7871.33	 3258.09	 4613.24	   49.05	    0.00	    0.00	    0.00	 1632.41	 1576.63
17:03:41	 7871.33	 3257.97	 4613.36	   49.05	    0.00	    0.00	    0.00	 1632.41	 1576.51
17:03:43	 7871.33	 3257.93	 4613.41	   49.05	    0.00	    0.00	    0.00	 1632.42	 1576.46
17:03:45	 7871.33	 3257.77	 4613.57	   49.05	    0.00	    0.00	    0.00	 1632.42	 1576.30
17:03:47	 7871.33	 3257.89	 4613.45	   49.05	    0.00	    0.00	    0.00	 1632.42	 1576.42
17:03:49	 7871.33	 3257.89	 4613.45	   49.05	    0.00	    0.00	    0.00	 1632.41	 1576.43
17:03:51	 7871.33	 3257.64	 4613.69	   49.05	    0.00	    0.00	    0.00	 1632.41	 1576.18
17:03:53	 7871.33	 3257.64	 4613.69	   49.05	    0.00	    0.00	    0.00	 1632.42	 1576.18
17:03:55	 7871.33	 3257.62	 4613.71	   49.05	    0.00	    0.00	    0.00	 1632.42	 1576.15
17:03:57	 7871.33	 3257.74	 4613.59	   49.05	    0.00	    0.00	    0.00	 1632.43	 1576.27
17:04:00	 7871.33	 3257.86	 4613.47	   49.05	    0.00	    0.00	    0.00	 1632.43	 1576.38
17:04:02	 7871.33	 3257.28	 4614.05	   49.05	    0.00	    0.00	    0.00	 1632.44	 1575.80
17:04:04	 7871.33	 3257.55	 4613.79	   49.05	    0.00	    0.00	    0.00	 1632.44	 1576.06
17:04:06	 7871.33	 3257.79	 4613.54	   49.05	    0.00	    0.00	    0.00	 1632.44	 1576.30
17:04:08	 7871.33	 3257.54	 4613.79	   49.05	    0.00	    0.00	    0.00	 1632.45	 1576.05
17:04:10	 7871.33	 3257.54	 4613.79	   49.05	    0.00	    0.00	    0.00	 1632.45	 1576.05
17:04:12	 7871.33	 3257.53	 4613.80	   49.05	    0.00	    0.00	    0.00	 1632.45	 1576.04
17:04:14	 7871.33	 3257.53	 4613.80	   49.05	    0.00	    0.00	    0.00	 1632.45	 1576.03
17:04:16	 7871.33	 3257.63	 4613.70	   49.05	    0.00	    0.00	    0.00	 1632.46	 1576.12
17:04:18	 7871.33	 3257.63	 4613.70	   49.05	    0.00	    0.00	    0.00	 1632.46	 1576.12
17:04:20	 7871.33	 3257.52	 4613.81	   49.05	    0.00	    0.00	    0.00	 1632.46	 1576.02
17:04:22	 7871.33	 3257.75	 4613.58	   49.05	    0.00	    0.00	    0.00	 1632.46	 1576.24
17:04:24	 7871.33	 3257.99	 4613.34	   49.05	    0.00	    0.00	    0.00	 1632.47	 1576.48
17:04:26	 7871.33	 3257.99	 4613.34	   49.05	    0.00	    0.00	    0.00	 1632.47	 1576.47
17:04:28	 7871.33	 3257.87	 4613.46	   49.05	    0.00	    0.00	    0.00	 1632.48	 1576.35
17:04:30	 7871.33	 3257.64	 4613.70	   49.05	    0.00	    0.00	    0.00	 1632.48	 1576.11
17:04:32	 7871.33	 3257.62	 4613.71	   49.05	    0.00	    0.00	    0.00	 1632.48	 1576.09
17:04:34	 7871.33	 3257.62	 4613.71	   49.05	    0.00	    0.00	    0.00	 1632.49	 1576.09
17:04:36	 7871.33	 3257.48	 4613.86	   49.05	    0.00	    0.00	    0.00	 1632.49	 1575.94
17:04:38	 7871.33	 3257.73	 4613.61	   49.05	    0.00	    0.00	    0.00	 1632.50	 1576.18
17:04:40	 7871.33	 3257.73	 4613.61	   49.05	    0.00	    0.00	    0.00	 1632.50	 1576.18
17:04:42	 7871.33	 3257.73	 4613.61	   49.05	    0.00	    0.00	    0.00	 1632.50	 1576.18
17:04:44	 7871.33	 3257.73	 4613.61	   49.05	    0.00	    0.00	    0.00	 1632.52	 1576.16
17:04:46	 7871.33	 3257.73	 4613.61	   49.05	    0.00	    0.00	    0.00	 1632.52	 1576.16
17:04:48	 7871.33	 3257.86	 4613.48	   49.05	    0.00	    0.00	    0.00	 1632.52	 1576.29
17:04:50	 7871.33	 3257.49	 4613.84	   49.05	    0.00	    0.00	    0.00	 1632.53	 1575.92
17:04:52	 7871.33	 3257.37	 4613.96	   49.05	    0.00	    0.00	    0.00	 1632.53	 1575.79
17:04:54	 7871.33	 3258.74	 4612.59	   49.05	    0.00	    0.00	    0.00	 1632.54	 1577.16
17:04:56	 7871.33	 3258.20	 4613.13	   49.05	    0.00	    0.00	    0.00	 1632.54	 1576.62
17:04:58	 7871.33	 3257.96	 4613.38	   49.05	    0.00	    0.00	    0.00	 1632.54	 1576.37
