    Time	  MemTotal	   MemUsed	   MemFree	   MemBuff	SwapTotal	SwapUsed	SwapFree	SwapCached	RealUsedMem
17:02:01	 7999.33	 7866.09	  133.24	 2238.20	 4110.34	 1642.64	 2467.70	 3215.71	 2412.18
17:02:03	 7999.33	 7868.11	  131.22	 2238.45	 4110.34	 1642.64	 2467.70	 3215.83	 2413.83
17:02:05	 7999.33	 7866.41	  132.93	 2238.47	 4110.34	 1642.64	 2467.70	 3215.96	 2411.98
17:02:07	 7999.33	 7867.32	  132.02	 2238.60	 4110.34	 1642.64	 2467.70	 3216.07	 2412.65
17:02:09	 7999.33	 7867.38	  131.95	 2238.74	 4110.34	 1642.64	 2467.70	 3216.18	 2412.47
17:02:11	 7999.33	 7868.04	  131.30	 2238.74	 4110.34	 1642.64	 2467.70	 3216.31	 2412.99
17:02:13	 7999.33	 7867.87	  131.46	 2238.99	 4110.34	 1642.64	 2467.70	 3216.44	 2412.44
17:02:15	 7999.33	 7869.38	  129.96	 2239.00	 4110.34	 1642.64	 2467.70	 3216.56	 2413.81
17:02:17	 7999.33	 7873.96	  125.37	 2239.13	 4110.34	 1642.64	 2467.70	 3216.70	 2418.14
17:02:19	 7999.33	 7871.85	  127.48	 2239.26	 4110.34	 1642.64	 2467.70	 3216.80	 2415.79
17:02:21	 7999.33	 7871.09	  128.25	 2239.27	 4110.34	 1642.64	 2467.70	 3216.93	 2414.88
17:02:23	 7999.33	 7872.58	  126.75	 2239.54	 4110.34	 1642.64	 2467.70	 3217.07	 2415.97
17:02:26	 7999.33	 7870.95	  128.38	 2239.55	 4110.34	 1642.64	 2467.70	 3217.21	 2414.20
17:02:28	 7999.33	 7873.53	  125.80	 2239.80	 4110.34	 1642.64	 2467.70	 3217.34	 2416.39
17:02:30	 7999.33	 7872.66	  126.67	 2239.82	 4110.34	 1642.64	 2467.70	 3217.44	 2415.40
17:02:32	 7999.33	 7875.02	  124.31	 2239.95	 4110.34	 1642.64	 2467.70	 3217.62	 2417.46
17:02:34	 7999.33	 7871.05	  128.28	 2240.07	 4110.34	 1642.64	 2467.70	 3217.73	 2413.25
17:02:36	 7999.33	 7871.93	  127.41	 2240.09	 4110.34	 1642.64	 2467.70	 3217.86	 2413.97
17:02:38	 7999.33	 7860.99	  138.34	 2240.35	 4110.34	 1642.64	 2467.70	 3208.41	 2412.22
17:02:40	 7999.33	 7863.72	  135.61	 2240.36	 4110.34	 1642.64	 2467.70	 3208.55	 2414.80
17:02:42	 7999.33	 7861.80	  137.53	 2240.49	 4110.34	 1642.64	 2467.70	 3208.67	 2412.64
17:02:44	 7999.33	 7863.67	  135.66	 2240.62	 4110.34	 1642.64	 2467.70	 3208.77	 2414.28
17:02:46	 7999.33	 7861.91	  137.42	 2240.63	 4110.34	 1642.64	 2467.70	 3208.89	 2412.39
17:02:48	 7999.33	 7863.81	  135.52	 2240.89	 4110.34	 1642.64	 2467.70	 3209.02	 2413.90
17:02:50	 7999.33	 7870.05	  129.28	 2240.89	 4110.34	 1642.64	 2467.70	 3209.12	 2420.04
17:02:52	 7999.33	 7865.26	  134.07	 2241.03	 4110.34	 1642.64	 2467.70	 3209.25	 2414.98
17:02:54	 7999.33	 7866.55	  132.79	 2241.16	 4110.34	 1642.64	 2467.70	 3209.39	 2416.00
17:02:56	 7999.33	 7870.56	  128.77	 2241.17	 4110.34	 1642.64	 2467.70	 3209.49	 2419.90
17:02:58	 7999.33	 7875.85	  123.48	 2241.43	 4110.34	 1642.64	 2467.70	 3209.62	 2424.80
17:03:00	 7999.33	 7865.46	  133.87	 2241.45	 4110.34	 1642.64	 2467.70	 3209.75	 2414.26
17:03:02	 7999.33	 7864.56	  134.77	 2241.58	 4110.34	 1642.64	 2467.70	 3209.86	 2413.11
17:03:04	 7999.33	 7865.68	  133.65	 2241.72	 4110.34	 1642.64	 2467.70	 3209.98	 2413.98
17:03:06	 7999.33	 7864.09	  135.25	 2241.73	 4110.34	 1642.64	 2467.70	 3210.12	 2412.23
17:03:08	 7999.33	 7867.05	  132.28	 2241.98	 4110.34	 1642.64	 2467.70	 3210.24	 2414.84
17:03:10	 7999.33	 7864.95	  134.38	 2242.00	 4110.34	 1642.64	 2467.70	 3210.38	 2412.58
17:03:12	 7999.33	 7867.14	  132.19	 2242.12	 4110.34	 1642.64	 2467.70	 3210.51	 2414.51
17:03:14	 7999.33	 7865.01	  134.32	 2242.25	 4110.34	 1642.64	 2467.70	 3210.61	 2412.15
17:03:16	 7999.33	 7867.61	  131.72	 2242.27	 4110.34	 1642.64	 2467.70	 3210.73	 2414.61
17:03:18	 7999.33	 7866.09	  133.24	 2242.52	 4110.34	 1642.64	 2467.70	 3210.87	 2412.70
17:03:20	 7999.33	 7868.38	  130.96	 2242.55	 4110.34	 1642.64	 2467.70	 3211.09	 2414.73
17:03:22	 7999.33	 7866.53	  132.80	 2242.67	 4110.34	 1642.64	 2467.70	 3211.10	 2412.76
17:03:24	 7999.33	 7869.41	  129.93	 2242.82	 4110.34	 1642.64	 2467.70	 3211.12	 2415.47
17:03:26	 7999.33	 7867.08	  132.25	 2242.82	 4110.34	 1642.64	 2467.70	 3211.22	 2413.04
17:03:28	 7999.33	 7871.37	  127.96	 2243.09	 4110.34	 1642.64	 2467.70	 3211.36	 2416.91
17:03:31	 7999.33	 7867.09	  132.24	 2243.10	 4110.34	 1642.64	 2467.70	 3211.48	 2412.51
17:03:33	 7999.33	 7869.62	  129.71	 2243.35	 4110.34	 1642.64	 2467.70	 3211.61	 2414.66
17:03:35	 7999.33	 7870.48	  128.85	 2243.37	 4110.34	 1642.64	 2467.70	 3211.70	 2415.41
17:03:37	 7999.33	 7872.30	  127.04	 2243.50	 4110.34	 1642.64	 2467.70	 3211.88	 2416.92
17:03:39	 7999.33	 7870.37	  128.96	 2243.62	 4110.34	 1642.64	 2467.70	 3212.02	 2414.73
17:03:41	 7999.33	 7872.96	  126.38	 2243.64	 4110.34	 1642.64	 2467.70	 3212.17	 2417.14
17:03:43	 7999.33	 7871.35	  127.98	 2243.89	 4110.34	 1642.64	 2467.70	 3212.27	 2415.19
17:03:45	 7999.33	 7873.46	  125.87	 2243.90	 4110.34	 1642.64	 2467.70	 3212.39	 2417.18
17:03:47	 7999.33	 7871.47	  127.86	 2244.03	 4110.34	 1642.64	 2467.70	 3212.51	 2414.93
17:03:49	 7999.33	 7873.34	  125.99	 2244.16	 4110.34	 1642.64	 2467.70	 3212.62	 2416.57
17:03:51	 7999.33	 7869.75	  129.59	 2244.17	 4110.34	 1642.64	 2467.70	 3212.71	 2412.87
17:03:53	 7999.33	 7872.68	  126.65	 2244.43	 4110.34	 1642.64	 2467.70	 3212.83	 2415.42
17:03:55	 7999.33	 7869.61	  129.72	 2244.45	 4110.34	 1642.64	 2467.70	 3212.93	 2412.23
17:03:57	 7999.33	 7871.02	  128.31	 2244.58	 4110.34	 1642.64	 2467.70	 3213.06	 2413.38
17:03:59	 7999.33	 7870.94	  128.39	 2244.71	 4110.34	 1642.64	 2467.70	 3213.18	 2413.05
17:04:01	 7999.33	 7875.52	  123.81	 2244.72	 4110.34	 1642.64	 2467.70	 3213.33	 2417.48
17:04:03	 7999.33	 7874.98	  124.36	 2244.98	 4110.34	 1642.64	 2467.70	 3213.45	 2416.55
17:04:05	 7999.33	 7878.56	  120.77	 2245.00	 4110.34	 1642.64	 2467.70	 3213.56	 2420.00
17:04:07	 7999.33	 7873.03	  126.30	 2245.14	 4110.34	 1642.64	 2467.70	 3213.66	 2414.23
17:04:09	 7999.33	 7871.91	  127.42	 2245.26	 4110.34	 1642.64	 2467.70	 3213.80	 2412.85
17:04:11	 7999.33	 7872.39	  126.94	 2245.27	 4110.34	 1642.64	 2467.70	 3213.92	 2413.20
17:04:13	 7999.33	 7872.18	  127.15	 2245.53	 4110.34	 1642.64	 2467.70	 3214.05	 2412.61
17:04:15	 7999.33	 7874.13	  125.20	 2245.55	 4110.34	 1642.64	 2467.70	 3214.16	 2414.43
17:04:17	 7999.33	 7872.55	  126.78	 2245.68	 4110.34	 1642.64	 2467.70	 3214.30	 2412.57
17:04:19	 7999.33	 7874.36	  124.98	 2245.81	 4110.34	 1642.64	 2467.70	 3214.41	 2414.13
17:04:21	 7999.33	 7872.89	  126.44	 2245.82	 4110.34	 1642.64	 2467.70	 3214.54	 2412.54
17:04:23	 7999.33	 7874.37	  124.96	 2246.08	 4110.34	 1642.64	 2467.70	 3214.67	 2413.62
17:04:25	 7999.33	 7873.09	  126.24	 2246.09	 4110.34	 1642.64	 2467.70	 3214.76	 2412.23
17:04:27	 7999.33	 7873.77	  125.56	 2246.23	 4110.34	 1642.64	 2467.70	 3214.88	 2412.66
17:04:29	 7999.33	 7874.30	  125.03	 2246.37	 4110.34	 1642.64	 2467.70	 3215.16	 2412.77
17:04:31	 7999.33	 7876.48	  122.86	 2246.38	 4110.34	 1642.64	 2467.70	 3215.12	 2414.97
17:04:33	 7999.33	 7874.31	  125.02	 2246.63	 4110.34	 1642.64	 2467.70	 3215.26	 2412.42
17:04:36	 7999.33	 7875.00	  124.33	 2246.65	 4110.34	 1642.64	 2467.70	 3215.38	 2412.97
17:04:38	 7999.33	 7874.73	  124.60	 2246.91	 4110.34	 1642.64	 2467.70	 3215.51	 2412.32
17:04:40	 7999.33	 7875.98	  123.36	 2246.91	 4110.34	 1642.64	 2467.70	 3215.61	 2413.46
17:04:42	 7999.33	 7875.39	  123.94	 2247.05	 4110.34	 1642.64	 2467.70	 3215.73	 2412.61
17:04:44	 7999.33	 7877.00	  122.33	 2247.18	 4110.34	 1642.64	 2467.70	 3215.88	 2413.95
17:04:46	 7999.33	 7875.98	  123.35	 2247.20	 4110.34	 1642.64	 2467.70	 3216.01	 2412.77
17:04:48	 7999.33	 7876.14	  123.19	 2247.45	 4110.34	 1642.64	 2467.70	 3216.14	 2412.55
17:04:50	 7999.33	 7876.46	  122.87	 2247.45	 4110.34	 1642.64	 2467.70	 3216.25	 2412.76
17:04:52	 7999.33	 7857.64	  141.70	 2235.12	 4110.34	 1642.93	 2467.41	 3206.98	 2415.54
17:04:54	 7999.33	 7858.77	  140.57	 2235.25	 4110.34	 1642.93	 2467.41	 3207.03	 2416.49
17:04:56	 7999.33	 7857.17	  142.16	 2235.26	 4110.34	 1642.93	 2467.41	 3207.14	 2414.77
17:04:58	 7999.33	 7856.68	  142.65	 2235.52	 4110.34	 1642.93	 2467.41	 3207.26	 2413.91
