    Time	  MemTotal	   MemUsed	   MemFree	   MemBuff	SwapTotal	SwapUsed	SwapFree	SwapCached	RealUsedMem
17:02:01	 7871.33	 2971.70	 4899.63	   51.06	    0.00	    0.00	    0.00	 1217.05	 1703.59
17:02:03	 7871.33	 2971.46	 4899.87	   51.06	    0.00	    0.00	    0.00	 1217.06	 1703.34
17:02:05	 7871.33	 2971.34	 4899.99	   51.06	    0.00	    0.00	    0.00	 1217.06	 1703.22
17:02:07	 7871.33	 2971.46	 4899.87	   51.06	    0.00	    0.00	    0.00	 1217.07	 1703.34
17:02:09	 7871.33	 2971.58	 4899.75	   51.06	    0.00	    0.00	    0.00	 1217.07	 1703.46
17:02:11	 7871.33	 2971.70	 4899.63	   51.06	    0.00	    0.00	    0.00	 1217.07	 1703.57
17:02:13	 7871.33	 2971.70	 4899.63	   51.06	    0.00	    0.00	    0.00	 1217.07	 1703.57
17:02:15	 7871.33	 2971.46	 4899.87	   51.06	    0.00	    0.00	    0.00	 1217.07	 1703.33
17:02:17	 7871.33	 2971.58	 4899.75	   51.06	    0.00	    0.00	    0.00	 1217.08	 1703.45
17:02:19	 7871.33	 2971.46	 4899.87	   51.06	    0.00	    0.00	    0.00	 1217.08	 1703.32
17:02:21	 7871.33	 2971.46	 4899.87	   51.06	    0.00	    0.00	    0.00	 1217.09	 1703.32
17:02:23	 7871.33	 2971.22	 4900.11	   51.06	    0.00	    0.00	    0.00	 1217.09	 1703.07
17:02:25	 7871.33	 2971.22	 4900.11	   51.06	    0.00	    0.00	    0.00	 1217.09	 1703.07
17:02:27	 7871.33	 2972.36	 4898.98	   51.06	    0.00	    0.00	    0.00	 1217.10	 1704.20
17:02:29	 7871.33	 2971.80	 4899.54	   51.06	    0.00	    0.00	    0.00	 1217.11	 1703.63
17:02:31	 7871.33	 2971.81	 4899.52	   51.06	    0.00	    0.00	    0.00	 1217.11	 1703.65
17:02:33	 7871.33	 2972.88	 4898.45	   51.06	    0.00	    0.00	    0.00	 1217.11	 1704.71
17:02:35	 7871.33	 2971.77	 4899.56	   51.06	    0.00	    0.00	    0.00	 1217.09	 1703.62
17:02:37	 7871.33	 2971.77	 4899.56	   51.06	    0.00	    0.00	    0.00	 1217.10	 1703.62
17:02:39	 7871.33	 2971.05	 4900.28	   51.06	    0.00	    0.00	    0.00	 1217.10	 1702.89
17:02:41	 7871.33	 2971.39	 4899.95	   51.06	    0.00	    0.00	    0.00	 1217.11	 1703.22
17:02:43	 7871.33	 2971.51	 4899.82	   51.06	    0.00	    0.00	    0.00	 1217.12	 1703.33
17:02:45	 7871.33	 2971.63	 4899.70	   51.06	    0.00	    0.00	    0.00	 1217.12	 1703.45
17:02:47	 7871.33	 2971.99	 4899.34	   51.06	    0.00	    0.00	    0.00	 1217.12	 1703.81
17:02:49	 7871.33	 2971.86	 4899.48	   51.06	    0.00	    0.00	    0.00	 1217.13	 1703.67
17:02:51	 7871.33	 2971.98	 4899.36	   51.06	    0.00	    0.00	    0.00	 1217.13	 1703.79
17:02:53	 7871.33	 2971.96	 4899.37	   51.06	    0.00	    0.00	    0.00	 1217.14	 1703.77
17:02:55	 7871.33	 2971.96	 4899.37	   51.06	    0.00	    0.00	    0.00	 1217.14	 1703.76
17:02:57	 7871.33	 2971.86	 4899.47	   51.06	    0.00	    0.00	    0.00	 1217.14	 1703.66
17:02:59	 7871.33	 2971.99	 4899.34	   51.06	    0.00	    0.00	    0.00	 1217.14	 1703.79
17:03:01	 7871.33	 2971.98	 4899.36	   51.06	    0.00	    0.00	    0.00	 1217.15	 1703.77
17:03:03	 7871.33	 2971.72	 4899.61	   51.06	    0.00	    0.00	    0.00	 1217.15	 1703.51
17:03:05	 7871.33	 2971.72	 4899.61	   51.06	    0.00	    0.00	    0.00	 1217.16	 1703.50
17:03:07	 7871.33	 2971.60	 4899.73	   51.06	    0.00	    0.00	    0.00	 1217.16	 1703.38
17:03:09	 7871.33	 2971.59	 4899.74	   51.06	    0.00	    0.00	    0.00	 1217.16	 1703.37
17:03:12	 7871.33	 2971.59	 4899.74	   51.06	    0.00	    0.00	    0.00	 1217.16	 1703.37
17:03:14	 7871.33	 2971.70	 4899.63	   51.06	    0.00	    0.00	    0.00	 1217.16	 1703.48
17:03:16	 7871.33	 2971.34	 4899.99	   51.06	    0.00	    0.00	    0.00	 1217.17	 1703.11
17:03:18	 7871.33	 2971.70	 4899.63	   51.06	    0.00	    0.00	    0.00	 1217.17	 1703.47
17:03:20	 7871.33	 2971.58	 4899.75	   51.06	    0.00	    0.00	    0.00	 1217.18	 1703.35
17:03:22	 7871.33	 2971.58	 4899.75	   51.06	    0.00	    0.00	    0.00	 1217.18	 1703.35
17:03:24	 7871.33	 2971.46	 4899.87	   51.06	    0.00	    0.00	    0.00	 1217.18	 1703.22
17:03:26	 7871.33	 2971.46	 4899.87	   51.06	    0.00	    0.00	    0.00	 1217.19	 1703.21
17:03:28	 7871.33	 2971.87	 4899.46	   51.06	    0.00	    0.00	    0.00	 1217.19	 1703.62
17:03:30	 7871.33	 2971.51	 4899.82	   51.06	    0.00	    0.00	    0.00	 1217.20	 1703.25
17:03:32	 7871.33	 2971.89	 4899.45	   51.06	    0.00	    0.00	    0.00	 1217.20	 1703.63
17:03:34	 7871.33	 2971.98	 4899.36	   51.06	    0.00	    0.00	    0.00	 1217.20	 1703.71
17:03:36	 7871.33	 2971.98	 4899.36	   51.06	    0.00	    0.00	    0.00	 1217.20	 1703.71
17:03:38	 7871.33	 2971.86	 4899.48	   51.06	    0.00	    0.00	    0.00	 1217.21	 1703.59
17:03:40	 7871.33	 2970.93	 4900.41	   51.06	    0.00	    0.00	    0.00	 1217.21	 1702.66
17:03:42	 7871.33	 2971.49	 4899.84	   51.06	    0.00	    0.00	    0.00	 1217.21	 1703.22
17:03:44	 7871.33	 2974.76	 4896.57	   51.06	    0.00	    0.00	    0.00	 1217.21	 1706.48
17:03:46	 7871.33	 2971.96	 4899.37	   51.06	    0.00	    0.00	    0.00	 1217.22	 1703.68
17:03:48	 7871.33	 2971.96	 4899.37	   51.06	    0.00	    0.00	    0.00	 1217.23	 1703.68
17:03:50	 7871.33	 2972.10	 4899.23	   51.06	    0.00	    0.00	    0.00	 1217.23	 1703.82
17:03:52	 7871.33	 2971.84	 4899.49	   51.06	    0.00	    0.00	    0.00	 1217.21	 1703.57
17:03:54	 7871.33	 2971.96	 4899.37	   51.06	    0.00	    0.00	    0.00	 1217.22	 1703.69
17:03:56	 7871.33	 2971.77	 4899.56	   51.06	    0.00	    0.00	    0.00	 1217.22	 1703.49
17:03:58	 7871.33	 2971.88	 4899.45	   51.06	    0.00	    0.00	    0.00	 1217.22	 1703.60
17:04:00	 7871.33	 2971.62	 4899.71	   51.06	    0.00	    0.00	    0.00	 1217.23	 1703.34
17:04:02	 7871.33	 2971.74	 4899.59	   51.06	    0.00	    0.00	    0.00	 1217.23	 1703.45
17:04:04	 7871.33	 2971.73	 4899.60	   51.06	    0.00	    0.00	    0.00	 1217.24	 1703.44
17:04:06	 7871.33	 2971.73	 4899.60	   51.06	    0.00	    0.00	    0.00	 1217.24	 1703.44
17:04:08	 7871.33	 2971.86	 4899.48	   51.06	    0.00	    0.00	    0.00	 1217.24	 1703.55
17:04:10	 7871.33	 2971.85	 4899.48	   51.06	    0.00	    0.00	    0.00	 1217.25	 1703.54
17:04:12	 7871.33	 2971.97	 4899.36	   51.06	    0.00	    0.00	    0.00	 1217.25	 1703.66
17:04:14	 7871.33	 2971.95	 4899.38	   51.06	    0.00	    0.00	    0.00	 1217.25	 1703.64
17:04:16	 7871.33	 2971.83	 4899.50	   51.06	    0.00	    0.00	    0.00	 1217.25	 1703.52
17:04:18	 7871.33	 2971.71	 4899.62	   51.06	    0.00	    0.00	    0.00	 1217.26	 1703.39
17:04:20	 7871.33	 2971.71	 4899.62	   51.06	    0.00	    0.00	    0.00	 1217.26	 1703.39
17:04:22	 7871.33	 2971.59	 4899.74	   51.06	    0.00	    0.00	    0.00	 1217.27	 1703.27
17:04:24	 7871.33	 2971.47	 4899.86	   51.06	    0.00	    0.00	    0.00	 1217.27	 1703.14
17:04:26	 7871.33	 2971.46	 4899.87	   51.06	    0.00	    0.00	    0.00	 1217.27	 1703.13
17:04:28	 7871.33	 2971.45	 4899.88	   51.06	    0.00	    0.00	    0.00	 1217.28	 1703.12
17:04:30	 7871.33	 2971.35	 4899.98	   51.06	    0.00	    0.00	    0.00	 1217.28	 1703.01
17:04:32	 7871.33	 2971.94	 4899.39	   51.06	    0.00	    0.00	    0.00	 1217.29	 1703.59
17:04:34	 7871.33	 2971.95	 4899.38	   51.06	    0.00	    0.00	    0.00	 1217.29	 1703.61
17:04:36	 7871.33	 2972.07	 4899.26	   51.06	    0.00	    0.00	    0.00	 1217.29	 1703.73
17:04:38	 7871.33	 2971.70	 4899.64	   51.06	    0.00	    0.00	    0.00	 1217.29	 1703.34
17:04:40	 7871.33	 2971.82	 4899.52	   51.06	    0.00	    0.00	    0.00	 1217.30	 1703.46
17:04:42	 7871.33	 2971.46	 4899.87	   51.06	    0.00	    0.00	    0.00	 1217.30	 1703.11
17:04:44	 7871.33	 2971.58	 4899.75	   51.06	    0.00	    0.00	    0.00	 1217.31	 1703.21
17:04:46	 7871.33	 2971.82	 4899.51	   51.06	    0.00	    0.00	    0.00	 1217.32	 1703.45
17:04:48	 7871.33	 2971.70	 4899.63	   51.06	    0.00	    0.00	    0.00	 1217.32	 1703.33
17:04:50	 7871.33	 2971.69	 4899.64	   51.06	    0.00	    0.00	    0.00	 1217.32	 1703.31
17:04:52	 7871.33	 2971.69	 4899.64	   51.06	    0.00	    0.00	    0.00	 1217.32	 1703.30
17:04:54	 7871.33	 2971.69	 4899.64	   51.06	    0.00	    0.00	    0.00	 1217.33	 1703.30
17:04:56	 7871.33	 2971.57	 4899.77	   51.06	    0.00	    0.00	    0.00	 1217.33	 1703.18
17:04:58	 7871.33	 2971.81	 4899.52	   51.06	    0.00	    0.00	    0.00	 1217.33	 1703.42
