    Time	  MemTotal	   MemUsed	   MemFree	   MemBuff	SwapTotal	SwapUsed	SwapFree	SwapCached	RealUsedMem
17:02:01	 7871.33	 3499.79	 4371.54	   51.16	    0.00	    0.00	    0.00	 1691.96	 1756.68
17:02:03	 7871.33	 3499.55	 4371.78	   51.16	    0.00	    0.00	    0.00	 1691.96	 1756.43
17:02:05	 7871.33	 3499.67	 4371.66	   51.16	    0.00	    0.00	    0.00	 1691.97	 1756.54
17:02:07	 7871.33	 3499.45	 4371.89	   51.16	    0.00	    0.00	    0.00	 1691.97	 1756.32
17:02:09	 7871.33	 3499.59	 4371.74	   51.16	    0.00	    0.00	    0.00	 1691.97	 1756.46
17:02:11	 7871.33	 3499.32	 4372.02	   51.16	    0.00	    0.00	    0.00	 1691.98	 1756.18
17:02:13	 7871.33	 3499.44	 4371.89	   51.16	    0.00	    0.00	    0.00	 1691.98	 1756.30
17:02:15	 7871.33	 3499.56	 4371.77	   51.16	    0.00	    0.00	    0.00	 1691.98	 1756.42
17:02:17	 7871.33	 3499.82	 4371.52	   51.16	    0.00	    0.00	    0.00	 1691.98	 1756.67
17:02:19	 7871.33	 3499.66	 4371.67	   51.16	    0.00	    0.00	    0.00	 1691.99	 1756.52
17:02:21	 7871.33	 3499.66	 4371.67	   51.16	    0.00	    0.00	    0.00	 1691.99	 1756.52
17:02:23	 7871.33	 3500.07	 4371.26	   51.16	    0.00	    0.00	    0.00	 1692.00	 1756.91
17:02:25	 7871.33	 3499.93	 4371.40	   51.16	    0.00	    0.00	    0.00	 1692.00	 1756.77
17:02:27	 7871.33	 3499.53	 4371.80	   51.16	    0.00	    0.00	    0.00	 1692.00	 1756.37
17:02:29	 7871.33	 3499.75	 4371.58	   51.16	    0.00	    0.00	    0.00	 1692.00	 1756.59
17:02:31	 7871.33	 3499.86	 4371.48	   51.16	    0.00	    0.00	    0.00	 1692.01	 1756.69
17:02:33	 7871.33	 3499.76	 4371.57	   51.16	    0.00	    0.00	    0.00	 1692.01	 1756.59
17:02:35	 7871.33	 3499.59	 4371.74	   51.16	    0.00	    0.00	    0.00	 1692.01	 1756.42
17:02:37	 7871.33	 3499.71	 4371.62	   51.16	    0.00	    0.00	    0.00	 1692.02	 1756.54
17:02:39	 7871.33	 3499.66	 4371.68	   51.16	    0.00	    0.00	    0.00	 1692.02	 1756.48
17:02:41	 7871.33	 3499.54	 4371.80	   51.16	    0.00	    0.00	    0.00	 1692.02	 1756.35
17:02:43	 7871.33	 3499.54	 4371.80	   51.16	    0.00	    0.00	    0.00	 1692.02	 1756.35
17:02:45	 7871.33	 3499.53	 4371.80	   51.16	    0.00	    0.00	    0.00	 1692.03	 1756.34
17:02:48	 7871.33	 3499.31	 4372.02	   51.16	    0.00	    0.00	    0.00	 1692.03	 1756.12
17:02:50	 7871.33	 3499.53	 4371.80	   51.16	    0.00	    0.00	    0.00	 1692.03	 1756.34
17:02:52	 7871.33	 3499.53	 4371.80	   51.16	    0.00	    0.00	    0.00	 1692.04	 1756.33
17:02:54	 7871.33	 3499.41	 4371.93	   51.16	    0.00	    0.00	    0.00	 1692.04	 1756.21
17:02:56	 7871.33	 3500.57	 4370.77	   51.16	    0.00	    0.00	    0.00	 1692.04	 1757.36
17:02:58	 7871.33	 3499.86	 4371.47	   51.16	    0.00	    0.00	    0.00	 1692.04	 1756.66
17:03:00	 7871.33	 3499.73	 4371.61	   51.16	    0.00	    0.00	    0.00	 1692.05	 1756.52
17:03:02	 7871.33	 3499.70	 4371.64	   51.16	    0.00	    0.00	    0.00	 1692.05	 1756.48
17:03:04	 7871.33	 3499.70	 4371.64	   51.16	    0.00	    0.00	    0.00	 1692.05	 1756.48
17:03:06	 7871.33	 3499.54	 4371.79	   51.16	    0.00	    0.00	    0.00	 1692.06	 1756.32
17:03:08	 7871.33	 3499.80	 4371.53	   51.16	    0.00	    0.00	    0.00	 1692.06	 1756.58
17:03:10	 7871.33	 3499.20	 4372.14	   51.16	    0.00	    0.00	    0.00	 1692.07	 1755.97
17:03:12	 7871.33	 3500.06	 4371.27	   51.16	    0.00	    0.00	    0.00	 1692.07	 1756.83
17:03:14	 7871.33	 3499.80	 4371.53	   51.16	    0.00	    0.00	    0.00	 1692.07	 1756.57
17:03:16	 7871.33	 3499.68	 4371.65	   51.16	    0.00	    0.00	    0.00	 1692.07	 1756.45
17:03:18	 7871.33	 3499.45	 4371.88	   51.16	    0.00	    0.00	    0.00	 1692.08	 1756.21
17:03:20	 7871.33	 3499.67	 4371.66	   51.16	    0.00	    0.00	    0.00	 1692.08	 1756.43
17:03:22	 7871.33	 3499.67	 4371.66	   51.16	    0.00	    0.00	    0.00	 1692.08	 1756.43
17:03:24	 7871.33	 3499.67	 4371.66	   51.16	    0.00	    0.00	    0.00	 1692.09	 1756.43
17:03:26	 7871.33	 3499.55	 4371.78	   51.16	    0.00	    0.00	    0.00	 1692.09	 1756.30
17:03:28	 7871.33	 3499.70	 4371.64	   51.16	    0.00	    0.00	    0.00	 1692.09	 1756.45
17:03:30	 7871.33	 3499.55	 4371.78	   51.16	    0.00	    0.00	    0.00	 1692.10	 1756.29
17:03:32	 7871.33	 3499.55	 4371.78	   51.16	    0.00	    0.00	    0.00	 1692.10	 1756.29
17:03:34	 7871.33	 3499.67	 4371.66	   51.16	    0.00	    0.00	    0.00	 1692.10	 1756.41
17:03:36	 7871.33	 3499.55	 4371.78	   51.16	    0.00	    0.00	    0.00	 1692.11	 1756.29
17:03:39	 7871.33	 3500.94	 4370.39	   51.16	    0.00	    0.00	    0.00	 1692.11	 1757.66
17:03:41	 7871.33	 3500.04	 4371.29	   51.16	    0.00	    0.00	    0.00	 1692.12	 1756.76
17:03:43	 7871.33	 3500.04	 4371.29	   51.16	    0.00	    0.00	    0.00	 1692.12	 1756.76
17:03:45	 7871.33	 3500.04	 4371.29	   51.16	    0.00	    0.00	    0.00	 1692.12	 1756.76
17:03:47	 7871.33	 3499.86	 4371.48	   51.16	    0.00	    0.00	    0.00	 1692.12	 1756.57
17:03:49	 7871.33	 3499.97	 4371.36	   51.16	    0.00	    0.00	    0.00	 1692.12	 1756.68
17:03:51	 7871.33	 3499.99	 4371.34	   51.16	    0.00	    0.00	    0.00	 1692.13	 1756.70
17:03:53	 7871.33	 3500.10	 4371.23	   51.16	    0.00	    0.00	    0.00	 1692.14	 1756.80
17:03:55	 7871.33	 3499.81	 4371.52	   51.16	    0.00	    0.00	    0.00	 1692.14	 1756.51
17:03:57	 7871.33	 3499.56	 4371.77	   51.16	    0.00	    0.00	    0.00	 1692.14	 1756.26
17:03:59	 7871.33	 3499.80	 4371.53	   51.16	    0.00	    0.00	    0.00	 1692.15	 1756.49
17:04:01	 7871.33	 3499.92	 4371.41	   51.16	    0.00	    0.00	    0.00	 1692.15	 1756.61
17:04:03	 7871.33	 3499.79	 4371.54	   51.16	    0.00	    0.00	    0.00	 1692.15	 1756.48
17:04:05	 7871.33	 3499.79	 4371.54	   51.16	    0.00	    0.00	    0.00	 1692.16	 1756.48
17:04:07	 7871.33	 3499.79	 4371.54	   51.16	    0.00	    0.00	    0.00	 1692.16	 1756.47
17:04:09	 7871.33	 3499.79	 4371.54	   51.16	    0.00	    0.00	    0.00	 1692.16	 1756.47
17:04:11	 7871.33	 3500.07	 4371.27	   51.16	    0.00	    0.00	    0.00	 1692.16	 1756.74
17:04:13	 7871.33	 3499.95	 4371.39	   51.16	    0.00	    0.00	    0.00	 1692.17	 1756.62
17:04:15	 7871.33	 3499.70	 4371.63	   51.16	    0.00	    0.00	    0.00	 1692.17	 1756.37
17:04:17	 7871.33	 3499.58	 4371.75	   51.16	    0.00	    0.00	    0.00	 1692.18	 1756.25
17:04:19	 7871.33	 3499.82	 4371.51	   51.16	    0.00	    0.00	    0.00	 1692.18	 1756.49
17:04:21	 7871.33	 3499.81	 4371.52	   51.16	    0.00	    0.00	    0.00	 1692.18	 1756.47
17:04:23	 7871.33	 3499.80	 4371.53	   51.16	    0.00	    0.00	    0.00	 1692.18	 1756.46
17:04:25	 7871.33	 3499.57	 4371.77	   51.16	    0.00	    0.00	    0.00	 1692.18	 1756.22
17:04:27	 7871.33	 3499.55	 4371.78	   51.16	    0.00	    0.00	    0.00	 1692.19	 1756.20
17:04:29	 7871.33	 3499.79	 4371.54	   51.16	    0.00	    0.00	    0.00	 1692.19	 1756.44
17:04:31	 7871.33	 3499.79	 4371.54	   51.16	    0.00	    0.00	    0.00	 1692.20	 1756.44
17:04:33	 7871.33	 3499.91	 4371.42	   51.16	    0.00	    0.00	    0.00	 1692.20	 1756.56
17:04:36	 7871.33	 3499.67	 4371.66	   51.16	    0.00	    0.00	    0.00	 1692.20	 1756.31
17:04:38	 7871.33	 3499.67	 4371.66	   51.16	    0.00	    0.00	    0.00	 1692.20	 1756.31
17:04:40	 7871.33	 3499.91	 4371.42	   51.16	    0.00	    0.00	    0.00	 1692.20	 1756.55
17:04:42	 7871.33	 3499.79	 4371.54	   51.16	    0.00	    0.00	    0.00	 1692.21	 1756.42
17:04:44	 7871.33	 3499.67	 4371.66	   51.16	    0.00	    0.00	    0.00	 1692.21	 1756.30
17:04:46	 7871.33	 3499.67	 4371.66	   51.16	    0.00	    0.00	    0.00	 1692.22	 1756.29
17:04:48	 7871.33	 3499.80	 4371.53	   51.16	    0.00	    0.00	    0.00	 1692.22	 1756.42
17:04:50	 7871.33	 3499.56	 4371.77	   51.16	    0.00	    0.00	    0.00	 1692.22	 1756.18
17:04:52	 7871.33	 3499.68	 4371.65	   51.16	    0.00	    0.00	    0.00	 1692.23	 1756.29
17:04:54	 7871.33	 3499.68	 4371.65	   51.16	    0.00	    0.00	    0.00	 1692.23	 1756.29
17:04:56	 7871.33	 3502.45	 4368.89	   51.16	    0.00	    0.00	    0.00	 1692.23	 1759.05
17:04:58	 7871.33	 3500.36	 4370.97	   51.16	    0.00	    0.00	    0.00	 1692.24	 1756.96
