    Time	  MemTotal	   MemUsed	   MemFree	   MemBuff	SwapTotal	SwapUsed	SwapFree	SwapCached	RealUsedMem
17:02:00	 7871.33	 3533.64	 4337.70	   51.56	    0.00	    0.00	    0.00	 1667.79	 1814.29
17:02:02	 7871.33	 3533.89	 4337.45	   51.56	    0.00	    0.00	    0.00	 1667.79	 1814.54
17:02:04	 7871.33	 3533.87	 4337.46	   51.56	    0.00	    0.00	    0.00	 1667.79	 1814.52
17:02:06	 7871.33	 3533.63	 4337.70	   51.56	    0.00	    0.00	    0.00	 1667.79	 1814.27
17:02:08	 7871.33	 3533.63	 4337.70	   51.56	    0.00	    0.00	    0.00	 1667.80	 1814.27
17:02:10	 7871.33	 3535.45	 4335.88	   51.56	    0.00	    0.00	    0.00	 1667.80	 1816.09
17:02:12	 7871.33	 3533.41	 4337.92	   51.56	    0.00	    0.00	    0.00	 1667.80	 1814.04
17:02:14	 7871.33	 3533.63	 4337.70	   51.56	    0.00	    0.00	    0.00	 1667.80	 1814.26
17:02:16	 7871.33	 3533.63	 4337.70	   51.56	    0.00	    0.00	    0.00	 1667.81	 1814.26
17:02:18	 7871.33	 3533.62	 4337.71	   51.56	    0.00	    0.00	    0.00	 1667.81	 1814.25
17:02:20	 7871.33	 3533.86	 4337.47	   51.56	    0.00	    0.00	    0.00	 1667.81	 1814.49
17:02:22	 7871.33	 3533.88	 4337.45	   51.56	    0.00	    0.00	    0.00	 1667.82	 1814.50
17:02:24	 7871.33	 3533.74	 4337.59	   51.56	    0.00	    0.00	    0.00	 1667.82	 1814.36
17:02:26	 7871.33	 3533.62	 4337.71	   51.56	    0.00	    0.00	    0.00	 1667.82	 1814.23
17:02:28	 7871.33	 3534.11	 4337.23	   51.56	    0.00	    0.00	    0.00	 1667.82	 1814.72
17:02:30	 7871.33	 3534.96	 4336.37	   51.56	    0.00	    0.00	    0.00	 1667.83	 1815.57
17:02:32	 7871.33	 3534.01	 4337.32	   51.56	    0.00	    0.00	    0.00	 1667.83	 1814.62
17:02:34	 7871.33	 3533.87	 4337.46	   51.56	    0.00	    0.00	    0.00	 1667.82	 1814.49
17:02:36	 7871.33	 3533.99	 4337.34	   51.56	    0.00	    0.00	    0.00	 1667.82	 1814.61
17:02:38	 7871.33	 3533.87	 4337.46	   51.56	    0.00	    0.00	    0.00	 1667.82	 1814.48
17:02:40	 7871.33	 3533.75	 4337.59	   51.56	    0.00	    0.00	    0.00	 1667.83	 1814.36
17:02:43	 7871.33	 3533.68	 4337.65	   51.56	    0.00	    0.00	    0.00	 1667.83	 1814.29
17:02:45	 7871.33	 3533.55	 4337.79	   51.56	    0.00	    0.00	    0.00	 1667.85	 1814.14
17:02:47	 7871.33	 3533.78	 4337.55	   51.56	    0.00	    0.00	    0.00	 1667.85	 1814.37
17:02:49	 7871.33	 3534.16	 4337.17	   51.56	    0.00	    0.00	    0.00	 1667.86	 1814.74
17:02:51	 7871.33	 3533.76	 4337.57	   51.56	    0.00	    0.00	    0.00	 1667.86	 1814.34
17:02:53	 7871.33	 3533.52	 4337.82	   51.56	    0.00	    0.00	    0.00	 1667.87	 1814.09
17:02:55	 7871.33	 3533.64	 4337.70	   51.56	    0.00	    0.00	    0.00	 1667.87	 1814.20
17:02:57	 7871.33	 3533.42	 4337.91	   51.56	    0.00	    0.00	    0.00	 1667.87	 1813.98
17:02:59	 7871.33	 3533.78	 4337.55	   51.56	    0.00	    0.00	    0.00	 1667.88	 1814.34
17:03:01	 7871.33	 3533.74	 4337.59	   51.56	    0.00	    0.00	    0.00	 1667.88	 1814.30
17:03:03	 7871.33	 3533.98	 4337.35	   51.56	    0.00	    0.00	    0.00	 1667.88	 1814.54
17:03:05	 7871.33	 3533.98	 4337.35	   51.56	    0.00	    0.00	    0.00	 1667.88	 1814.54
17:03:07	 7871.33	 3533.86	 4337.47	   51.56	    0.00	    0.00	    0.00	 1667.89	 1814.41
17:03:09	 7871.33	 3533.74	 4337.59	   51.56	    0.00	    0.00	    0.00	 1667.89	 1814.29
17:03:11	 7871.33	 3533.98	 4337.35	   51.56	    0.00	    0.00	    0.00	 1667.89	 1814.53
17:03:13	 7871.33	 3533.86	 4337.47	   51.56	    0.00	    0.00	    0.00	 1667.89	 1814.41
17:03:15	 7871.33	 3533.98	 4337.35	   51.56	    0.00	    0.00	    0.00	 1667.90	 1814.52
17:03:17	 7871.33	 3533.98	 4337.35	   51.56	    0.00	    0.00	    0.00	 1667.90	 1814.52
17:03:19	 7871.33	 3534.00	 4337.33	   51.56	    0.00	    0.00	    0.00	 1667.90	 1814.54
17:03:21	 7871.33	 3533.74	 4337.59	   51.56	    0.00	    0.00	    0.00	 1667.91	 1814.27
17:03:23	 7871.33	 3534.11	 4337.22	   51.56	    0.00	    0.00	    0.00	 1667.91	 1814.64
17:03:25	 7871.33	 3534.11	 4337.23	   51.56	    0.00	    0.00	    0.00	 1667.92	 1814.62
17:03:27	 7871.33	 3533.86	 4337.47	   51.56	    0.00	    0.00	    0.00	 1667.92	 1814.38
17:03:29	 7871.33	 3533.74	 4337.59	   51.56	    0.00	    0.00	    0.00	 1667.92	 1814.26
17:03:31	 7871.33	 3533.74	 4337.59	   51.56	    0.00	    0.00	    0.00	 1667.93	 1814.25
17:03:33	 7871.33	 3533.65	 4337.68	   51.56	    0.00	    0.00	    0.00	 1667.93	 1814.16
17:03:35	 7871.33	 3533.99	 4337.34	   51.56	    0.00	    0.00	    0.00	 1667.93	 1814.50
17:03:37	 7871.33	 3533.86	 4337.47	   51.56	    0.00	    0.00	    0.00	 1667.93	 1814.37
17:03:39	 7871.33	 3533.74	 4337.59	   51.56	    0.00	    0.00	    0.00	 1667.94	 1814.24
17:03:41	 7871.33	 3533.74	 4337.59	   51.56	    0.00	    0.00	    0.00	 1667.94	 1814.24
17:03:43	 7871.33	 3534.18	 4337.15	   51.56	    0.00	    0.00	    0.00	 1667.94	 1814.68
17:03:45	 7871.33	 3534.17	 4337.16	   51.56	    0.00	    0.00	    0.00	 1667.95	 1814.66
17:03:47	 7871.33	 3534.39	 4336.94	   51.56	    0.00	    0.00	    0.00	 1667.95	 1814.88
17:03:49	 7871.33	 3533.90	 4337.43	   51.56	    0.00	    0.00	    0.00	 1667.95	 1814.38
17:03:51	 7871.33	 3534.12	 4337.21	   51.56	    0.00	    0.00	    0.00	 1667.94	 1814.62
17:03:53	 7871.33	 3533.90	 4337.43	   51.56	    0.00	    0.00	    0.00	 1667.95	 1814.39
17:03:55	 7871.33	 3533.94	 4337.39	   51.56	    0.00	    0.00	    0.00	 1667.95	 1814.43
17:03:57	 7871.33	 3533.84	 4337.50	   51.56	    0.00	    0.00	    0.00	 1667.95	 1814.32
17:03:59	 7871.33	 3533.82	 4337.51	   51.56	    0.00	    0.00	    0.00	 1667.96	 1814.30
17:04:01	 7871.33	 3533.94	 4337.39	   51.56	    0.00	    0.00	    0.00	 1667.96	 1814.42
17:04:03	 7871.33	 3534.19	 4337.14	   51.56	    0.00	    0.00	    0.00	 1667.96	 1814.67
17:04:05	 7871.33	 3534.17	 4337.16	   51.56	    0.00	    0.00	    0.00	 1667.96	 1814.64
17:04:07	 7871.33	 3534.16	 4337.17	   51.56	    0.00	    0.00	    0.00	 1667.97	 1814.63
17:04:09	 7871.33	 3534.16	 4337.17	   51.56	    0.00	    0.00	    0.00	 1667.97	 1814.63
17:04:11	 7871.33	 3534.16	 4337.17	   51.56	    0.00	    0.00	    0.00	 1667.97	 1814.62
17:04:13	 7871.33	 3533.93	 4337.41	   51.56	    0.00	    0.00	    0.00	 1667.98	 1814.39
17:04:15	 7871.33	 3533.91	 4337.42	   51.56	    0.00	    0.00	    0.00	 1667.98	 1814.37
17:04:17	 7871.33	 3534.03	 4337.30	   51.56	    0.00	    0.00	    0.00	 1667.98	 1814.48
17:04:20	 7871.33	 3534.29	 4337.04	   51.56	    0.00	    0.00	    0.00	 1667.99	 1814.74
17:04:22	 7871.33	 3534.03	 4337.30	   51.56	    0.00	    0.00	    0.00	 1667.99	 1814.48
17:04:24	 7871.33	 3533.94	 4337.39	   51.56	    0.00	    0.00	    0.00	 1668.00	 1814.38
17:04:26	 7871.33	 3534.03	 4337.30	   51.56	    0.00	    0.00	    0.00	 1668.00	 1814.47
17:04:28	 7871.33	 3534.03	 4337.30	   51.56	    0.00	    0.00	    0.00	 1668.00	 1814.46
17:04:30	 7871.33	 3533.67	 4337.66	   51.56	    0.00	    0.00	    0.00	 1668.01	 1814.10
17:04:32	 7871.33	 3533.79	 4337.54	   51.56	    0.00	    0.00	    0.00	 1668.01	 1814.22
17:04:34	 7871.33	 3533.80	 4337.53	   51.56	    0.00	    0.00	    0.00	 1668.01	 1814.23
17:04:36	 7871.33	 3533.79	 4337.54	   51.56	    0.00	    0.00	    0.00	 1668.02	 1814.21
17:04:38	 7871.33	 3533.91	 4337.42	   51.56	    0.00	    0.00	    0.00	 1668.02	 1814.33
17:04:40	 7871.33	 3533.91	 4337.42	   51.56	    0.00	    0.00	    0.00	 1668.02	 1814.33
17:04:42	 7871.33	 3534.03	 4337.30	   51.56	    0.00	    0.00	    0.00	 1668.02	 1814.45
17:04:44	 7871.33	 3534.18	 4337.16	   51.56	    0.00	    0.00	    0.00	 1668.04	 1814.57
17:04:46	 7871.33	 3534.16	 4337.17	   51.56	    0.00	    0.00	    0.00	 1668.04	 1814.55
17:04:48	 7871.33	 3533.92	 4337.41	   51.56	    0.00	    0.00	    0.00	 1668.05	 1814.31
17:04:50	 7871.33	 3534.16	 4337.17	   51.56	    0.00	    0.00	    0.00	 1668.05	 1814.55
17:04:52	 7871.33	 3534.16	 4337.17	   51.56	    0.00	    0.00	    0.00	 1668.05	 1814.54
17:04:54	 7871.33	 3534.28	 4337.05	   51.56	    0.00	    0.00	    0.00	 1668.05	 1814.66
17:04:56	 7871.33	 3534.16	 4337.17	   51.56	    0.00	    0.00	    0.00	 1668.06	 1814.54
17:04:58	 7871.33	 3534.16	 4337.17	   51.56	    0.00	    0.00	    0.00	 1668.06	 1814.54
