C	D	E	F	G	H	I	J	K	L
476	467	497	452	499	465	557	434	484	448
476	466	497	452	499	465	557	434	484	448
476	466	496	452	499	465	558	434	484	448
476	467	497	452	498	465	558	433	484	447
476	467	497	452	498	465	558	433	484	448
476	467	497	452	499	465	557	434	484	448
476	466	497	452	499	465	557	434	484	448
476	466	496	452	499	465	557	434	484	448
476	466	497	452	498	465	557	433	484	447
476	467	497	452	499	465	558	433	484	447
476	467	497	452	499	465	557	434	484	448
476	466	497	452	499	465	557	434	484	448
476	466	496	452	499	465	557	434	484	448
476	466	497	452	498	465	557	433	484	447
476	466	497	452	498	465	557	434	484	448
476	466	497	452	498	465	557	434	484	448
476	466	497	452	499	465	557	434	484	448
476	466	496	452	499	465	557	434	484	448
476	466	497	452	498	465	557	433	484	447
476	466	497	452	498	465	558	434	484	448
476	466	497	452	499	465	557	434	484	448
476	466	497	452	499	465	557	434	484	448
476	466	496	452	499	464	557	434	484	448
476	466	497	452	499	465	557	433	484	447
476	466	497	452	499	465	557	433	484	448
476	466	497	452	499	465	557	434	484	448
476	466	497	452	499	465	557	434	484	448
476	466	496	452	499	464	557	434	484	448
476	466	497	452	499	465	557	433	484	447
476	466	497	452	499	465	557	433	484	447
476	466	497	452	499	465	557	434	484	448
476	466	497	452	499	465	557	434	484	448
476	466	496	452	499	464	557	434	484	448
476	466	497	452	499	465	557	433	484	447
476	466	497	452	499	465	557	434	484	447
476	466	497	452	499	465	557	434	484	447
476	466	497	452	499	465	557	434	484	448
476	466	496	452	499	464	557	434	484	448
476	466	497	452	499	464	557	433	484	447
476	466	497	452	499	465	557	433	484	447
476	466	497	452	499	465	557	434	484	448
476	466	497	452	499	465	557	434	484	448
477	466	496	452	499	464	557	434	484	448
476	466	497	452	499	464	557	433	484	447
476	466	497	452	499	465	556	433	484	448
476	466	497	452	499	465	557	434	484	448
476	466	497	452	499	465	557	434	484	448
476	466	496	452	499	464	557	434	484	448
476	466	497	452	499	464	557	433	483	447
476	466	497	452	499	464	556	433	484	447
476	466	497	452	499	465	557	434	484	447
476	466	497	452	499	465	557	434	484	447
476	466	496	452	499	464	557	433	484	448
476	466	497	452	499	464	557	433	484	447
476	466	497	452	499	465	556	433	484	448
476	466	497	452	499	465	556	434	484	448
476	465	497	452	499	465	557	434	484	448
476	466	496	452	499	464	557	433	484	448
476	466	497	452	498	464	557	433	484	447
476	466	497	452	499	464	556	433	484	447
476	466	497	452	499	465	557	434	484	448
476	466	497	452	499	465	557	434	484	448
475	466	496	452	499	464	557	433	484	448
476	466	497	452	498	465	557	433	484	447
476	466	497	452	499	465	556	434	484	447
476	466	497	452	499	465	557	434	484	448
476	466	497	452	499	465	557	434	484	448
476	466	496	452	499	464	557	433	484	448
476	466	497	452	499	465	557	433	483	447
476	466	497	452	499	465	556	433	484	447
476	466	497	452	499	465	557	434	484	447
476	466	497	452	499	465	557	434	484	448
476	466	497	452	499	464	557	433	484	448
476	466	497	452	499	464	557	433	484	447
476	466	497	452	499	465	556	433	484	447
476	466	497	452	499	465	557	433	484	448
476	466	497	452	499	465	557	434	484	448
476	466	497	452	499	464	557	433	484	448
476	466	497	452	499	464	557	433	484	447
476	466	497	452	499	465	556	433	484	447
476	466	497	452	499	465	556	434	484	447
476	466	497	452	499	465	557	434	484	448
475	466	497	452	499	464	557	433	485	448
476	466	497	452	498	464	557	433	484	447
476	466	497	452	498	465	556	433	484	448
476	466	497	452	499	465	557	434	484	448
476	466	497	452	499	465	557	434	484	448
476	466	497	451	499	464	557	433	484	448
476	466	497	452	498	465	557	433	484	447
476	466	497	452	499	465	556	434	484	447
476	466	497	452	499	465	557	434	484	447
476	466	497	452	499	465	557	434	484	448
476	466	497	452	499	464	557	433	484	448
476	466	497	452	498	465	557	433	484	447
476	466	497	452	499	465	556	434	484	448
476	466	497	452	499	465	557	434	484	448
476	466	497	452	499	465	557	434	484	448
476	466	497	452	499	464	557	433	484	448
476	466	497	452	498	465	557	433	484	447
476	467	497	452	499	465	556	433	484	447
476	467	497	452	499	465	557	433	484	448
476	467	497	452	499	465	557	434	484	448
475	467	497	452	499	464	557	433	484	448
476	467	497	452	498	464	557	433	484	447
476	467	498	452	498	465	556	434	484	447
476	467	498	452	499	465	556	434	484	447
476	467	498	452	499	465	557	434	484	447
476	467	497	452	499	464	557	434	484	447
476	467	497	452	498	464	557	434	484	447
476	467	497	452	499	465	557	434	484	447
476	467	497	452	499	465	557	434	484	447
476	467	497	452	499	465	557	434	484	447
476	467	497	452	499	464	557	433	484	448
476	467	497	452	498	464	557	434	484	447
476	467	497	452	498	465	557	434	484	447
476	467	497	452	499	465	557	434	484	448
476	467	497	452	499	465	557	434	484	448
476	467	497	452	499	464	557	433	484	448
476	467	497	452	499	464	557	433	484	447
476	467	497	452	499	464	557	434	484	447
476	466	497	452	499	465	557	434	484	447
476	467	496	452	499	465	557	434	484	448
476	467	497	451	499	464	557	433	484	448
476	467	497	452	499	464	557	434	484	447
476	467	497	452	499	464	557	434	484	447
476	466	497	452	499	465	557	434	484	447
476	466	496	452	499	465	557	434	484	447
476	467	497	451	499	464	557	433	484	448
476	467	497	452	498	464	557	433	484	447
476	467	497	452	499	465	557	433	484	448
476	466	497	452	499	465	557	434	484	448
476	467	496	452	499	465	557	434	484	448
476	467	497	452	498	464	557	433	484	448
476	467	497	452	498	464	557	434	484	447
476	467	497	452	498	465	556	434	484	447
476	466	497	452	499	465	557	434	484	448
476	466	496	452	499	465	557	434	484	448
475	466	496	451	498	464	557	433	484	448
476	467	497	452	498	464	557	433	484	447
476	467	497	452	499	465	557	434	484	447
476	466	497	452	499	465	557	434	484	448
476	466	496	452	499	464	557	434	484	448
476	466	496	451	498	464	557	433	484	448
476	466	497	452	498	464	557	433	483	447
476	467	497	452	499	465	557	433	484	447
476	466	497	452	499	465	557	434	484	448
476	466	496	452	499	464	557	434	484	448
475	466	497	451	498	464	557	433	484	447
475	467	497	452	498	464	557	433	484	447
476	467	497	452	498	464	557	433	484	447
476	466	497	452	499	465	557	434	484	447
476	467	496	452	499	464	557	434	484	448
476	467	497	451	498	464	557	433	484	447
476	467	497	452	498	464	557	433	484	447
476	467	497	452	498	465	556	433	484	448
476	466	497	452	499	465	557	433	484	448
476	466	496	452	499	464	557	434	484	448
476	467	497	451	498	464	557	433	484	447
476	467	497	451	498	464	557	433	484	447
476	467	497	452	499	465	557	434	484	447
476	466	497	452	499	465	557	434	484	448
476	466	496	452	499	464	557	434	484	448
476	466	497	451	498	464	557	433	484	447
476	467	497	451	498	464	557	433	484	447
476	467	497	452	498	464	556	433	484	447
476	466	497	452	499	465	557	433	484	448
476	466	496	452	499	464	557	434	484	448
476	466	497	451	498	464	557	433	484	447
476	467	497	452	498	464	557	433	484	447
476	467	497	452	498	465	557	433	484	448
476	466	497	452	499	465	557	433	484	448
476	466	496	452	499	464	557	434	484	448
476	467	497	451	498	464	557	433	484	447
476	467	497	452	499	465	557	433	484	447
476	467	497	452	499	465	557	433	484	448
476	466	497	452	499	465	557	434	484	448
476	467	497	452	499	464	557	434	484	448
476	467	497	451	498	464	558	433	484	447
476	467	497	452	499	465	558	433	484	447
476	467	497	452	499	465	557	433	484	447
476	466	497	452	499	465	557	434	484	447
476	466	496	452	499	464	557	434	484	448
476	467	497	451	499	464	557	433	484	447
476	467	497	452	499	464	557	433	484	447
476	467	497	452	499	464	557	433	484	448
476	466	497	452	499	465	557	433	484	448
476	466	497	452	499	464	557	433	484	448
476	466	497	451	498	464	557	433	483	447
476	467	497	451	499	464	557	433	484	447
476	467	497	452	499	465	557	433	484	448
476	466	497	452	499	465	557	433	484	448
476	466	496	451	499	464	557	433	484	448
476	466	497	451	498	464	557	433	483	447
476	466	497	452	499	464	557	433	484	447
476	467	497	452	499	465	557	433	484	448
476	466	497	452	499	465	557	433	484	448
476	466	497	451	499	464	557	433	484	448
476	466	497	451	498	464	557	433	483	447
476	467	497	452	499	464	557	433	484	447
476	467	497	452	499	465	557	433	484	447
476	465	497	452	499	465	557	434	484	447
476	466	497	452	499	464	557	433	484	448
476	466	497	452	498	464	557	433	483	447
476	466	497	452	499	464	557	433	484	447
476	467	497	452	499	465	557	433	484	448
476	466	497	452	499	465	557	433	484	448
476	466	497	451	499	464	557	433	484	448
476	466	497	452	498	464	557	433	483	447
476	466	497	452	499	464	556	433	484	447
476	467	497	452	499	465	557	434	484	448
476	466	497	452	499	465	557	434	484	448
476	466	496	452	499	464	557	433	484	448
476	466	497	452	498	464	557	433	484	447
476	466	497	452	499	464	557	433	484	448
476	467	497	452	499	464	557	433	484	448
476	466	497	452	499	464	557	434	484	448
476	466	497	451	499	464	557	433	484	448
476	466	497	452	498	464	557	433	484	447
476	466	497	452	499	464	557	433	484	447
476	467	497	452	499	465	557	433	484	448
476	466	497	452	499	465	557	434	484	448
476	466	496	451	499	464	557	433	484	448
476	466	497	452	498	464	557	433	484	447
476	466	497	452	499	464	557	433	484	447
476	466	497	452	499	465	557	433	484	448
476	466	497	452	499	465	557	433	484	448
476	466	497	452	499	464	557	433	484	448
476	466	497	452	498	464	557	433	484	447
476	466	497	452	498	464	557	433	484	447
476	466	497	452	499	464	557	433	484	447
476	466	497	452	499	465	557	434	484	448
476	466	497	451	499	464	557	433	484	448
476	466	497	452	498	465	557	433	484	447
476	466	497	452	499	465	556	433	484	447
476	466	497	452	499	465	557	433	484	447
476	466	497	452	499	465	557	434	484	448
476	466	497	452	499	464	557	433	484	448
476	466	497	452	498	464	557	433	483	447
476	466	497	452	498	465	556	433	484	447
476	466	497	453	498	465	557	433	484	447
476	466	497	453	499	465	557	433	484	447
476	466	496	452	499	464	557	433	484	447
476	466	497	452	498	465	557	433	484	447
476	467	497	452	498	465	557	433	484	447
476	466	497	453	499	465	557	433	484	447
476	466	497	453	499	465	557	433	484	448
475	467	497	452	499	464	557	433	484	448
476	467	497	452	498	465	557	433	484	447
476	467	497	452	498	465	557	433	484	447
476	466	497	452	499	465	557	433	484	448
476	467	497	452	499	465	558	434	484	448
476	467	496	452	499	464	558	433	484	448
476	467	497	452	498	464	558	433	484	447
476	467	497	452	498	464	558	433	484	447
476	466	497	452	499	465	558	434	484	448
476	467	497	452	499	465	558	434	484	448
475	467	497	452	499	464	558	433	484	448
476	467	497	452	499	465	558	433	484	447
476	467	497	452	499	465	557	433	484	448
476	466	497	452	499	465	558	434	484	448
476	467	497	452	499	465	558	434	484	448
476	467	497	452	499	464	558	433	484	448
476	467	497	452	498	464	558	433	484	447
476	467	497	452	499	464	557	433	484	447
476	466	497	452	499	464	558	433	484	447
476	467	497	452	499	464	558	434	484	448
476	467	497	452	499	464	558	433	484	448
476	467	497	452	498	464	558	433	483	447
476	467	497	452	498	464	557	433	484	447
476	466	497	452	499	464	558	434	484	448
477	467	497	452	499	465	558	434	484	448
476	467	497	452	499	464	558	433	484	448
476	467	497	452	498	464	558	433	484	447
476	467	497	452	499	464	557	433	484	447
476	466	497	452	499	464	557	433	484	447
477	467	497	452	499	465	558	434	484	448
476	467	497	452	499	464	558	433	484	448
476	467	497	452	498	464	558	433	484	447
476	467	497	452	499	464	558	433	484	447
476	467	497	452	499	464	558	433	484	448
476	467	497	452	499	465	558	433	484	448
476	467	497	452	499	464	558	433	484	448
476	467	497	452	498	464	559	433	484	447
476	467	497	452	498	464	558	433	484	448
476	466	497	453	499	465	558	433	484	448
476	467	497	453	499	465	558	433	484	448
476	467	497	452	499	464	558	433	484	448
476	467	497	452	498	464	558	433	484	447
476	467	497	452	499	464	557	433	484	447
477	466	498	452	499	465	558	433	484	447
477	466	497	452	499	465	558	433	484	448
476	467	497	452	499	464	558	433	484	448
476	467	497	452	498	465	558	433	483	447
476	467	497	452	499	465	557	433	483	448
476	466	498	452	499	465	558	433	484	448
476	466	497	452	499	464	558	433	484	448
476	466	497	452	499	464	558	433	484	448
476	467	497	452	499	464	558	433	483	448
476	467	497	452	499	465	557	433	484	448
476	466	497	452	499	465	558	433	484	448
477	466	497	452	499	464	558	433	484	448
476	466	497	452	498	464	558	433	484	448
476	467	497	452	499	464	558	433	483	448
476	467	497	452	499	465	557	433	484	448
476	466	497	452	499	465	558	433	484	448
476	466	497	452	499	464	558	434	484	448
476	467	497	452	498	464	558	433	484	448
476	467	497	452	498	464	558	433	483	447
476	467	497	452	499	465	557	433	484	448
476	466	497	452	499	465	557	434	484	448
476	466	497	452	499	464	557	434	484	448
476	467	497	452	498	464	558	433	484	448
476	467	497	452	498	464	558	433	484	447
476	467	497	452	499	464	557	433	484	447
476	466	497	452	499	464	557	433	484	448
476	467	497	452	499	464	558	434	484	448
476	467	497	452	498	464	558	433	484	447
476	467	497	452	498	464	558	433	484	447
476	467	497	452	498	464	557	433	484	447
476	466	497	452	499	464	557	434	484	447
476	467	497	452	499	464	557	434	484	447
476	467	497	452	498	464	557	433	484	447
476	467	497	452	499	464	557	433	484	447
476	467	497	452	499	464	557	434	484	447
476	467	497	452	499	464	557	434	484	447
476	467	497	452	499	464	557	434	484	447
476	467	497	452	498	464	557	433	484	447
476	467	497	452	499	464	557	433	484	447
476	467	497	452	499	464	557	433	484	447
476	467	497	452	499	465	557	433	484	447
476	467	496	452	499	464	557	434	484	448
476	467	497	452	498	464	557	433	484	447
476	468	497	452	498	464	557	433	484	447
476	468	497	452	499	464	557	433	484	448
476	467	497	452	499	464	557	434	484	448
477	467	497	452	499	464	557	434	484	448
476	467	497	452	498	464	557	433	484	447
476	467	497	452	499	464	556	433	484	447
477	467	497	452	499	464	557	433	484	448
477	467	497	452	499	465	557	434	484	448
477	467	497	452	499	464	557	434	484	448
476	467	497	452	498	464	557	433	484	447
477	467	497	452	498	465	556	433	484	448
477	467	497	452	499	465	557	434	484	448
477	467	497	452	499	465	557	434	484	448
477	467	497	452	499	464	557	433	484	448
476	467	497	452	498	465	557	433	484	448
477	467	497	452	498	465	557	433	484	448
477	467	497	452	499	465	557	434	484	448
477	467	497	452	499	465	557	434	484	448
477	467	496	452	499	464	557	433	484	448
476	467	497	452	498	464	557	433	484	447
476	467	497	452	498	464	556	433	483	448
477	467	497	452	499	465	557	433	483	448
477	466	497	452	499	465	557	434	484	448
477	467	496	452	499	464	557	433	484	448
476	467	497	451	498	464	557	433	484	447
476	467	497	452	499	464	556	433	484	448
477	467	497	452	499	465	556	433	484	448
477	467	497	452	499	465	558	433	484	448
477	467	496	453	499	464	558	433	484	448
476	468	497	452	498	464	558	433	484	447
476	469	497	452	499	464	557	433	484	447
477	469	497	452	499	465	557	433	484	448
477	468	497	452	499	465	557	433	484	448
477	469	497	452	499	464	557	433	484	448
476	469	497	452	499	464	557	433	484	447
476	469	497	452	499	464	557	433	484	448
476	469	497	452	499	465	557	433	484	448
476	468	497	452	499	465	557	434	484	448
477	468	497	452	499	464	558	433	484	448
476	469	497	452	499	464	558	433	484	447
477	469	497	452	499	464	557	433	484	448
477	469	497	452	499	465	557	433	484	448
477	468	497	452	499	465	558	433	484	448
477	469	497	452	499	464	558	433	484	448
476	468	497	452	499	464	558	433	483	447
477	468	497	452	499	464	557	433	484	448
477	466	497	452	499	465	557	433	484	448
477	460	497	452	499	465	557	433	484	448
477	460	497	452	499	464	558	433	484	448
476	460	497	452	499	464	558	433	483	448
476	460	497	452	499	465	557	434	484	448
477	460	497	452	499	465	557	434	484	448
477	460	497	452	500	465	557	434	484	448
477	461	497	452	500	464	558	433	484	448
476	461	497	452	499	464	558	434	481	448
477	461	497	452	499	464	557	434	481	448
477	461	497	452	499	464	557	434	481	448
477	461	497	452	499	465	557	434	481	448
477	463	497	452	499	464	558	433	482	448
476	476	497	452	492	464	558	433	481	447
476	479	497	452	490	465	557	433	481	448
476	466	497	452	490	465	557	434	481	448
477	469	497	453	490	465	557	434	482	448
477	477	494	452	490	464	557	433	482	448
476	482	495	453	485	464	557	433	481	447
476	484	495	453	485	465	557	433	482	448
476	470	495	453	485	465	557	434	482	448
476	475	495	453	485	465	557	434	482	448
477	478	493	452	485	464	557	433	482	448
476	478	493	453	484	465	558	433	482	447
476	483	493	453	485	465	557	433	482	448
476	472	493	453	485	465	557	434	482	448
476	477	493	453	485	465	557	434	483	448
476	480	493	452	485	464	557	433	483	448
476	480	493	452	485	464	557	433	482	447
476	485	494	453	485	464	557	433	483	448
476	474	494	453	485	465	557	433	483	448
476	474	494	453	486	465	557	433	483	448
476	475	493	452	486	464	557	433	483	448
476	478	494	452	485	465	558	434	482	448
476	482	494	452	485	465	557	434	482	448
476	478	494	453	486	465	557	434	483	448
476	480	494	453	486	465	557	434	483	448
476	480	494	452	486	465	557	433	483	448
476	480	495	452	485	465	557	434	482	448
476	481	495	452	485	465	557	434	482	448
476	477	495	452	486	465	557	434	483	448
477	477	495	453	486	465	557	434	483	448
476	478	494	452	486	465	557	433	483	448
477	478	494	454	485	465	557	433	482	448
477	478	495	454	485	465	557	434	482	448
477	477	495	454	485	465	557	434	482	448
477	479	495	454	486	465	557	434	482	448
477	482	494	453	486	465	557	433	482	448
477	483	494	453	485	465	557	434	482	448
477	483	495	453	485	465	557	434	482	448
477	483	495	453	485	465	557	434	483	448
477	483	495	453	485	465	557	434	483	448
477	483	494	453	485	464	557	433	483	448
477	484	494	453	485	465	557	433	482	448
477	484	495	453	485	465	557	434	482	448
477	482	495	453	485	465	557	434	482	448
477	483	495	454	485	465	557	434	483	448
476	483	494	453	485	465	558	433	483	448
477	484	494	453	485	465	558	434	482	448
477	484	494	453	485	465	557	434	482	448
477	484	494	453	485	465	557	434	482	448
477	484	495	453	486	465	557	434	482	448
476	484	494	453	486	464	558	434	483	448
477	484	494	453	485	465	558	434	483	448
477	485	495	453	485	465	557	434	483	448
477	483	495	453	486	465	557	434	483	448
477	484	495	453	486	465	558	434	483	448
476	485	494	453	486	465	558	433	483	448
476	485	494	453	485	465	558	433	483	448
477	485	494	453	485	465	557	433	483	448
477	484	495	453	485	465	557	433	483	448
477	485	495	453	486	465	558	434	483	448
477	485	494	453	486	465	558	433	483	448
477	485	494	453	485	465	558	434	483	448
477	485	494	453	485	465	557	434	483	448
477	485	494	453	486	465	558	434	483	448
477	485	494	453	486	465	558	434	483	448
477	485	494	453	485	465	558	434	483	448
477	485	494	453	485	465	559	434	483	448
477	485	495	453	485	466	558	434	483	448
477	485	495	453	485	466	558	434	483	448
477	485	494	453	485	465	558	434	483	448
477	485	494	453	485	465	558	433	483	448
477	485	494	453	485	465	558	433	482	448
477	486	495	453	485	465	558	434	483	448
477	485	495	453	485	465	558	434	483	448
477	486	494	453	486	465	558	434	483	448
477	486	494	453	485	465	558	433	483	448
477	486	494	453	485	465	558	434	483	448
477	487	494	453	485	465	558	434	483	448
477	485	494	453	485	466	558	434	483	448
477	486	494	453	486	465	558	434	483	448
477	486	494	453	485	465	558	434	483	448
477	486	495	453	485	465	558	434	482	448
477	486	495	453	485	465	558	434	483	448
477	485	495	453	485	466	558	434	483	448
477	486	494	453	485	465	558	434	483	448
477	486	494	452	485	465	558	434	483	448
477	486	494	453	485	465	558	434	482	448
477	486	494	453	486	465	558	434	483	448
477	485	494	453	487	465	558	434	483	448
477	485	494	453	487	465	558	434	483	448
477	486	494	453	486	465	558	433	483	448
477	486	494	453	487	465	558	433	482	448
477	486	494	453	487	465	558	433	482	448
477	485	494	453	487	465	558	434	482	448
477	485	494	453	487	465	558	434	482	448
477	485	494	453	486	465	558	433	483	448
479	485	494	453	487	465	557	434	482	448
480	485	494	453	487	465	558	434	482	448
480	485	494	453	487	465	558	434	483	448
480	485	494	453	487	465	558	433	483	448
479	485	494	453	486	465	558	433	483	448
479	485	494	453	486	465	558	433	482	449
480	485	494	453	487	465	558	434	482	450
480	485	494	453	487	465	558	434	482	450
480	485	494	453	487	465	558	433	483	450
479	485	494	453	486	465	558	434	483	449
479	485	494	453	486	465	557	434	482	450
480	485	494	453	486	465	558	434	482	450
480	484	494	453	486	465	558	434	483	450
480	484	494	453	487	465	558	434	483	450
479	484	494	453	486	465	558	434	483	449
479	485	494	453	486	465	557	434	482	449
480	484	494	453	486	465	557	434	482	450
480	485	494	453	486	466	557	434	482	450
480	486	494	453	487	465	558	433	482	450
479	486	494	453	486	465	558	434	482	449
479	486	494	453	486	466	557	434	482	449
480	485	494	453	486	466	557	434	482	450
480	485	494	453	486	466	558	434	482	450
480	486	494	453	486	465	558	433	482	450
479	487	494	453	486	466	558	433	483	449
479	487	494	453	486	466	557	434	482	449
479	486	494	453	486	466	558	434	482	449
479	486	494	453	486	466	558	434	483	449
480	486	494	453	486	465	558	433	483	449
479	487	494	453	486	465	558	433	483	449
479	487	494	453	486	465	557	434	482	449
479	486	494	453	486	466	557	434	483	449
480	487	494	453	486	466	559	434	483	449
480	487	494	453	486	465	559	433	483	449
479	487	494	453	486	465	560	434	483	449
479	487	494	453	486	466	559	434	482	449
479	486	494	453	486	466	559	434	483	449
479	486	494	453	486	466	559	434	483	449
480	486	494	453	486	465	559	433	483	449
479	486	494	453	486	465	559	434	483	449
479	486	494	453	486	465	558	434	482	449
479	485	494	453	486	466	558	434	482	449
479	486	495	453	486	466	559	434	483	449
479	486	494	453	486	465	559	433	483	449
479	486	494	453	485	465	559	434	482	449
479	486	494	453	485	465	558	434	482	449
479	485	494	453	486	465	559	434	482	449
480	486	494	453	486	466	559	434	482	449
480	486	494	453	486	465	559	433	482	449
479	486	494	453	485	465	559	434	482	449
479	486	494	453	486	465	558	434	482	449
479	486	494	453	486	465	558	434	482	449
479	486	495	453	486	465	559	434	483	449
480	486	494	452	486	465	559	433	483	449
479	486	494	453	485	465	559	433	482	448
479	486	494	453	485	465	558	433	482	448
479	485	494	453	486	465	558	433	483	449
479	485	494	453	486	465	558	434	483	449
479	486	494	453	486	465	559	433	483	449
479	486	494	453	485	465	559	433	482	448
479	486	494	453	486	465	558	434	482	448
479	485	494	453	486	465	558	434	482	449
479	485	494	453	486	465	558	434	482	449
479	485	494	453	486	465	559	433	482	449
479	485	494	453	485	465	559	433	482	448
479	486	494	453	485	465	558	433	482	448
479	485	494	453	485	465	558	434	482	449
479	485	494	453	486	465	558	434	482	449
479	485	494	453	486	465	558	433	482	449
478	485	494	453	485	465	559	433	482	449
478	486	494	453	485	465	558	433	482	449
478	485	494	453	485	465	558	434	482	449
478	485	495	453	486	465	558	434	482	449
479	485	494	452	486	465	558	434	483	449
478	485	494	453	485	465	558	434	482	448
478	486	494	453	485	465	558	434	482	449
478	484	494	453	485	466	558	434	482	449
478	484	494	453	485	466	558	434	482	449
478	485	494	452	485	466	558	433	482	449
478	485	494	453	485	466	558	433	482	448
478	485	494	453	485	466	558	434	482	449
478	484	494	453	485	466	558	434	482	449
478	484	494	453	485	466	558	434	482	449
477	485	494	452	485	465	558	433	482	449
478	485	494	453	485	466	558	434	482	449
478	485	494	453	485	466	557	434	482	449
479	485	494	453	485	466	557	434	482	449
479	485	494	453	485	466	557	434	482	449
478	485	494	453	485	465	558	433	482	449
478	486	494	453	485	465	558	433	482	448
479	486	494	453	485	465	557	433	483	449
479	485	494	453	485	466	557	433	483	449
479	486	494	453	485	466	557	434	483	449
478	486	494	453	486	465	559	433	483	450
478	486	494	453	485	466	559	433	482	461
478	486	494	453	485	466	558	433	482	462
479	485	494	453	485	466	558	433	482	463
479	485	494	454	485	466	559	440	482	463
478	486	494	453	488	465	559	445	482	463
478	486	494	453	488	465	559	445	482	459
478	486	494	454	488	465	558	445	482	459
478	485	494	454	488	466	558	445	482	459
479	485	494	454	488	468	558	445	482	459
478	485	495	453	489	480	558	440	482	459
478	486	495	453	487	481	558	440	482	458
478	486	495	453	487	482	558	441	482	458
478	485	495	454	488	482	558	441	482	458
478	485	495	461	488	482	558	441	482	459
478	485	494	467	488	478	558	440	482	459
478	486	494	467	487	478	558	441	482	458
478	486	495	467	487	478	558	441	482	458
478	489	495	467	487	478	558	441	482	458
478	490	495	467	487	478	558	441	482	458
478	491	494	464	488	477	558	440	482	458
478	491	495	464	487	477	558	440	482	458
478	491	495	464	487	477	557	440	482	458
478	490	495	464	487	477	557	440	485	458
478	490	495	464	487	477	557	440	488	458
478	490	494	463	487	477	558	440	488	459
478	490	495	463	487	477	559	440	487	458
478	491	495	464	487	477	569	440	487	458
478	489	495	464	487	477	570	440	487	458
478	489	495	464	487	477	570	440	487	458
478	489	494	463	487	477	570	440	487	459
478	490	495	463	487	477	565	440	485	458
478	488	495	464	496	477	566	440	485	458
478	488	495	464	498	477	566	440	485	458
478	489	495	464	498	477	566	441	485	458
477	489	494	463	498	477	566	440	485	458
478	489	504	463	494	477	565	440	485	458
478	488	506	463	495	477	565	440	485	458
478	489	507	463	495	477	565	440	485	458
478	489	507	463	495	477	565	440	485	458
485	489	504	463	494	477	566	440	485	458
495	489	504	463	494	477	564	440	485	458
496	487	504	463	494	477	565	440	485	458
496	488	504	463	494	477	565	440	485	458
496	488	504	463	494	476	565	440	485	458
492	488	503	463	493	477	565	440	485	458
492	488	503	463	493	477	564	440	485	458
493	487	503	463	493	477	565	440	485	458
493	487	503	463	494	477	565	440	485	458
493	488	503	464	494	477	565	440	485	458
492	488	503	463	493	477	565	440	485	458
492	488	503	463	493	477	565	440	485	458
492	487	503	463	493	477	565	440	485	458
492	488	503	463	494	477	565	440	485	458
493	488	502	464	494	476	565	439	485	458
492	488	503	463	493	477	566	440	485	458
492	488	503	463	493	477	565	440	485	458
492	487	503	463	493	477	565	440	485	458
492	487	503	463	494	477	565	440	485	458
493	487	502	463	494	477	565	439	485	458
492	487	502	463	493	477	565	439	485	458
492	487	503	463	493	477	565	440	485	458
492	486	503	463	493	477	565	440	485	458
492	487	503	463	493	477	565	440	485	458
493	487	502	463	493	476	565	439	485	458
492	487	502	463	493	477	565	439	485	458
492	487	503	463	493	477	565	439	485	458
492	486	503	463	493	477	565	439	485	458
493	487	503	463	494	477	565	439	485	458
493	487	502	463	494	476	565	439	485	458
492	487	502	463	493	476	565	439	485	458
492	487	503	463	493	476	564	439	485	
492	486	503	463	493	477	564	439	485	
492	486	503	463	493	477	565	439	485	
492	486	502	463	494	476	565	438	485	
492	487	502	463	493	476	565		485	
492	487	503	463	493	477	564		484	
492	486	503	463	493	477	564		484	
492	487	503	463	493	477	565		484	
492	487	502	463	494	476	565		485	
492	487	502	462	493		565		485	
492	487	502	463	493		564		484	
492	486	503	463	493		565		484	
492	486	503	463	493		565		485	
492	486	502	463	493		565		485	
492	486	502		493		565		485	
492	487	502		493		564		484	
492	486	502		493		565		484	
492		503		493		565		484	
493		502		493		565		484	
492		502		493		565		484	
492		502		493		564		484	
492		503		493		564		484	
492		503		493		564		484	
493		502		493		564			
492		502		493		564			
492		502		493		564			
492		503		493					
492		503		493					
492		502		493					
492		502		492					
492		502		493					
492		502							
492		502							
492		502							
492		502							
492									
492									
492									
492									
