    Time	  MemTotal	   MemUsed	   MemFree	   MemBuff	SwapTotal	SwapUsed	SwapFree	SwapCached	RealUsedMem
15:56:23	 7871.33	 7759.73	  111.60	  221.04	 4102.53	  896.98	 3205.55	  321.61	 7217.09
15:56:25	 7871.33	 7750.55	  120.79	  211.55	 4102.53	  896.98	 3205.55	  321.39	 7217.60
15:56:27	 7871.33	 7749.94	  121.39	  211.58	 4102.53	  896.98	 3205.55	  321.41	 7216.95
15:56:29	 7871.33	 7750.23	  121.10	  211.85	 4102.53	  896.98	 3205.55	  321.43	 7216.95
15:56:31	 7871.33	 7750.43	  120.90	  211.88	 4102.53	  896.98	 3205.55	  321.43	 7217.12
15:56:33	 7871.33	 7752.77	  118.56	  211.89	 4102.53	  896.98	 3205.55	  321.46	 7219.42
15:56:35	 7871.33	 7750.71	  120.62	  212.15	 4102.53	  896.98	 3205.55	  321.48	 7217.08
15:56:37	 7871.33	 7750.52	  120.81	  212.18	 4102.53	  896.98	 3205.55	  321.49	 7216.86
15:56:39	 7871.33	 7750.89	  120.45	  212.45	 4102.53	  896.98	 3205.55	  321.52	 7216.92
15:56:41	 7871.33	 7751.02	  120.31	  212.48	 4102.53	  896.98	 3205.55	  321.52	 7217.03
15:56:43	 7871.33	 7751.15	  120.18	  212.50	 4102.53	  896.98	 3205.55	  321.54	 7217.11
15:56:45	 7871.33	 7754.32	  117.02	  212.77	 4102.53	  896.98	 3205.55	  321.56	 7219.99
15:56:47	 7871.33	 7751.02	  120.31	  212.80	 4102.53	  896.98	 3205.55	  321.57	 7216.66
15:56:49	 7871.33	 7751.36	  119.98	  213.07	 4102.53	  896.98	 3205.55	  321.59	 7216.69
15:56:51	 7871.33	 7753.14	  118.20	  213.09	 4102.53	  896.98	 3205.55	  321.61	 7218.43
15:56:53	 7871.33	 7753.72	  117.61	  213.12	 4102.53	  896.98	 3205.55	  321.61	 7218.99
15:56:55	 7871.33	 7752.37	  118.96	  213.38	 4102.53	  896.98	 3205.55	  321.64	 7217.35
15:56:57	 7871.33	 7751.60	  119.73	  213.39	 4102.53	  896.98	 3205.55	  321.77	 7216.43
15:56:59	 7871.33	 7751.97	  119.36	  213.66	 4102.53	  896.98	 3205.55	  321.79	 7216.52
15:57:01	 7871.33	 7752.21	  119.12	  213.68	 4102.53	  896.98	 3205.55	  321.80	 7216.73
15:57:03	 7871.33	 7752.72	  118.61	  213.71	 4102.53	  896.98	 3205.55	  321.81	 7217.20
15:57:05	 7871.33	 7752.72	  118.61	  213.96	 4102.53	  896.98	 3205.55	  321.84	 7216.91
15:57:07	 7871.33	 7752.86	  118.48	  213.98	 4102.53	  896.98	 3205.55	  321.83	 7217.04
15:57:09	 7871.33	 7752.70	  118.63	  214.26	 4102.53	  896.98	 3205.55	  321.87	 7216.57
15:57:11	 7871.33	 7752.58	  118.75	  214.27	 4102.53	  896.98	 3205.55	  321.89	 7216.42
15:57:13	 7871.33	 7754.43	  116.90	  214.30	 4102.53	  896.98	 3205.55	  321.90	 7218.23
15:57:15	 7871.33	 7753.08	  118.25	  214.59	 4102.53	  896.98	 3205.55	  321.91	 7216.57
15:57:17	 7871.33	 7756.70	  114.64	  214.61	 4102.53	  896.98	 3205.55	  321.94	 7220.14
15:57:19	 7871.33	 7753.20	  118.13	  214.89	 4102.53	  896.98	 3205.55	  321.94	 7216.37
15:57:22	 7871.33	 7753.67	  117.66	  214.92	 4102.53	  896.98	 3205.55	  321.97	 7216.78
15:57:24	 7871.33	 7753.68	  117.65	  215.20	 4102.53	  896.98	 3205.55	  321.91	 7216.58
15:57:26	 7871.33	 7754.18	  117.15	  215.22	 4102.53	  896.98	 3205.55	  322.00	 7216.96
15:57:28	 7871.33	 7753.45	  117.89	  215.25	 4102.53	  896.98	 3205.55	  322.02	 7216.17
15:57:30	 7871.33	 7754.26	  117.07	  215.52	 4102.53	  896.98	 3205.55	  322.04	 7216.70
15:57:32	 7871.33	 7754.26	  117.07	  215.54	 4102.53	  896.98	 3205.55	  322.05	 7216.67
15:57:34	 7871.33	 7754.62	  116.71	  215.83	 4102.53	  896.98	 3205.55	  321.98	 7216.81
15:57:36	 7871.33	 7755.87	  115.46	  215.86	 4102.53	  896.98	 3205.55	  322.08	 7217.93
15:57:38	 7871.33	 7754.16	  117.17	  215.88	 4102.53	  896.98	 3205.55	  322.09	 7216.19
15:57:40	 7871.33	 7754.53	  116.80	  216.17	 4102.53	  896.98	 3205.55	  322.12	 7216.23
15:57:42	 7871.33	 7754.99	  116.34	  216.18	 4102.53	  896.98	 3205.55	  322.13	 7216.68
15:57:44	 7871.33	 7755.23	  116.10	  216.44	 4102.53	  896.98	 3205.55	  322.07	 7216.71
15:57:46	 7871.33	 7755.60	  115.73	  216.47	 4102.53	  896.98	 3205.55	  322.16	 7216.97
15:57:48	 7871.33	 7754.91	  116.42	  216.49	 4102.53	  896.98	 3205.55	  322.20	 7216.23
15:57:50	 7871.33	 7758.88	  112.45	  216.75	 4102.53	  896.98	 3205.55	  322.21	 7219.92
15:57:52	 7871.33	 7755.87	  115.46	  216.77	 4102.53	  896.98	 3205.55	  322.21	 7216.89
15:57:54	 7871.33	 7755.96	  115.38	  217.03	 4102.53	  896.98	 3205.55	  322.16	 7216.77
15:57:56	 7871.33	 7756.34	  115.00	  217.05	 4102.53	  896.98	 3205.55	  322.25	 7217.03
15:57:58	 7871.33	 7755.61	  115.72	  217.06	 4102.53	  896.98	 3205.55	  322.26	 7216.29
15:58:00	 7871.33	 7756.09	  115.24	  217.32	 4102.53	  896.98	 3205.55	  322.29	 7216.49
15:58:02	 7871.33	 7756.10	  115.23	  217.33	 4102.53	  896.98	 3205.55	  322.30	 7216.47
15:58:04	 7871.33	 7756.34	  115.00	  217.60	 4102.53	  896.98	 3205.55	  322.32	 7216.41
15:58:06	 7871.33	 7756.70	  114.63	  217.62	 4102.53	  896.98	 3205.55	  322.34	 7216.74
15:58:08	 7871.33	 7756.09	  115.24	  217.64	 4102.53	  896.98	 3205.55	  322.36	 7216.10
15:58:10	 7871.33	 7757.80	  113.53	  217.90	 4102.53	  896.98	 3205.55	  322.38	 7217.53
15:58:12	 7871.33	 7756.94	  114.39	  217.90	 4102.53	  896.98	 3205.55	  322.39	 7216.65
15:58:14	 7871.33	 7757.31	  114.02	  218.18	 4102.53	  896.98	 3205.55	  322.40	 7216.73
15:58:16	 7871.33	 7757.31	  114.02	  218.19	 4102.53	  896.98	 3205.55	  322.43	 7216.69
15:58:18	 7871.33	 7756.81	  114.52	  218.21	 4102.53	  896.98	 3205.55	  322.44	 7216.16
15:58:20	 7871.33	 7757.05	  114.28	  218.49	 4102.53	  896.98	 3205.55	  322.46	 7216.11
15:58:22	 7871.33	 7752.98	  118.35	  204.74	 4102.53	  896.98	 3205.55	  322.27	 7225.98
15:58:24	 7871.33	 7743.96	  127.38	  205.02	 4102.53	  896.98	 3205.55	  322.27	 7216.66
15:58:26	 7871.33	 7744.06	  127.27	  205.04	 4102.53	  896.98	 3205.55	  322.29	 7216.73
15:58:28	 7871.33	 7743.83	  127.50	  205.05	 4102.53	  896.98	 3205.55	  322.30	 7216.48
15:58:30	 7871.33	 7744.16	  127.17	  205.33	 4102.53	  896.98	 3205.55	  322.31	 7216.52
15:58:32	 7871.33	 7744.65	  126.68	  205.33	 4102.53	  896.98	 3205.55	  322.34	 7216.98
15:58:34	 7871.33	 7745.53	  125.80	  205.60	 4102.53	  896.98	 3205.55	  322.35	 7217.58
15:58:36	 7871.33	 7745.15	  126.18	  205.64	 4102.53	  896.98	 3205.55	  322.36	 7217.16
15:58:38	 7871.33	 7744.91	  126.42	  205.65	 4102.53	  896.98	 3205.55	  322.38	 7216.88
15:58:40	 7871.33	 7745.28	  126.05	  205.90	 4102.53	  896.98	 3205.55	  322.40	 7216.98
15:58:42	 7871.33	 7745.49	  125.84	  205.93	 4102.53	  896.98	 3205.55	  322.41	 7217.16
15:58:44	 7871.33	 7749.10	  122.23	  206.20	 4102.53	  896.98	 3205.55	  322.43	 7220.46
15:58:46	 7871.33	 7745.76	  125.57	  206.21	 4102.53	  896.98	 3205.55	  322.45	 7217.10
15:58:48	 7871.33	 7745.03	  126.30	  206.24	 4102.53	  896.98	 3205.55	  322.47	 7216.32
15:58:50	 7871.33	 7745.36	  125.97	  206.54	 4102.53	  896.98	 3205.55	  322.47	 7216.36
15:58:52	 7871.33	 7745.73	  125.61	  206.55	 4102.53	  896.98	 3205.55	  322.49	 7216.68
15:58:54	 7871.33	 7746.11	  125.23	  206.81	 4102.53	  896.98	 3205.55	  322.51	 7216.79
15:58:56	 7871.33	 7746.54	  124.79	  206.82	 4102.53	  896.98	 3205.55	  322.52	 7217.20
15:58:58	 7871.33	 7745.76	  125.57	  206.84	 4102.53	  896.98	 3205.55	  322.54	 7216.38
15:59:00	 7871.33	 7746.14	  125.20	  207.10	 4102.53	  896.98	 3205.55	  322.56	 7216.47
15:59:02	 7871.33	 7746.21	  125.12	  207.12	 4102.53	  896.98	 3205.55	  322.57	 7216.52
15:59:04	 7871.33	 7745.95	  125.38	  207.39	 4102.53	  896.98	 3205.55	  322.58	 7215.98
15:59:06	 7871.33	 7746.57	  124.76	  207.41	 4102.53	  896.98	 3205.55	  322.60	 7216.56
15:59:08	 7871.33	 7747.21	  124.12	  207.43	 4102.53	  896.98	 3205.55	  322.62	 7217.16
15:59:10	 7871.33	 7746.73	  124.61	  207.71	 4102.53	  896.98	 3205.55	  322.64	 7216.38
15:59:12	 7871.33	 7746.85	  124.48	  207.75	 4102.53	  896.98	 3205.55	  322.64	 7216.46
15:59:14	 7871.33	 7747.54	  123.79	  208.01	 4102.53	  896.98	 3205.55	  322.67	 7216.86
15:59:16	 7871.33	 7750.88	  120.46	  208.04	 4102.53	  896.98	 3205.55	  322.69	 7220.14
15:59:18	 7871.33	 7750.53	  120.80	  208.05	 4102.53	  896.98	 3205.55	  322.70	 7219.77
15:59:20	 7871.33	 7747.82	  123.52	  208.31	 4102.53	  896.98	 3205.55	  322.71	 7216.79
15:59:22	 7871.33	 7747.70	  123.63	  208.33	 4102.53	  896.98	 3205.55	  322.72	 7216.65
15:59:24	 7871.33	 7748.43	  122.90	  208.60	 4102.53	  896.98	 3205.55	  322.75	 7217.08
15:59:26	 7871.33	 7748.40	  122.93	  208.62	 4102.53	  896.98	 3205.55	  322.76	 7217.02
15:59:28	 7871.33	 7748.16	  123.18	  208.64	 4102.53	  896.98	 3205.55	  322.79	 7216.73
15:59:30	 7871.33	 7748.54	  122.80	  208.92	 4102.53	  896.98	 3205.55	  322.80	 7216.82
15:59:32	 7871.33	 7748.78	  122.55	  208.96	 4102.53	  896.98	 3205.55	  322.81	 7217.00
15:59:34	 7871.33	 7748.87	  122.46	  209.25	 4102.53	  896.98	 3205.55	  322.82	 7216.80
15:59:36	 7871.33	 7749.23	  122.10	  209.28	 4102.53	  896.98	 3205.55	  322.84	 7217.11
15:59:38	 7871.33	 7748.79	  122.55	  209.29	 4102.53	  896.98	 3205.55	  322.87	 7216.62
15:59:40	 7871.33	 7749.12	  122.21	  209.58	 4102.53	  896.98	 3205.55	  322.86	 7216.68
15:59:42	 7871.33	 7749.38	  121.95	  209.59	 4102.53	  896.98	 3205.55	  322.89	 7216.90
15:59:44	 7871.33	 7749.62	  121.71	  209.87	 4102.53	  896.98	 3205.55	  322.91	 7216.85
15:59:46	 7871.33	 7749.84	  121.50	  209.90	 4102.53	  896.98	 3205.55	  322.91	 7217.02
15:59:48	 7871.33	 7751.37	  119.96	  209.93	 4102.53	  896.98	 3205.55	  322.93	 7218.51
15:59:50	 7871.33	 7749.59	  121.74	  210.19	 4102.53	  896.98	 3205.55	  322.96	 7216.44
15:59:52	 7871.33	 7752.81	  118.52	  210.21	 4102.53	  896.98	 3205.55	  322.98	 7219.61
15:59:54	 7871.33	 7750.48	  120.85	  210.48	 4102.53	  896.98	 3205.55	  322.98	 7217.02
15:59:56	 7871.33	 7750.46	  120.87	  210.51	 4102.53	  896.98	 3205.55	  323.01	 7216.95
15:59:58	 7871.33	 7749.98	  121.35	  210.54	 4102.53	  896.98	 3205.55	  323.04	 7216.41
16:00:00	 7871.33	 7750.53	  120.80	  210.81	 4102.53	  896.98	 3205.55	  323.04	 7216.68
16:00:02	 7871.33	 7750.77	  120.56	  210.84	 4102.53	  896.98	 3205.55	  323.06	 7216.87
16:00:04	 7871.33	 7751.28	  120.05	  211.12	 4102.53	  896.98	 3205.55	  323.08	 7217.08
16:00:07	 7871.33	 7751.05	  120.29	  211.15	 4102.53	  896.98	 3205.55	  323.09	 7216.80
16:00:09	 7871.33	 7750.81	  120.52	  211.43	 4102.53	  896.98	 3205.55	  323.20	 7216.18
16:00:11	 7871.33	 7751.16	  120.17	  211.45	 4102.53	  896.98	 3205.55	  323.13	 7216.57
16:00:13	 7871.33	 7751.39	  119.94	  211.48	 4102.53	  896.98	 3205.55	  323.16	 7216.75
16:00:15	 7871.33	 7751.64	  119.69	  211.78	 4102.53	  896.98	 3205.55	  323.16	 7216.70
16:00:17	 7871.33	 7752.02	  119.31	  211.81	 4102.53	  896.98	 3205.55	  323.18	 7217.03
16:00:19	 7871.33	 7751.53	  119.80	  212.08	 4102.53	  896.98	 3205.55	  323.29	 7216.16
16:00:21	 7871.33	 7754.99	  116.34	  212.10	 4102.53	  896.98	 3205.55	  323.23	 7219.66
16:00:23	 7871.33	 7751.93	  119.41	  212.12	 4102.53	  896.98	 3205.55	  323.23	 7216.57
16:00:25	 7871.33	 7752.49	  118.84	  212.38	 4102.53	  896.98	 3205.55	  323.25	 7216.86
16:00:27	 7871.33	 7754.08	  117.25	  212.41	 4102.53	  896.98	 3205.55	  323.25	 7218.42
16:00:29	 7871.33	 7752.38	  118.95	  212.67	 4102.53	  896.98	 3205.55	  323.38	 7216.33
16:00:31	 7871.33	 7752.62	  118.71	  212.69	 4102.53	  896.98	 3205.55	  323.30	 7216.63
16:00:33	 7871.33	 7752.73	  118.61	  212.70	 4102.53	  896.98	 3205.55	  323.32	 7216.71
16:00:35	 7871.33	 7752.98	  118.36	  212.98	 4102.53	  896.98	 3205.55	  323.32	 7216.68
16:00:37	 7871.33	 7753.22	  118.11	  213.00	 4102.53	  896.98	 3205.55	  323.35	 7216.87
16:00:39	 7871.33	 7753.13	  118.20	  213.27	 4102.53	  896.98	 3205.55	  323.45	 7216.40
16:00:41	 7871.33	 7753.15	  118.18	  213.29	 4102.53	  896.98	 3205.55	  323.38	 7216.48
16:00:43	 7871.33	 7753.37	  117.96	  213.30	 4102.53	  896.98	 3205.55	  323.40	 7216.67
16:00:45	 7871.33	 7753.83	  117.50	  213.57	 4102.53	  896.98	 3205.55	  323.42	 7216.84
16:00:47	 7871.33	 7753.82	  117.51	  213.60	 4102.53	  896.98	 3205.55	  323.44	 7216.79
16:00:49	 7871.33	 7753.95	  117.39	  213.88	 4102.53	  896.98	 3205.55	  323.47	 7216.60
16:00:51	 7871.33	 7753.98	  117.36	  213.89	 4102.53	  896.98	 3205.55	  323.49	 7216.59
16:00:53	 7871.33	 7754.50	  116.83	  213.91	 4102.53	  896.98	 3205.55	  323.50	 7217.09
16:00:55	 7871.33	 7754.67	  116.66	  214.19	 4102.53	  896.98	 3205.55	  323.52	 7216.96
16:00:57	 7871.33	 7754.19	  117.14	  214.21	 4102.53	  896.98	 3205.55	  323.54	 7216.44
16:00:59	 7871.33	 7754.79	  116.55	  214.49	 4102.53	  896.98	 3205.55	  323.55	 7216.74
16:01:01	 7871.33	 7755.85	  115.48	  214.51	 4102.53	  896.98	 3205.55	  323.57	 7217.77
16:01:03	 7871.33	 7757.24	  114.09	  214.52	 4102.53	  896.98	 3205.55	  323.58	 7219.14
16:01:05	 7871.33	 7755.93	  115.40	  214.79	 4102.53	  896.98	 3205.55	  323.60	 7217.54
16:01:07	 7871.33	 7755.07	  116.27	  214.81	 4102.53	  896.98	 3205.55	  323.62	 7216.63
16:01:09	 7871.33	 7755.31	  116.02	  215.08	 4102.53	  896.98	 3205.55	  323.64	 7216.59
16:01:11	 7871.33	 7755.28	  116.05	  215.09	 4102.53	  896.98	 3205.55	  323.64	 7216.54
16:01:13	 7871.33	 7755.66	  115.68	  215.10	 4102.53	  896.98	 3205.55	  323.68	 7216.88
16:01:15	 7871.33	 7756.02	  115.31	  215.37	 4102.53	  896.98	 3205.55	  323.68	 7216.96
16:01:17	 7871.33	 7755.41	  115.92	  215.39	 4102.53	  896.98	 3205.55	  323.70	 7216.33
16:01:19	 7871.33	 7755.64	  115.69	  215.66	 4102.53	  896.98	 3205.55	  323.71	 7216.27
16:01:21	 7871.33	 7755.88	  115.45	  215.67	 4102.53	  896.98	 3205.55	  323.73	 7216.48
16:01:23	 7871.33	 7757.16	  114.17	  215.70	 4102.53	  896.98	 3205.55	  323.76	 7217.71
16:01:25	 7871.33	 7756.93	  114.40	  215.96	 4102.53	  896.98	 3205.55	  323.76	 7217.21
16:01:27	 7871.33	 7756.27	  115.06	  215.97	 4102.53	  896.98	 3205.55	  323.79	 7216.51
16:01:29	 7871.33	 7756.64	  114.69	  216.24	 4102.53	  896.98	 3205.55	  323.80	 7216.59
16:01:31	 7871.33	 7756.72	  114.61	  216.25	 4102.53	  896.98	 3205.55	  323.82	 7216.64
16:01:33	 7871.33	 7756.73	  114.60	  216.28	 4102.53	  896.98	 3205.55	  323.84	 7216.61
16:01:35	 7871.33	 7759.36	  111.97	  216.55	 4102.53	  896.98	 3205.55	  323.86	 7218.95
16:01:37	 7871.33	 7756.86	  114.47	  216.59	 4102.53	  896.98	 3205.55	  323.88	 7216.40
16:01:39	 7871.33	 7757.33	  114.00	  216.84	 4102.53	  896.98	 3205.55	  323.90	 7216.59
16:01:41	 7871.33	 7757.47	  113.86	  216.88	 4102.53	  896.98	 3205.55	  323.89	 7216.70
16:01:43	 7871.33	 7757.71	  113.62	  216.89	 4102.53	  896.98	 3205.55	  323.93	 7216.90
16:01:45	 7871.33	 7757.71	  113.62	  217.15	 4102.53	  896.98	 3205.55	  323.94	 7216.62
16:01:47	 7871.33	 7746.36	  124.98	  206.68	 4102.53	  896.98	 3205.55	  323.44	 7216.24
16:01:49	 7871.33	 7746.84	  124.49	  206.94	 4102.53	  896.98	 3205.55	  323.46	 7216.44
16:01:51	 7871.33	 7746.80	  124.53	  206.97	 4102.53	  896.98	 3205.55	  323.46	 7216.37
16:01:53	 7871.33	 7747.30	  124.03	  207.03	 4102.53	  896.98	 3205.55	  323.48	 7216.79
16:01:55	 7871.33	 7747.79	  123.54	  207.30	 4102.53	  896.98	 3205.55	  323.50	 7216.98
16:01:57	 7871.33	 7754.37	  116.96	  207.34	 4102.53	  896.98	 3205.55	  323.51	 7223.51
16:01:59	 7871.33	 7747.81	  123.52	  207.62	 4102.53	  896.98	 3205.55	  323.54	 7216.65
16:02:01	 7871.33	 7748.65	  122.68	  207.67	 4102.53	  896.98	 3205.55	  323.54	 7217.44
16:02:03	 7871.33	 7748.01	  123.32	  207.73	 4102.53	  896.98	 3205.55	  323.56	 7216.71
16:02:05	 7871.33	 7748.40	  122.93	  208.00	 4102.53	  896.98	 3205.55	  323.57	 7216.82
16:02:07	 7871.33	 7748.16	  123.18	  208.04	 4102.53	  896.98	 3205.55	  323.59	 7216.52
16:02:09	 7871.33	 7748.75	  122.58	  208.34	 4102.53	  896.98	 3205.55	  323.62	 7216.80
16:02:11	 7871.33	 7748.63	  122.70	  208.37	 4102.53	  896.98	 3205.55	  323.64	 7216.62
16:02:13	 7871.33	 7749.00	  122.34	  208.40	 4102.53	  896.98	 3205.55	  323.63	 7216.97
16:02:15	 7871.33	 7749.22	  122.11	  208.69	 4102.53	  896.98	 3205.55	  323.66	 7216.87
16:02:17	 7871.33	 7749.11	  122.22	  208.73	 4102.53	  896.98	 3205.55	  323.67	 7216.70
16:02:19	 7871.33	 7749.25	  122.08	  209.02	 4102.53	  896.98	 3205.55	  323.68	 7216.55
16:02:21	 7871.33	 7749.85	  121.48	  209.04	 4102.53	  896.98	 3205.55	  323.70	 7217.11
16:02:23	 7871.33	 7749.72	  121.61	  209.06	 4102.53	  896.98	 3205.55	  323.72	 7216.94
16:02:25	 7871.33	 7749.22	  122.11	  209.34	 4102.53	  896.98	 3205.55	  323.73	 7216.15
16:02:27	 7871.33	 7748.98	  122.35	  209.38	 4102.53	  896.98	 3205.55	  323.75	 7215.86
16:02:29	 7871.33	 7750.11	  121.22	  209.64	 4102.53	  896.98	 3205.55	  323.77	 7216.70
16:02:31	 7871.33	 7751.28	  120.05	  209.64	 4102.53	  896.98	 3205.55	  323.79	 7217.84
16:02:33	 7871.33	 7750.46	  120.87	  209.66	 4102.53	  896.98	 3205.55	  323.81	 7216.99
16:02:35	 7871.33	 7750.71	  120.62	  209.94	 4102.53	  896.98	 3205.55	  323.82	 7216.95
16:02:38	 7871.33	 7750.22	  121.11	  209.95	 4102.53	  896.98	 3205.55	  323.84	 7216.43
16:02:40	 7871.33	 7753.30	  118.04	  210.20	 4102.53	  896.98	 3205.55	  323.86	 7219.23
16:02:42	 7871.33	 7750.80	  120.54	  210.23	 4102.53	  896.98	 3205.55	  323.86	 7216.70
16:02:44	 7871.33	 7750.93	  120.40	  210.51	 4102.53	  896.98	 3205.55	  323.80	 7216.62
16:02:46	 7871.33	 7751.33	  120.00	  210.54	 4102.53	  896.98	 3205.55	  323.89	 7216.89
16:02:48	 7871.33	 7751.82	  119.51	  210.57	 4102.53	  896.98	 3205.55	  324.24	 7217.02
16:02:50	 7871.33	 7751.65	  119.68	  210.83	 4102.53	  896.98	 3205.55	  324.30	 7216.52
16:02:52	 7871.33	 7752.03	  119.30	  210.85	 4102.53	  896.98	 3205.55	  324.32	 7216.86
16:02:54	 7871.33	 7753.98	  117.35	  211.12	 4102.53	  896.98	 3205.55	  324.25	 7218.61
16:02:56	 7871.33	 7752.52	  118.82	  211.14	 4102.53	  896.98	 3205.55	  324.34	 7217.04
16:02:58	 7871.33	 7751.93	  119.41	  211.16	 4102.53	  896.98	 3205.55	  324.35	 7216.42
16:03:00	 7871.33	 7752.49	  118.84	  211.43	 4102.53	  896.98	 3205.55	  324.36	 7216.70
16:03:02	 7871.33	 7752.88	  118.45	  211.45	 4102.53	  896.98	 3205.55	  324.38	 7217.05
16:03:04	 7871.33	 7752.83	  118.50	  211.71	 4102.53	  896.98	 3205.55	  324.32	 7216.80
16:03:06	 7871.33	 7753.36	  117.98	  211.72	 4102.53	  896.98	 3205.55	  324.41	 7217.23
16:03:08	 7871.33	 7752.51	  118.82	  211.74	 4102.53	  896.98	 3205.55	  324.43	 7216.33
16:03:10	 7871.33	 7753.11	  118.22	  212.00	 4102.53	  896.98	 3205.55	  324.46	 7216.65
16:03:12	 7871.33	 7755.09	  116.24	  212.02	 4102.53	  896.98	 3205.55	  324.46	 7218.61
16:03:14	 7871.33	 7753.45	  117.89	  212.28	 4102.53	  896.98	 3205.55	  324.42	 7216.75
16:03:16	 7871.33	 7753.81	  117.52	  212.30	 4102.53	  896.98	 3205.55	  324.52	 7216.98
16:03:18	 7871.33	 7753.11	  118.22	  212.33	 4102.53	  896.98	 3205.55	  324.54	 7216.24
16:03:20	 7871.33	 7753.85	  117.48	  212.61	 4102.53	  896.98	 3205.55	  324.55	 7216.68
16:03:22	 7871.33	 7753.85	  117.48	  212.63	 4102.53	  896.98	 3205.55	  324.57	 7216.64
16:03:24	 7871.33	 7754.42	  116.91	  212.93	 4102.53	  896.98	 3205.55	  324.59	 7216.91
16:03:26	 7871.33	 7754.54	  116.79	  212.96	 4102.53	  896.98	 3205.55	  324.59	 7216.99
16:03:28	 7871.33	 7754.20	  117.13	  213.02	 4102.53	  896.98	 3205.55	  324.61	 7216.57
16:03:30	 7871.33	 7754.20	  117.14	  213.30	 4102.53	  896.98	 3205.55	  324.64	 7216.26
16:03:32	 7871.33	 7754.32	  117.02	  213.31	 4102.53	  896.98	 3205.55	  324.65	 7216.36
16:03:34	 7871.33	 7754.67	  116.66	  213.59	 4102.53	  896.98	 3205.55	  324.66	 7216.42
16:03:36	 7871.33	 7754.91	  116.43	  213.60	 4102.53	  896.98	 3205.55	  324.67	 7216.64
16:03:38	 7871.33	 7754.29	  117.04	  213.63	 4102.53	  896.98	 3205.55	  324.68	 7215.98
16:03:40	 7871.33	 7758.03	  113.30	  213.91	 4102.53	  896.98	 3205.55	  324.71	 7219.41
16:03:42	 7871.33	 7755.17	  116.16	  213.95	 4102.53	  896.98	 3205.55	  324.72	 7216.50
16:03:44	 7871.33	 7758.88	  112.45	  214.23	 4102.53	  896.98	 3205.55	  324.73	 7219.92
16:03:46	 7871.33	 7756.02	  115.31	  214.28	 4102.53	  896.98	 3205.55	  324.76	 7216.98
16:03:48	 7871.33	 7755.14	  116.19	  214.31	 4102.53	  896.98	 3205.55	  324.77	 7216.05
16:03:50	 7871.33	 7755.50	  115.83	  214.61	 4102.53	  896.98	 3205.55	  324.79	 7216.11
16:03:52	 7871.33	 7756.14	  115.19	  214.63	 4102.53	  896.98	 3205.55	  324.80	 7216.70
16:03:54	 7871.33	 7756.62	  114.71	  214.91	 4102.53	  896.98	 3205.55	  324.82	 7216.89
16:03:56	 7871.33	 7747.18	  124.15	  205.84	 4102.53	  896.98	 3205.55	  324.70	 7216.64
16:03:58	 7871.33	 7746.70	  124.64	  205.86	 4102.53	  896.98	 3205.55	  324.72	 7216.11
16:04:00	 7871.33	 7747.27	  124.06	  206.14	 4102.53	  896.98	 3205.55	  324.73	 7216.41
16:04:02	 7871.33	 7747.39	  123.94	  206.16	 4102.53	  896.98	 3205.55	  324.74	 7216.49
16:04:04	 7871.33	 7747.91	  123.43	  206.42	 4102.53	  896.98	 3205.55	  324.76	 7216.72
16:04:06	 7871.33	 7748.39	  122.94	  206.46	 4102.53	  896.98	 3205.55	  324.77	 7217.16
16:04:08	 7871.33	 7748.13	  123.20	  206.47	 4102.53	  896.98	 3205.55	  324.79	 7216.87
16:04:10	 7871.33	 7748.62	  122.71	  206.74	 4102.53	  896.98	 3205.55	  324.79	 7217.08
16:04:12	 7871.33	 7748.72	  122.61	  206.77	 4102.53	  896.98	 3205.55	  324.82	 7217.13
16:04:14	 7871.33	 7750.10	  121.23	  207.04	 4102.53	  896.98	 3205.55	  324.84	 7218.22
16:04:16	 7871.33	 7752.73	  118.60	  207.07	 4102.53	  896.98	 3205.55	  324.85	 7220.81
16:04:18	 7871.33	 7748.76	  122.57	  207.09	 4102.53	  896.98	 3205.55	  324.88	 7216.80
16:04:20	 7871.33	 7748.85	  122.48	  207.35	 4102.53	  896.98	 3205.55	  324.88	 7216.62
16:04:22	 7871.33	 7749.34	  122.00	  207.39	 4102.53	  896.98	 3205.55	  324.91	 7217.03
16:04:24	 7871.33	 7749.70	  121.63	  207.65	 4102.53	  896.98	 3205.55	  324.93	 7217.12
16:04:26	 7871.33	 7750.01	  121.32	  207.66	 4102.53	  896.98	 3205.55	  324.95	 7217.41
16:04:28	 7871.33	 7748.90	  122.43	  207.69	 4102.53	  896.98	 3205.55	  324.96	 7216.25
16:04:30	 7871.33	 7749.71	  121.62	  207.95	 4102.53	  896.98	 3205.55	  324.98	 7216.79
16:04:32	 7871.33	 7750.06	  121.27	  207.96	 4102.53	  896.98	 3205.55	  324.99	 7217.11
16:04:34	 7871.33	 7750.43	  120.91	  208.24	 4102.53	  896.98	 3205.55	  325.02	 7217.16
16:04:36	 7871.33	 7750.43	  120.91	  208.25	 4102.53	  896.98	 3205.55	  325.03	 7217.14
16:04:38	 7871.33	 7750.23	  121.10	  208.26	 4102.53	  896.98	 3205.55	  325.05	 7216.92
16:04:40	 7871.33	 7750.58	  120.75	  208.53	 4102.53	  896.98	 3205.55	  325.07	 7216.98
16:04:42	 7871.33	 7750.94	  120.39	  208.55	 4102.53	  896.98	 3205.55	  325.08	 7217.31
16:04:44	 7871.33	 7751.04	  120.29	  208.83	 4102.53	  896.98	 3205.55	  325.09	 7217.11
16:04:46	 7871.33	 7751.28	  120.05	  208.84	 4102.53	  896.98	 3205.55	  325.11	 7217.34
16:04:48	 7871.33	 7753.14	  118.19	  208.85	 4102.53	  896.98	 3205.55	  325.12	 7219.17
16:04:50	 7871.33	 7751.06	  120.27	  209.11	 4102.53	  896.98	 3205.55	  325.16	 7216.79
16:04:52	 7871.33	 7751.18	  120.15	  209.14	 4102.53	  896.98	 3205.55	  325.17	 7216.88
16:04:54	 7871.33	 7751.57	  119.76	  209.42	 4102.53	  896.98	 3205.55	  325.18	 7216.97
16:04:56	 7871.33	 7751.89	  119.45	  209.43	 4102.53	  896.98	 3205.55	  325.19	 7217.27
16:04:58	 7871.33	 7751.28	  120.05	  209.46	 4102.53	  896.98	 3205.55	  325.21	 7216.62
16:05:00	 7871.33	 7755.14	  116.20	  209.73	 4102.53	  896.98	 3205.55	  325.22	 7220.18
16:05:02	 7871.33	 7752.03	  119.30	  209.76	 4102.53	  896.98	 3205.55	  325.24	 7217.04
16:05:04	 7871.33	 7752.53	  118.80	  210.05	 4102.53	  896.98	 3205.55	  325.25	 7217.23
16:05:06	 7871.33	 7752.65	  118.68	  210.08	 4102.53	  896.98	 3205.55	  325.27	 7217.30
16:05:08	 7871.33	 7752.15	  119.18	  210.12	 4102.53	  896.98	 3205.55	  325.27	 7216.75
16:05:10	 7871.33	 7752.14	  119.19	  210.40	 4102.53	  896.98	 3205.55	  325.30	 7216.45
16:05:12	 7871.33	 7752.53	  118.80	  210.44	 4102.53	  896.98	 3205.55	  325.32	 7216.78
16:05:14	 7871.33	 7752.64	  118.70	  210.72	 4102.53	  896.98	 3205.55	  325.32	 7216.60
16:05:16	 7871.33	 7752.52	  118.81	  210.76	 4102.53	  896.98	 3205.55	  325.35	 7216.42
16:05:19	 7871.33	 7752.17	  119.16	  211.02	 4102.53	  896.98	 3205.55	  325.29	 7215.85
16:05:21	 7871.33	 7756.23	  115.11	  211.05	 4102.53	  896.98	 3205.55	  325.37	 7219.81
16:05:23	 7871.33	 7754.33	  117.00	  211.09	 4102.53	  896.98	 3205.55	  325.39	 7217.86
16:05:25	 7871.33	 7753.36	  117.97	  211.36	 4102.53	  896.98	 3205.55	  325.42	 7216.59
16:05:27	 7871.33	 7753.73	  117.61	  211.39	 4102.53	  896.98	 3205.55	  325.43	 7216.90
16:05:29	 7871.33	 7753.21	  118.12	  211.65	 4102.53	  896.98	 3205.55	  325.37	 7216.19
16:05:31	 7871.33	 7753.33	  118.00	  211.69	 4102.53	  896.98	 3205.55	  325.47	 7216.18
16:05:33	 7871.33	 7753.57	  117.76	  211.71	 4102.53	  896.98	 3205.55	  325.49	 7216.38
16:05:35	 7871.33	 7754.35	  116.98	  211.99	 4102.53	  896.98	 3205.55	  325.49	 7216.87
16:05:37	 7871.33	 7754.20	  117.13	  212.03	 4102.53	  896.98	 3205.55	  325.49	 7216.68
16:05:39	 7871.33	 7754.20	  117.13	  212.30	 4102.53	  896.98	 3205.55	  325.45	 7216.46
16:05:41	 7871.33	 7754.29	  117.04	  212.34	 4102.53	  896.98	 3205.55	  325.53	 7216.43
16:05:43	 7871.33	 7754.78	  116.55	  212.37	 4102.53	  896.98	 3205.55	  325.56	 7216.85
16:05:45	 7871.33	 7754.90	  116.43	  212.62	 4102.53	  896.98	 3205.55	  325.58	 7216.70
16:05:47	 7871.33	 7755.07	  116.27	  212.65	 4102.53	  896.98	 3205.55	  325.58	 7216.84
16:05:49	 7871.33	 7753.93	  117.40	  212.95	 4102.53	  896.98	 3205.55	  325.52	 7215.46
16:05:51	 7871.33	 7754.91	  116.42	  212.97	 4102.53	  896.98	 3205.55	  325.62	 7216.33
16:05:53	 7871.33	 7759.09	  112.24	  213.02	 4102.53	  896.98	 3205.55	  325.60	 7220.48
16:05:55	 7871.33	 7755.75	  115.59	  213.29	 4102.53	  896.98	 3205.55	  325.66	 7216.80
16:05:57	 7871.33	 7756.13	  115.20	  213.32	 4102.53	  896.98	 3205.55	  325.67	 7217.14
16:05:59	 7871.33	 7755.66	  115.68	  213.62	 4102.53	  896.98	 3205.55	  325.69	 7216.34
16:06:01	 7871.33	 7755.54	  115.80	  213.64	 4102.53	  896.98	 3205.55	  325.71	 7216.19
16:06:03	 7871.33	 7755.90	  115.43	  213.66	 4102.53	  896.98	 3205.55	  325.73	 7216.52
16:06:05	 7871.33	 7756.23	  115.10	  213.96	 4102.53	  896.98	 3205.55	  325.74	 7216.53
16:06:07	 7871.33	 7756.59	  114.74	  213.98	 4102.53	  896.98	 3205.55	  325.75	 7216.86
16:06:09	 7871.33	 7757.86	  113.47	  214.25	 4102.53	  896.98	 3205.55	  325.79	 7217.82
16:06:11	 7871.33	 7756.74	  114.59	  214.30	 4102.53	  896.98	 3205.55	  325.80	 7216.64
16:06:13	 7871.33	 7756.99	  114.34	  214.30	 4102.53	  896.98	 3205.55	  325.81	 7216.88
16:06:15	 7871.33	 7757.23	  114.10	  214.57	 4102.53	  896.98	 3205.55	  325.83	 7216.83
16:06:17	 7871.33	 7757.09	  114.24	  214.61	 4102.53	  896.98	 3205.55	  325.84	 7216.64
16:06:19	 7871.33	 7757.33	  114.00	  214.89	 4102.53	  896.98	 3205.55	  325.85	 7216.59
16:06:21	 7871.33	 7757.59	  113.74	  214.94	 4102.53	  896.98	 3205.55	  325.88	 7216.78
16:06:23	 7871.33	 7757.46	  113.87	  214.96	 4102.53	  896.98	 3205.55	  325.89	 7216.61
16:06:25	 7871.33	 7748.55	  122.78	  205.84	 4102.53	  896.98	 3205.55	  325.79	 7216.91
16:06:27	 7871.33	 7748.00	  123.33	  205.86	 4102.53	  896.98	 3205.55	  325.80	 7216.34
16:06:29	 7871.33	 7748.37	  122.96	  206.16	 4102.53	  896.98	 3205.55	  325.82	 7216.39
16:06:31	 7871.33	 7748.61	  122.72	  206.19	 4102.53	  896.98	 3205.55	  325.84	 7216.58
16:06:33	 7871.33	 7748.98	  122.35	  206.21	 4102.53	  896.98	 3205.55	  325.85	 7216.92
16:06:35	 7871.33	 7751.36	  119.97	  206.47	 4102.53	  896.98	 3205.55	  325.86	 7219.03
16:06:37	 7871.33	 7748.97	  122.36	  206.49	 4102.53	  896.98	 3205.55	  325.88	 7216.61
16:06:39	 7871.33	 7749.21	  122.12	  206.75	 4102.53	  896.98	 3205.55	  325.90	 7216.56
16:06:41	 7871.33	 7749.46	  121.87	  206.79	 4102.53	  896.98	 3205.55	  325.91	 7216.77
16:06:43	 7871.33	 7749.71	  121.62	  206.83	 4102.53	  896.98	 3205.55	  325.93	 7216.96
16:06:45	 7871.33	 7749.96	  121.38	  207.10	 4102.53	  896.98	 3205.55	  325.95	 7216.91
16:06:47	 7871.33	 7749.59	  121.74	  207.12	 4102.53	  896.98	 3205.55	  325.97	 7216.50
16:06:49	 7871.33	 7751.30	  120.04	  207.39	 4102.53	  896.98	 3205.55	  325.98	 7217.93
16:06:51	 7871.33	 7750.05	  121.28	  207.42	 4102.53	  896.98	 3205.55	  326.00	 7216.64
16:06:53	 7871.33	 7750.18	  121.16	  207.44	 4102.53	  896.98	 3205.55	  326.02	 7216.71
16:06:55	 7871.33	 7750.54	  120.79	  207.73	 4102.53	  896.98	 3205.55	  326.04	 7216.77
16:06:57	 7871.33	 7750.22	  121.11	  207.77	 4102.53	  896.98	 3205.55	  326.06	 7216.40
16:06:59	 7871.33	 7750.55	  120.78	  208.02	 4102.53	  896.98	 3205.55	  326.07	 7216.46
16:07:01	 7871.33	 7750.78	  120.55	  208.05	 4102.53	  896.98	 3205.55	  326.08	 7216.65
16:07:03	 7871.33	 7750.90	  120.43	  208.08	 4102.53	  896.98	 3205.55	  326.11	 7216.72
16:07:05	 7871.33	 7752.75	  118.58	  208.34	 4102.53	  896.98	 3205.55	  326.12	 7218.29
16:07:07	 7871.33	 7754.18	  117.15	  208.36	 4102.53	  896.98	 3205.55	  326.13	 7219.69
16:07:09	 7871.33	 7752.42	  118.91	  208.62	 4102.53	  896.98	 3205.55	  326.16	 7217.64
16:07:11	 7871.33	 7751.57	  119.76	  208.62	 4102.53	  896.98	 3205.55	  326.16	 7216.78
16:07:13	 7871.33	 7751.39	  119.95	  208.66	 4102.53	  896.98	 3205.55	  326.19	 7216.54
16:07:15	 7871.33	 7751.99	  119.34	  208.93	 4102.53	  896.98	 3205.55	  326.21	 7216.86
16:07:17	 7871.33	 7751.39	  119.95	  208.98	 4102.53	  896.98	 3205.55	  326.21	 7216.19
16:07:19	 7871.33	 7753.12	  118.21	  209.27	 4102.53	  896.98	 3205.55	  326.23	 7217.62
16:07:21	 7871.33	 7752.39	  118.95	  209.29	 4102.53	  896.98	 3205.55	  326.25	 7216.85
16:07:23	 7871.33	 7752.28	  119.05	  209.32	 4102.53	  896.98	 3205.55	  326.26	 7216.70
16:07:25	 7871.33	 7752.96	  118.37	  209.58	 4102.53	  896.98	 3205.55	  326.29	 7217.09
16:07:27	 7871.33	 7752.11	  119.22	  209.59	 4102.53	  896.98	 3205.55	  326.30	 7216.23
16:07:29	 7871.33	 7752.97	  118.36	  209.90	 4102.53	  896.98	 3205.55	  326.31	 7216.76
16:07:31	 7871.33	 7755.70	  115.64	  209.94	 4102.53	  896.98	 3205.55	  326.34	 7219.42
16:07:33	 7871.33	 7752.97	  118.36	  209.97	 4102.53	  896.98	 3205.55	  326.34	 7216.65
16:07:35	 7871.33	 7753.22	  118.11	  210.26	 4102.53	  896.98	 3205.55	  326.38	 7216.59
16:07:37	 7871.33	 7752.84	  118.49	  210.28	 4102.53	  896.98	 3205.55	  326.39	 7216.17
16:07:39	 7871.33	 7755.10	  116.23	  210.57	 4102.53	  896.98	 3205.55	  326.38	 7218.14
16:07:41	 7871.33	 7753.45	  117.88	  210.62	 4102.53	  896.98	 3205.55	  326.40	 7216.43
16:07:43	 7871.33	 7756.19	  115.14	  210.65	 4102.53	  896.98	 3205.55	  326.44	 7219.10
16:07:45	 7871.33	 7754.09	  117.24	  210.93	 4102.53	  896.98	 3205.55	  326.45	 7216.71
16:07:47	 7871.33	 7753.59	  117.74	  210.95	 4102.53	  896.98	 3205.55	  326.47	 7216.16
16:07:49	 7871.33	 7753.92	  117.41	  211.22	 4102.53	  896.98	 3205.55	  326.46	 7216.24
16:07:51	 7871.33	 7754.66	  116.67	  211.23	 4102.53	  896.98	 3205.55	  326.50	 7216.93
16:07:53	 7871.33	 7754.65	  116.68	  211.24	 4102.53	  896.98	 3205.55	  326.51	 7216.89
16:07:56	 7871.33	 7755.41	  115.92	  211.52	 4102.53	  896.98	 3205.55	  326.52	 7217.38
16:07:58	 7871.33	 7754.91	  116.43	  211.53	 4102.53	  896.98	 3205.55	  326.54	 7216.84
16:08:00	 7871.33	 7755.39	  115.94	  211.81	 4102.53	  896.98	 3205.55	  326.55	 7217.03
16:08:02	 7871.33	 7755.66	  115.67	  211.82	 4102.53	  896.98	 3205.55	  326.57	 7217.27
16:08:04	 7871.33	 7755.98	  115.35	  212.09	 4102.53	  896.98	 3205.55	  326.51	 7217.38
16:08:06	 7871.33	 7755.62	  115.71	  212.12	 4102.53	  896.98	 3205.55	  326.59	 7216.91
16:08:08	 7871.33	 7755.15	  116.18	  212.16	 4102.53	  896.98	 3205.55	  326.61	 7216.38
16:08:10	 7871.33	 7755.63	  115.70	  212.44	 4102.53	  896.98	 3205.55	  326.62	 7216.57
16:08:12	 7871.33	 7757.38	  113.95	  212.46	 4102.53	  896.98	 3205.55	  326.64	 7218.27
16:08:14	 7871.33	 7756.34	  114.99	  212.76	 4102.53	  896.98	 3205.55	  326.57	 7217.01
16:08:16	 7871.33	 7756.34	  114.99	  212.80	 4102.53	  896.98	 3205.55	  326.66	 7216.89
16:08:18	 7871.33	 7755.79	  115.54	  212.83	 4102.53	  896.98	 3205.55	  326.69	 7216.27
16:08:20	 7871.33	 7756.28	  115.05	  213.10	 4102.53	  896.98	 3205.55	  326.70	 7216.47
16:08:22	 7871.33	 7756.75	  114.58	  213.13	 4102.53	  896.98	 3205.55	  326.72	 7216.90
16:08:24	 7871.33	 7746.95	  124.39	  203.57	 4102.53	  896.98	 3205.55	  326.59	 7216.79
16:08:26	 7871.33	 7747.04	  124.30	  203.62	 4102.53	  896.98	 3205.55	  326.58	 7216.84
16:08:28	 7871.33	 7746.56	  124.77	  203.65	 4102.53	  896.98	 3205.55	  326.61	 7216.30
16:08:30	 7871.33	 7748.15	  123.18	  203.93	 4102.53	  896.98	 3205.55	  326.62	 7217.59
16:08:32	 7871.33	 7747.29	  124.04	  203.95	 4102.53	  896.98	 3205.55	  326.63	 7216.71
16:08:34	 7871.33	 7747.92	  123.41	  204.25	 4102.53	  896.98	 3205.55	  326.55	 7217.12
16:08:36	 7871.33	 7748.01	  123.32	  204.26	 4102.53	  896.98	 3205.55	  326.68	 7217.07
16:08:38	 7871.33	 7738.66	  132.67	  204.35	 4102.53	  896.98	 3205.55	  317.99	 7216.33
16:08:40	 7871.33	 7738.91	  132.43	  204.63	 4102.53	  896.98	 3205.55	  318.00	 7216.27
16:08:42	 7871.33	 7742.88	  128.45	  204.68	 4102.53	  896.98	 3205.55	  318.01	 7220.20
16:08:44	 7871.33	 7741.56	  129.77	  204.95	 4102.53	  896.98	 3205.55	  318.04	 7218.58
16:08:46	 7871.33	 7740.03	  131.30	  204.95	 4102.53	  896.98	 3205.55	  318.04	 7217.04
16:08:48	 7871.33	 7739.54	  131.79	  204.98	 4102.53	  896.98	 3205.55	  318.07	 7216.50
16:08:50	 7871.33	 7740.00	  131.34	  205.26	 4102.53	  896.98	 3205.55	  318.08	 7216.66
16:08:52	 7871.33	 7740.12	  131.21	  205.29	 4102.53	  896.98	 3205.55	  318.09	 7216.74
16:08:54	 7871.33	 7740.75	  130.58	  205.54	 4102.53	  896.98	 3205.55	  318.11	 7217.10
16:08:56	 7871.33	 7740.75	  130.58	  205.55	 4102.53	  896.98	 3205.55	  318.13	 7217.07
16:08:58	 7871.33	 7740.03	  131.30	  205.55	 4102.53	  896.98	 3205.55	  318.14	 7216.33
16:09:00	 7871.33	 7740.72	  130.61	  205.82	 4102.53	  896.98	 3205.55	  318.16	 7216.75
16:09:02	 7871.33	 7740.72	  130.61	  205.84	 4102.53	  896.98	 3205.55	  318.17	 7216.71
16:09:04	 7871.33	 7741.21	  130.12	  206.12	 4102.53	  896.98	 3205.55	  318.20	 7216.89
16:09:06	 7871.33	 7741.00	  130.34	  206.14	 4102.53	  896.98	 3205.55	  318.21	 7216.64
16:09:08	 7871.33	 7740.39	  130.94	  206.17	 4102.53	  896.98	 3205.55	  318.21	 7216.01
16:09:10	 7871.33	 7740.64	  130.69	  206.43	 4102.53	  896.98	 3205.55	  318.24	 7215.97
16:09:12	 7871.33	 7741.47	  129.86	  206.44	 4102.53	  896.98	 3205.55	  318.25	 7216.78
16:09:14	 7871.33	 7741.94	  129.39	  206.71	 4102.53	  896.98	 3205.55	  318.26	 7216.97
16:09:16	 7871.33	 7744.71	  126.62	  206.73	 4102.53	  896.98	 3205.55	  318.28	 7219.70
16:09:18	 7871.33	 7741.61	  129.72	  206.77	 4102.53	  896.98	 3205.55	  318.29	 7216.55
16:09:20	 7871.33	 7741.97	  129.36	  207.04	 4102.53	  896.98	 3205.55	  318.32	 7216.62
16:09:22	 7871.33	 7741.75	  129.58	  207.07	 4102.53	  896.98	 3205.55	  318.32	 7216.37
16:09:24	 7871.33	 7742.55	  128.79	  207.34	 4102.53	  896.98	 3205.55	  318.34	 7216.87
16:09:26	 7871.33	 7742.55	  128.79	  207.36	 4102.53	  896.98	 3205.55	  318.35	 7216.84
16:09:28	 7871.33	 7743.80	  127.53	  207.37	 4102.53	  896.98	 3205.55	  318.37	 7218.07
16:09:30	 7871.33	 7743.19	  128.14	  207.63	 4102.53	  896.98	 3205.55	  318.39	 7217.17
16:09:32	 7871.33	 7743.19	  128.14	  207.65	 4102.53	  896.98	 3205.55	  318.40	 7217.14
16:09:34	 7871.33	 7743.19	  128.14	  207.91	 4102.53	  896.98	 3205.55	  318.43	 7216.85
16:09:36	 7871.33	 7743.53	  127.80	  207.94	 4102.53	  896.98	 3205.55	  318.45	 7217.14
16:09:38	 7871.33	 7743.16	  128.17	  207.96	 4102.53	  896.98	 3205.55	  318.46	 7216.74
16:09:40	 7871.33	 7743.66	  127.67	  208.24	 4102.53	  896.98	 3205.55	  318.48	 7216.94
16:09:42	 7871.33	 7743.54	  127.79	  208.28	 4102.53	  896.98	 3205.55	  318.48	 7216.77
16:09:44	 7871.33	 7744.04	  127.29	  208.55	 4102.53	  896.98	 3205.55	  318.51	 7216.98
16:09:46	 7871.33	 7744.03	  127.30	  208.60	 4102.53	  896.98	 3205.55	  318.50	 7216.93
16:09:48	 7871.33	 7746.97	  124.36	  208.64	 4102.53	  896.98	 3205.55	  318.55	 7219.79
16:09:50	 7871.33	 7744.02	  127.31	  208.91	 4102.53	  896.98	 3205.55	  318.54	 7216.57
16:09:52	 7871.33	 7744.25	  127.08	  208.94	 4102.53	  896.98	 3205.55	  318.57	 7216.74
16:09:54	 7871.33	 7744.74	  126.59	  209.23	 4102.53	  896.98	 3205.55	  318.59	 7216.93
16:09:56	 7871.33	 7744.70	  126.63	  209.27	 4102.53	  896.98	 3205.55	  318.59	 7216.84
16:09:58	 7871.33	 7744.26	  127.07	  209.29	 4102.53	  896.98	 3205.55	  318.62	 7216.35
16:10:00	 7871.33	 7744.60	  126.73	  209.57	 4102.53	  896.98	 3205.55	  318.62	 7216.40
16:10:02	 7871.33	 7746.08	  125.25	  209.60	 4102.53	  896.98	 3205.55	  318.65	 7217.83
16:10:04	 7871.33	 7745.33	  126.00	  209.89	 4102.53	  896.98	 3205.55	  318.68	 7216.76
16:10:06	 7871.33	 7745.45	  125.89	  209.93	 4102.53	  896.98	 3205.55	  318.68	 7216.84
16:10:08	 7871.33	 7745.45	  125.89	  209.95	 4102.53	  896.98	 3205.55	  318.70	 7216.80
16:10:10	 7871.33	 7746.17	  125.16	  210.25	 4102.53	  896.98	 3205.55	  318.72	 7217.21
16:10:12	 7871.33	 7746.16	  125.18	  210.27	 4102.53	  896.98	 3205.55	  318.73	 7217.16
16:10:14	 7871.33	 7746.55	  124.78	  210.53	 4102.53	  896.98	 3205.55	  318.75	 7217.27
16:10:16	 7871.33	 7746.54	  124.80	  210.56	 4102.53	  896.98	 3205.55	  318.77	 7217.21
16:10:18	 7871.33	 7746.29	  125.04	  210.57	 4102.53	  896.98	 3205.55	  318.79	 7216.93
16:10:20	 7871.33	 7750.48	  120.85	  210.83	 4102.53	  896.98	 3205.55	  318.80	 7220.85
16:10:22	 7871.33	 7746.88	  124.45	  210.88	 4102.53	  896.98	 3205.55	  318.81	 7217.20
16:10:24	 7871.33	 7747.12	  124.21	  211.15	 4102.53	  896.98	 3205.55	  318.84	 7217.13
16:10:26	 7871.33	 7747.40	  123.93	  211.18	 4102.53	  896.98	 3205.55	  318.86	 7217.36
16:10:28	 7871.33	 7747.16	  124.18	  211.20	 4102.53	  896.98	 3205.55	  318.87	 7217.09
16:10:30	 7871.33	 7747.40	  123.93	  211.45	 4102.53	  896.98	 3205.55	  318.89	 7217.06
16:10:32	 7871.33	 7747.14	  124.19	  211.46	 4102.53	  896.98	 3205.55	  318.90	 7216.77
16:10:34	 7871.33	 7748.09	  123.24	  211.75	 4102.53	  896.98	 3205.55	  318.92	 7217.43
16:10:37	 7871.33	 7748.12	  123.21	  211.77	 4102.53	  896.98	 3205.55	  318.92	 7217.43
16:10:39	 7871.33	 7748.13	  123.20	  212.04	 4102.53	  896.98	 3205.55	  318.86	 7217.23
16:10:41	 7871.33	 7748.14	  123.19	  212.07	 4102.53	  896.98	 3205.55	  318.97	 7217.10
16:10:43	 7871.33	 7748.38	  122.95	  212.07	 4102.53	  896.98	 3205.55	  318.98	 7217.33
16:10:45	 7871.33	 7748.72	  122.61	  212.35	 4102.53	  896.98	 3205.55	  319.00	 7217.37
16:10:47	 7871.33	 7748.60	  122.73	  212.36	 4102.53	  896.98	 3205.55	  319.02	 7217.23
16:10:49	 7871.33	 7749.97	  121.36	  212.63	 4102.53	  896.98	 3205.55	  318.94	 7218.40
16:10:51	 7871.33	 7748.62	  122.71	  212.64	 4102.53	  896.98	 3205.55	  319.04	 7216.93
16:10:53	 7871.33	 7751.96	  119.38	  212.65	 4102.53	  896.98	 3205.55	  319.06	 7220.24
16:10:55	 7871.33	 7749.22	  122.11	  212.93	 4102.53	  896.98	 3205.55	  319.08	 7217.21
16:10:57	 7871.33	 7749.43	  121.91	  212.95	 4102.53	  896.98	 3205.55	  319.09	 7217.38
16:10:59	 7871.33	 7749.43	  121.91	  213.22	 4102.53	  896.98	 3205.55	  319.03	 7217.18
16:11:01	 7871.33	 7749.68	  121.65	  213.25	 4102.53	  896.98	 3205.55	  319.12	 7217.31
16:11:03	 7871.33	 7749.68	  121.65	  213.27	 4102.53	  896.98	 3205.55	  319.14	 7217.27
16:11:05	 7871.33	 7750.29	  121.04	  213.53	 4102.53	  896.98	 3205.55	  319.14	 7217.62
16:11:07	 7871.33	 7750.29	  121.04	  213.54	 4102.53	  896.98	 3205.55	  319.17	 7217.58
16:11:09	 7871.33	 7749.67	  121.66	  213.80	 4102.53	  896.98	 3205.55	  319.11	 7216.75
16:11:11	 7871.33	 7749.79	  121.54	  213.82	 4102.53	  896.98	 3205.55	  319.20	 7216.77
16:11:13	 7871.33	 7750.06	  121.27	  213.83	 4102.53	  896.98	 3205.55	  319.23	 7217.00
16:11:15	 7871.33	 7750.79	  120.54	  214.09	 4102.53	  896.98	 3205.55	  319.25	 7217.45
16:11:17	 7871.33	 7750.67	  120.66	  214.12	 4102.53	  896.98	 3205.55	  319.27	 7217.29
16:11:19	 7871.33	 7750.52	  120.82	  214.39	 4102.53	  896.98	 3205.55	  319.27	 7216.85
16:11:21	 7871.33	 7750.39	  120.94	  214.43	 4102.53	  896.98	 3205.55	  319.29	 7216.68
16:11:23	 7871.33	 7751.14	  120.20	  214.45	 4102.53	  896.98	 3205.55	  319.31	 7217.37
16:11:25	 7871.33	 7753.18	  118.15	  214.73	 4102.53	  896.98	 3205.55	  319.34	 7219.12
16:11:27	 7871.33	 7751.54	  119.80	  214.75	 4102.53	  896.98	 3205.55	  319.34	 7217.45
16:11:29	 7871.33	 7751.43	  119.90	  214.90	 4102.53	  896.98	 3205.55	  319.36	 7217.17
16:11:31	 7871.33	 7751.79	  119.55	  214.92	 4102.53	  896.98	 3205.55	  319.38	 7217.48
16:11:33	 7871.33	 7751.45	  119.89	  214.94	 4102.53	  896.98	 3205.55	  319.39	 7217.11
16:11:35	 7871.33	 7755.75	  115.59	  215.36	 4102.53	  896.98	 3205.55	  319.42	 7220.97
16:11:37	 7871.33	 7752.54	  118.80	  215.38	 4102.53	  896.98	 3205.55	  319.43	 7217.72
16:11:39	 7871.33	 7752.64	  118.69	  215.66	 4102.53	  896.98	 3205.55	  319.45	 7217.53
16:11:41	 7871.33	 7752.64	  118.69	  215.70	 4102.53	  896.98	 3205.55	  319.45	 7217.50
16:11:43	 7871.33	 7753.00	  118.34	  215.71	 4102.53	  896.98	 3205.55	  319.47	 7217.81
16:11:45	 7871.33	 7753.36	  117.97	  215.98	 4102.53	  896.98	 3205.55	  319.50	 7217.88
16:11:47	 7871.33	 7756.02	  115.31	  216.00	 4102.53	  896.98	 3205.55	  319.50	 7220.52
16:11:49	 7871.33	 7753.39	  117.94	  216.26	 4102.53	  896.98	 3205.55	  319.53	 7217.60
16:11:51	 7871.33	 7753.12	  118.21	  216.29	 4102.53	  896.98	 3205.55	  319.54	 7217.30
16:11:53	 7871.33	 7753.72	  117.61	  216.33	 4102.53	  896.98	 3205.55	  319.56	 7217.83
16:11:55	 7871.33	 7753.84	  117.49	  216.60	 4102.53	  896.98	 3205.55	  319.58	 7217.67
16:11:57	 7871.33	 7753.36	  117.97	  216.61	 4102.53	  896.98	 3205.55	  319.59	 7217.16
16:11:59	 7871.33	 7753.78	  117.55	  216.88	 4102.53	  896.98	 3205.55	  319.61	 7217.29
16:12:01	 7871.33	 7754.00	  117.33	  216.90	 4102.53	  896.98	 3205.55	  319.62	 7217.48
16:12:03	 7871.33	 7754.13	  117.20	  216.92	 4102.53	  896.98	 3205.55	  319.64	 7217.57
16:12:05	 7871.33	 7754.46	  116.87	  217.19	 4102.53	  896.98	 3205.55	  319.64	 7217.63
16:12:07	 7871.33	 7753.97	  117.36	  217.23	 4102.53	  896.98	 3205.55	  319.66	 7217.08
16:12:09	 7871.33	 7758.19	  113.14	  217.49	 4102.53	  896.98	 3205.55	  319.67	 7221.03
16:12:11	 7871.33	 7754.85	  116.48	  217.52	 4102.53	  896.98	 3205.55	  319.68	 7217.65
16:12:13	 7871.33	 7755.09	  116.24	  217.55	 4102.53	  896.98	 3205.55	  319.71	 7217.84
16:12:15	 7871.33	 7755.23	  116.10	  217.81	 4102.53	  896.98	 3205.55	  319.73	 7217.69
16:12:17	 7871.33	 7754.34	  117.00	  217.83	 4102.53	  896.98	 3205.55	  319.75	 7216.76
16:12:19	 7871.33	 7759.27	  112.06	  218.10	 4102.53	  896.98	 3205.55	  319.76	 7221.41
16:12:21	 7871.33	 7755.23	  116.10	  218.12	 4102.53	  896.98	 3205.55	  319.78	 7217.33
16:12:23	 7871.33	 7755.83	  115.50	  218.15	 4102.53	  896.98	 3205.55	  319.79	 7217.89
16:12:25	 7871.33	 7755.70	  115.63	  218.43	 4102.53	  896.98	 3205.55	  319.80	 7217.47
16:12:27	 7871.33	 7755.58	  115.75	  218.45	 4102.53	  896.98	 3205.55	  319.82	 7217.31
16:12:29	 7871.33	 7756.03	  115.30	  218.73	 4102.53	  896.98	 3205.55	  319.84	 7217.47
16:12:31	 7871.33	 7755.53	  115.80	  218.74	 4102.53	  896.98	 3205.55	  319.86	 7216.93
16:12:33	 7871.33	 7755.95	  115.38	  218.76	 4102.53	  896.98	 3205.55	  319.88	 7217.31
16:12:35	 7871.33	 7756.55	  114.79	  219.03	 4102.53	  896.98	 3205.55	  319.89	 7217.63
16:12:37	 7871.33	 7756.18	  115.15	  219.06	 4102.53	  896.98	 3205.55	  319.91	 7217.21
16:12:39	 7871.33	 7756.55	  114.79	  219.33	 4102.53	  896.98	 3205.55	  319.93	 7217.29
16:12:41	 7871.33	 7756.65	  114.68	  219.37	 4102.53	  896.98	 3205.55	  319.93	 7217.36
16:12:43	 7871.33	 7757.52	  113.81	  219.39	 4102.53	  896.98	 3205.55	  319.95	 7218.19
16:12:45	 7871.33	 7757.28	  114.05	  219.66	 4102.53	  896.98	 3205.55	  319.97	 7217.66
16:12:47	 7871.33	 7756.43	  114.90	  219.67	 4102.53	  896.98	 3205.55	  319.99	 7216.77
16:12:49	 7871.33	 7756.89	  114.45	  219.96	 4102.53	  896.98	 3205.55	  320.00	 7216.93
16:12:51	 7871.33	 7757.43	  113.91	  219.98	 4102.53	  896.98	 3205.55	  320.01	 7217.44
16:12:53	 7871.33	 7757.49	  113.84	  220.02	 4102.53	  896.98	 3205.55	  320.03	 7217.44
16:12:55	 7871.33	 7760.50	  110.83	  220.30	 4102.53	  896.98	 3205.55	  320.05	 7220.14
16:12:57	 7871.33	 7757.51	  113.82	  220.35	 4102.53	  896.98	 3205.55	  320.07	 7217.09
16:12:59	 7871.33	 7757.87	  113.46	  220.61	 4102.53	  896.98	 3205.55	  320.08	 7217.18
16:13:01	 7871.33	 7753.52	  117.82	  211.00	 4102.53	  896.98	 3205.55	  319.98	 7222.54
16:13:03	 7871.33	 7747.23	  124.10	  210.02	 4102.53	  896.98	 3205.55	  319.97	 7217.23
16:13:05	 7871.33	 7747.95	  123.38	  210.30	 4102.53	  896.98	 3205.55	  319.98	 7217.67
16:13:07	 7871.33	 7747.97	  123.36	  210.33	 4102.53	  896.98	 3205.55	  320.00	 7217.64
16:13:09	 7871.33	 7748.34	  122.99	  210.62	 4102.53	  896.98	 3205.55	  320.03	 7217.70
16:13:11	 7871.33	 7748.71	  122.62	  210.65	 4102.53	  896.98	 3205.55	  320.04	 7218.01
16:13:14	 7871.33	 7748.80	  122.54	  210.91	 4102.53	  896.98	 3205.55	  319.97	 7217.91
16:13:16	 7871.33	 7749.28	  122.05	  210.95	 4102.53	  896.98	 3205.55	  320.07	 7218.25
16:13:18	 7871.33	 7748.67	  122.66	  210.98	 4102.53	  896.98	 3205.55	  320.08	 7217.61
16:13:20	 7871.33	 7749.17	  122.16	  211.23	 4102.53	  896.98	 3205.55	  320.12	 7217.82
16:13:22	 7871.33	 7749.41	  121.92	  211.27	 4102.53	  896.98	 3205.55	  320.12	 7218.02
16:13:24	 7871.33	 7752.73	  118.60	  211.53	 4102.53	  896.98	 3205.55	  320.06	 7221.14
16:13:26	 7871.33	 7749.76	  121.57	  211.55	 4102.53	  896.98	 3205.55	  320.14	 7218.07
16:13:28	 7871.33	 7749.52	  121.82	  211.57	 4102.53	  896.98	 3205.55	  320.17	 7217.78
16:13:30	 7871.33	 7751.25	  120.08	  211.83	 4102.53	  896.98	 3205.55	  320.19	 7219.23
16:13:32	 7871.33	 7750.14	  121.19	  211.85	 4102.53	  896.98	 3205.55	  320.20	 7218.09
16:13:34	 7871.33	 7750.16	  121.17	  212.12	 4102.53	  896.98	 3205.55	  320.14	 7217.90
16:13:36	 7871.33	 7750.76	  120.57	  212.14	 4102.53	  896.98	 3205.55	  320.24	 7218.38
16:13:38	 7871.33	 7750.01	  121.32	  212.15	 4102.53	  896.98	 3205.55	  320.26	 7217.59
16:13:40	 7871.33	 7750.26	  121.07	  212.44	 4102.53	  896.98	 3205.55	  320.26	 7217.56
16:13:42	 7871.33	 7750.63	  120.70	  212.46	 4102.53	  896.98	 3205.55	  320.29	 7217.88
16:13:44	 7871.33	 7750.99	  120.34	  212.73	 4102.53	  896.98	 3205.55	  320.23	 7218.04
16:13:46	 7871.33	 7750.88	  120.45	  212.74	 4102.53	  896.98	 3205.55	  320.32	 7217.82
16:13:48	 7871.33	 7750.53	  120.80	  212.76	 4102.53	  896.98	 3205.55	  320.34	 7217.43
16:13:50	 7871.33	 7750.98	  120.35	  213.03	 4102.53	  896.98	 3205.55	  320.36	 7217.60
16:13:52	 7871.33	 7751.46	  119.87	  213.05	 4102.53	  896.98	 3205.55	  320.39	 7218.03
16:13:54	 7871.33	 7751.98	  119.36	  213.32	 4102.53	  896.98	 3205.55	  320.31	 7218.34
16:13:56	 7871.33	 7755.30	  116.03	  213.33	 4102.53	  896.98	 3205.55	  320.42	 7221.55
16:13:58	 7871.33	 7751.58	  119.75	  213.36	 4102.53	  896.98	 3205.55	  320.44	 7217.78
16:14:00	 7871.33	 7751.82	  119.51	  213.63	 4102.53	  896.98	 3205.55	  320.45	 7217.74
16:14:02	 7871.33	 7751.82	  119.51	  213.66	 4102.53	  896.98	 3205.55	  320.47	 7217.70
16:14:04	 7871.33	 7755.65	  115.68	  213.93	 4102.53	  896.98	 3205.55	  320.50	 7221.22
16:14:06	 7871.33	 7752.20	  119.14	  213.95	 4102.53	  896.98	 3205.55	  320.50	 7217.74
16:14:08	 7871.33	 7751.83	  119.50	  213.98	 4102.53	  896.98	 3205.55	  320.53	 7217.32
16:14:10	 7871.33	 7752.07	  119.26	  214.24	 4102.53	  896.98	 3205.55	  320.54	 7217.29
16:14:12	 7871.33	 7752.44	  118.89	  214.27	 4102.53	  896.98	 3205.55	  320.55	 7217.62
16:14:14	 7871.33	 7752.79	  118.55	  214.54	 4102.53	  896.98	 3205.55	  320.57	 7217.68
16:14:16	 7871.33	 7753.56	  117.77	  214.55	 4102.53	  896.98	 3205.55	  320.58	 7218.42
16:14:18	 7871.33	 7752.70	  118.64	  214.57	 4102.53	  896.98	 3205.55	  320.60	 7217.52
16:14:20	 7871.33	 7752.94	  118.39	  214.84	 4102.53	  896.98	 3205.55	  320.62	 7217.48
16:14:22	 7871.33	 7752.91	  118.43	  214.86	 4102.53	  896.98	 3205.55	  320.64	 7217.41
16:14:24	 7871.33	 7753.03	  118.30	  215.14	 4102.53	  896.98	 3205.55	  320.65	 7217.24
16:14:26	 7871.33	 7753.41	  117.92	  215.16	 4102.53	  896.98	 3205.55	  320.67	 7217.59
16:14:28	 7871.33	 7756.27	  115.06	  215.18	 4102.53	  896.98	 3205.55	  320.68	 7220.41
16:14:30	 7871.33	 7753.78	  117.55	  215.48	 4102.53	  896.98	 3205.55	  320.70	 7217.60
16:14:32	 7871.33	 7753.66	  117.68	  215.48	 4102.53	  896.98	 3205.55	  320.71	 7217.46
16:14:34	 7871.33	 7754.11	  117.22	  215.76	 4102.53	  896.98	 3205.55	  320.73	 7217.62
16:14:36	 7871.33	 7753.99	  117.34	  215.78	 4102.53	  896.98	 3205.55	  320.74	 7217.46
16:14:38	 7871.33	 7753.81	  117.52	  215.81	 4102.53	  896.98	 3205.55	  320.75	 7217.24
16:14:40	 7871.33	 7753.78	  117.55	  216.09	 4102.53	  896.98	 3205.55	  320.77	 7216.91
16:14:42	 7871.33	 7753.78	  117.55	  216.11	 4102.53	  896.98	 3205.55	  320.79	 7216.88
16:14:44	 7871.33	 7754.38	  116.95	  216.39	 4102.53	  896.98	 3205.55	  320.80	 7217.20
16:14:46	 7871.33	 7754.59	  116.74	  216.42	 4102.53	  896.98	 3205.55	  320.82	 7217.36
16:14:48	 7871.33	 7753.75	  117.59	  216.46	 4102.53	  896.98	 3205.55	  320.84	 7216.45
16:14:50	 7871.33	 7746.16	  125.18	  208.78	 4102.53	  896.98	 3205.55	  320.31	 7217.07
16:14:52	 7871.33	 7746.41	  124.93	  208.80	 4102.53	  896.98	 3205.55	  320.32	 7217.28
16:14:54	 7871.33	 7746.50	  124.83	  209.07	 4102.53	  896.98	 3205.55	  320.34	 7217.09
16:14:56	 7871.33	 7746.87	  124.46	  209.09	 4102.53	  896.98	 3205.55	  320.36	 7217.41
16:14:58	 7871.33	 7746.37	  124.96	  209.12	 4102.53	  896.98	 3205.55	  320.37	 7216.88
16:15:00	 7871.33	 7749.59	  121.74	  209.39	 4102.53	  896.98	 3205.55	  320.38	 7219.82
16:15:02	 7871.33	 7747.12	  124.21	  209.39	 4102.53	  896.98	 3205.55	  320.40	 7217.32
16:15:04	 7871.33	 7747.49	  123.84	  209.66	 4102.53	  896.98	 3205.55	  320.41	 7217.41
16:15:06	 7871.33	 7747.59	  123.75	  209.68	 4102.53	  896.98	 3205.55	  320.43	 7217.47
16:15:08	 7871.33	 7747.10	  124.23	  209.69	 4102.53	  896.98	 3205.55	  320.45	 7216.96
16:15:10	 7871.33	 7747.59	  123.75	  209.96	 4102.53	  896.98	 3205.55	  320.46	 7217.17
16:15:12	 7871.33	 7748.95	  122.38	  209.96	 4102.53	  896.98	 3205.55	  320.48	 7218.50
16:15:14	 7871.33	 7748.92	  122.41	  210.23	 4102.53	  896.98	 3205.55	  320.50	 7218.19
16:15:16	 7871.33	 7749.50	  121.83	  210.27	 4102.53	  896.98	 3205.55	  320.49	 7218.74
16:15:18	 7871.33	 7748.86	  122.47	  210.28	 4102.53	  896.98	 3205.55	  320.53	 7218.05
16:15:20	 7871.33	 7749.33	  122.00	  210.55	 4102.53	  896.98	 3205.55	  320.54	 7218.24
16:15:22	 7871.33	 7749.53	  121.80	  210.57	 4102.53	  896.98	 3205.55	  320.56	 7218.39
16:15:24	 7871.33	 7749.68	  121.65	  210.82	 4102.53	  896.98	 3205.55	  320.58	 7218.28
16:15:26	 7871.33	 7750.03	  121.30	  210.86	 4102.53	  896.98	 3205.55	  320.59	 7218.59
16:15:28	 7871.33	 7749.30	  122.03	  210.87	 4102.53	  896.98	 3205.55	  320.61	 7217.82
16:15:30	 7871.33	 7749.31	  122.02	  211.13	 4102.53	  896.98	 3205.55	  320.64	 7217.54
16:15:32	 7871.33	 7749.93	  121.40	  211.15	 4102.53	  896.98	 3205.55	  320.65	 7218.13
16:15:34	 7871.33	 7751.61	  119.72	  211.43	 4102.53	  896.98	 3205.55	  320.66	 7219.53
16:15:36	 7871.33	 7750.28	  121.05	  211.45	 4102.53	  896.98	 3205.55	  320.67	 7218.17
16:15:38	 7871.33	 7749.93	  121.40	  211.47	 4102.53	  896.98	 3205.55	  320.70	 7217.77
16:15:40	 7871.33	 7750.28	  121.05	  211.73	 4102.53	  896.98	 3205.55	  320.71	 7217.84
16:15:42	 7871.33	 7752.88	  118.45	  211.76	 4102.53	  896.98	 3205.55	  320.71	 7220.41
16:15:44	 7871.33	 7750.75	  120.58	  212.03	 4102.53	  896.98	 3205.55	  320.74	 7217.98
16:15:46	 7871.33	 7751.38	  119.95	  212.05	 4102.53	  896.98	 3205.55	  320.75	 7218.58
16:15:48	 7871.33	 7750.18	  121.16	  212.07	 4102.53	  896.98	 3205.55	  320.77	 7217.34
16:15:50	 7871.33	 7751.02	  120.32	  212.34	 4102.53	  896.98	 3205.55	  320.79	 7217.89
16:15:52	 7871.33	 7751.02	  120.31	  212.36	 4102.53	  896.98	 3205.55	  320.80	 7217.86
16:15:55	 7871.33	 7750.48	  120.86	  212.64	 4102.53	  896.98	 3205.55	  320.81	 7217.03
16:15:57	 7871.33	 7751.35	  119.98	  212.68	 4102.53	  896.98	 3205.55	  320.83	 7217.84
16:15:59	 7871.33	 7751.01	  120.32	  212.95	 4102.53	  896.98	 3205.55	  320.77	 7217.29
16:16:01	 7871.33	 7751.28	  120.05	  212.96	 4102.53	  896.98	 3205.55	  320.87	 7217.45
16:16:03	 7871.33	 7751.51	  119.82	  213.00	 4102.53	  896.98	 3205.55	  320.87	 7217.64
16:16:05	 7871.33	 7751.85	  119.48	  213.26	 4102.53	  896.98	 3205.55	  320.89	 7217.70
16:16:07	 7871.33	 7754.50	  116.83	  213.27	 4102.53	  896.98	 3205.55	  320.92	 7220.32
16:16:09	 7871.33	 7754.55	  116.79	  201.36	 4102.53	  896.98	 3205.55	  320.75	 7232.44
16:16:11	 7871.33	 7756.17	  115.16	  201.39	 4102.53	  896.98	 3205.55	  320.84	 7233.94
16:16:13	 7871.33	 7756.30	  115.03	  201.43	 4102.53	  896.98	 3205.55	  320.97	 7233.90
16:16:15	 7871.33	 7759.01	  112.32	  201.71	 4102.53	  896.98	 3205.55	  321.00	 7236.30
16:16:17	 7871.33	 7757.25	  114.08	  201.75	 4102.53	  896.98	 3205.55	  321.00	 7234.51
16:16:19	 7871.33	 7753.01	  118.32	  202.04	 4102.53	  896.98	 3205.55	  320.94	 7230.03
16:16:21	 7871.33	 7753.38	  117.95	  202.07	 4102.53	  896.98	 3205.55	  321.03	 7230.28
16:16:23	 7871.33	 7752.99	  118.34	  202.11	 4102.53	  896.98	 3205.55	  321.05	 7229.83
16:16:25	 7871.33	 7753.70	  117.63	  202.39	 4102.53	  896.98	 3205.55	  321.06	 7230.25
16:16:27	 7871.33	 7753.81	  117.52	  202.42	 4102.53	  896.98	 3205.55	  321.09	 7230.30
16:16:29	 7871.33	 7753.07	  118.26	  202.71	 4102.53	  896.98	 3205.55	  321.02	 7229.34
16:16:31	 7871.33	 7753.29	  118.05	  202.74	 4102.53	  896.98	 3205.55	  321.11	 7229.43
16:16:33	 7871.33	 7753.30	  118.03	  202.77	 4102.53	  896.98	 3205.55	  321.16	 7229.38
16:16:35	 7871.33	 7753.91	  117.43	  203.04	 4102.53	  896.98	 3205.55	  321.18	 7229.69
16:16:37	 7871.33	 7754.03	  117.30	  203.04	 4102.53	  896.98	 3205.55	  321.19	 7229.79
16:16:39	 7871.33	 7753.64	  117.69	  203.31	 4102.53	  896.98	 3205.55	  321.21	 7229.12
16:16:41	 7871.33	 7753.66	  117.67	  203.35	 4102.53	  896.98	 3205.55	  321.21	 7229.10
16:16:43	 7871.33	 7753.90	  117.43	  203.36	 4102.53	  896.98	 3205.55	  321.24	 7229.30
16:16:45	 7871.33	 7755.49	  115.84	  203.62	 4102.53	  896.98	 3205.55	  321.25	 7230.61
16:16:47	 7871.33	 7757.60	  113.73	  203.64	 4102.53	  896.98	 3205.55	  321.26	 7232.71
16:16:49	 7871.33	 7754.28	  117.05	  203.92	 4102.53	  896.98	 3205.55	  321.27	 7229.09
16:16:51	 7871.33	 7754.50	  116.83	  203.93	 4102.53	  896.98	 3205.55	  321.30	 7229.28
16:16:53	 7871.33	 7754.97	  116.36	  203.95	 4102.53	  896.98	 3205.55	  321.30	 7229.72
16:16:55	 7871.33	 7754.85	  116.48	  204.23	 4102.53	  896.98	 3205.55	  321.30	 7229.32
16:16:57	 7871.33	 7757.09	  114.24	  204.24	 4102.53	  896.98	 3205.55	  321.34	 7231.51
16:16:59	 7871.33	 7755.15	  116.18	  204.51	 4102.53	  896.98	 3205.55	  321.37	 7229.27
16:17:01	 7871.33	 7755.15	  116.18	  204.53	 4102.53	  896.98	 3205.55	  321.38	 7229.24
16:17:03	 7871.33	 7755.12	  116.21	  204.54	 4102.53	  896.98	 3205.55	  321.40	 7229.18
16:17:05	 7871.33	 7755.24	  116.09	  204.80	 4102.53	  896.98	 3205.55	  321.42	 7229.02
16:17:07	 7871.33	 7754.88	  116.46	  204.83	 4102.53	  896.98	 3205.55	  321.43	 7228.62
16:17:09	 7871.33	 7756.62	  114.71	  205.09	 4102.53	  896.98	 3205.55	  321.45	 7230.07
16:17:11	 7871.33	 7755.75	  115.58	  205.12	 4102.53	  896.98	 3205.55	  321.45	 7229.18
16:17:13	 7871.33	 7756.00	  115.34	  205.14	 4102.53	  896.98	 3205.55	  321.48	 7229.38
16:17:15	 7871.33	 7756.21	  115.12	  205.40	 4102.53	  896.98	 3205.55	  321.49	 7229.31
16:17:17	 7871.33	 7755.48	  115.85	  205.44	 4102.53	  896.98	 3205.55	  321.51	 7228.53
16:17:19	 7871.33	 7759.15	  112.18	  205.71	 4102.53	  896.98	 3205.55	  321.53	 7231.91
16:17:21	 7871.33	 7758.81	  112.52	  205.73	 4102.53	  896.98	 3205.55	  321.55	 7231.54
16:17:23	 7871.33	 7756.48	  114.85	  205.76	 4102.53	  896.98	 3205.55	  321.55	 7229.17
16:17:25	 7871.33	 7759.09	  112.24	  206.02	 4102.53	  896.98	 3205.55	  321.57	 7231.50
16:17:27	 7871.33	 7757.93	  113.41	  206.04	 4102.53	  896.98	 3205.55	  321.57	 7230.31
16:17:29	 7871.33	 7756.70	  114.63	  206.32	 4102.53	  896.98	 3205.55	  321.60	 7228.78
16:17:31	 7871.33	 7757.06	  114.27	  206.35	 4102.53	  896.98	 3205.55	  321.62	 7229.09
16:17:33	 7871.33	 7758.58	  112.75	  206.37	 4102.53	  896.98	 3205.55	  321.65	 7230.56
16:17:35	 7871.33	 7757.55	  113.78	  206.66	 4102.53	  896.98	 3205.55	  321.65	 7229.25
16:17:37	 7871.33	 7757.31	  114.02	  206.67	 4102.53	  896.98	 3205.55	  321.68	 7228.97
16:17:39	 7871.33	 7757.66	  113.67	  206.95	 4102.53	  896.98	 3205.55	  321.70	 7229.02
16:17:41	 7871.33	 7757.78	  113.55	  206.97	 4102.53	  896.98	 3205.55	  321.71	 7229.10
16:17:43	 7871.33	 7757.66	  113.67	  206.99	 4102.53	  896.98	 3205.55	  321.72	 7228.95
16:17:45	 7871.33	 7758.18	  113.16	  207.26	 4102.53	  896.98	 3205.55	  321.75	 7229.17
16:17:47	 7871.33	 7757.69	  113.64	  207.27	 4102.53	  896.98	 3205.55	  321.76	 7228.66
16:17:49	 7871.33	 7758.05	  113.28	  207.54	 4102.53	  896.98	 3205.55	  321.76	 7228.75
16:17:51	 7871.33	 7752.68	  118.66	  199.10	 4102.53	  896.98	 3205.55	  321.51	 7232.06
16:17:53	 7871.33	 7749.68	  121.66	  199.13	 4102.53	  896.98	 3205.55	  321.51	 7229.04
16:17:55	 7871.33	 7751.15	  120.18	  199.41	 4102.53	  896.98	 3205.55	  321.52	 7230.23
16:17:57	 7871.33	 7749.56	  121.77	  199.45	 4102.53	  896.98	 3205.55	  321.53	 7228.58
16:17:59	 7871.33	 7750.17	  121.16	  199.71	 4102.53	  896.98	 3205.55	  321.55	 7228.91
16:18:01	 7871.33	 7750.41	  120.92	  199.75	 4102.53	  896.98	 3205.55	  321.56	 7229.10
16:18:03	 7871.33	 7750.52	  120.82	  199.77	 4102.53	  896.98	 3205.55	  321.59	 7229.16
16:18:05	 7871.33	 7750.89	  120.45	  200.06	 4102.53	  896.98	 3205.55	  321.59	 7229.23
16:18:07	 7871.33	 7750.19	  121.14	  200.09	 4102.53	  896.98	 3205.55	  321.60	 7228.50
16:18:09	 7871.33	 7750.53	  120.80	  200.38	 4102.53	  896.98	 3205.55	  321.62	 7228.53
16:18:11	 7871.33	 7750.64	  120.70	  200.43	 4102.53	  896.98	 3205.55	  321.65	 7228.56
16:18:13	 7871.33	 7750.64	  120.70	  200.48	 4102.53	  896.98	 3205.55	  321.64	 7228.52
16:18:15	 7871.33	 7751.38	  119.95	  200.79	 4102.53	  896.98	 3205.55	  321.65	 7228.94
16:18:17	 7871.33	 7750.52	  120.82	  200.82	 4102.53	  896.98	 3205.55	  321.68	 7228.02
16:18:19	 7871.33	 7751.40	  119.93	  201.09	 4102.53	  896.98	 3205.55	  321.71	 7228.60
16:18:21	 7871.33	 7751.39	  119.94	  201.13	 4102.53	  896.98	 3205.55	  321.71	 7228.55
16:18:23	 7871.33	 7751.77	  119.56	  201.15	 4102.53	  896.98	 3205.55	  321.74	 7228.88
16:18:25	 7871.33	 7752.10	  119.23	  201.44	 4102.53	  896.98	 3205.55	  321.74	 7228.92
16:18:27	 7871.33	 7751.49	  119.84	  201.46	 4102.53	  896.98	 3205.55	  322.00	 7228.03
