    Time	  MemTotal	   MemUsed	   MemFree	   MemBuff	SwapTotal	SwapUsed	SwapFree	SwapCached	RealUsedMem
15:56:14	 7871.33	 7751.33	  120.00	  296.87	 4102.53	 1066.10	 3036.43	  278.06	 7176.40
15:56:16	 7871.33	 7752.79	  118.54	  296.88	 4102.53	 1066.10	 3036.43	  278.17	 7177.74
15:56:18	 7871.33	 7753.38	  117.95	  296.89	 4102.53	 1066.10	 3036.43	  278.20	 7178.29
15:56:20	 7871.33	 7752.05	  119.28	  297.15	 4102.53	 1066.10	 3036.43	  278.21	 7176.69
15:56:22	 7871.33	 7752.17	  119.16	  297.15	 4102.53	 1066.10	 3036.43	  278.22	 7176.80
15:56:24	 7871.33	 7754.12	  117.21	  297.43	 4102.53	 1066.10	 3036.43	  278.33	 7178.36
15:56:26	 7871.33	 7752.66	  118.68	  297.43	 4102.53	 1066.10	 3036.43	  278.38	 7176.85
15:56:28	 7871.33	 7752.87	  118.46	  297.43	 4102.53	 1066.10	 3036.43	  278.41	 7177.03
15:56:30	 7871.33	 7752.68	  118.65	  297.71	 4102.53	 1066.10	 3036.43	  278.41	 7176.56
15:56:32	 7871.33	 7752.89	  118.44	  297.71	 4102.53	 1066.10	 3036.43	  278.43	 7176.74
15:56:34	 7871.33	 7753.15	  118.18	  297.97	 4102.53	 1066.10	 3036.43	  278.36	 7176.82
15:56:36	 7871.33	 7753.12	  118.21	  297.99	 4102.53	 1066.10	 3036.43	  278.47	 7176.67
15:56:38	 7871.33	 7753.62	  117.71	  298.00	 4102.53	 1066.10	 3036.43	  278.48	 7177.14
15:56:40	 7871.33	 7753.25	  118.09	  298.27	 4102.53	 1066.10	 3036.43	  278.49	 7176.49
15:56:42	 7871.33	 7756.97	  114.36	  298.27	 4102.53	 1066.10	 3036.43	  278.52	 7180.18
15:56:44	 7871.33	 7753.74	  117.59	  298.52	 4102.53	 1066.10	 3036.43	  278.45	 7176.77
15:56:46	 7871.33	 7753.87	  117.46	  298.53	 4102.53	 1066.10	 3036.43	  278.54	 7176.79
15:56:48	 7871.33	 7753.95	  117.38	  298.55	 4102.53	 1066.10	 3036.43	  278.55	 7176.84
15:56:50	 7871.33	 7753.59	  117.75	  298.81	 4102.53	 1066.10	 3036.43	  278.57	 7176.21
15:56:52	 7871.33	 7753.94	  117.39	  298.82	 4102.53	 1066.10	 3036.43	  278.58	 7176.54
15:56:54	 7871.33	 7754.35	  116.98	  299.08	 4102.53	 1066.10	 3036.43	  278.52	 7176.75
15:56:56	 7871.33	 7754.57	  116.76	  299.09	 4102.53	 1066.10	 3036.43	  278.62	 7176.86
15:56:58	 7871.33	 7754.83	  116.50	  299.10	 4102.53	 1066.10	 3036.43	  278.63	 7177.09
15:57:00	 7871.33	 7754.66	  116.67	  299.37	 4102.53	 1066.10	 3036.43	  278.64	 7176.65
15:57:02	 7871.33	 7754.66	  116.67	  299.38	 4102.53	 1066.10	 3036.43	  278.67	 7176.62
15:57:04	 7871.33	 7756.02	  115.31	  299.62	 4102.53	 1066.10	 3036.43	  278.61	 7177.79
15:57:06	 7871.33	 7755.05	  116.29	  299.65	 4102.53	 1066.10	 3036.43	  278.70	 7176.70
15:57:08	 7871.33	 7754.94	  116.39	  299.65	 4102.53	 1066.10	 3036.43	  278.72	 7176.57
15:57:10	 7871.33	 7755.17	  116.16	  299.91	 4102.53	 1066.10	 3036.43	  278.74	 7176.52
15:57:12	 7871.33	 7755.02	  116.32	  299.93	 4102.53	 1066.10	 3036.43	  278.75	 7176.34
15:57:14	 7871.33	 7759.98	  111.35	  300.19	 4102.53	 1066.10	 3036.43	  278.68	 7181.11
15:57:16	 7871.33	 7757.23	  114.11	  300.19	 4102.53	 1066.10	 3036.43	  278.80	 7178.24
15:57:18	 7871.33	 7755.65	  115.68	  300.21	 4102.53	 1066.10	 3036.43	  278.80	 7176.64
15:57:20	 7871.33	 7755.88	  115.45	  300.48	 4102.53	 1066.10	 3036.43	  278.82	 7176.59
15:57:22	 7871.33	 7756.12	  115.21	  300.48	 4102.53	 1066.10	 3036.43	  278.84	 7176.81
15:57:24	 7871.33	 7756.47	  114.86	  300.75	 4102.53	 1066.10	 3036.43	  278.76	 7176.96
15:57:26	 7871.33	 7756.71	  114.62	  300.75	 4102.53	 1066.10	 3036.43	  278.87	 7177.09
15:57:28	 7871.33	 7756.02	  115.32	  300.77	 4102.53	 1066.10	 3036.43	  278.89	 7176.36
15:57:30	 7871.33	 7756.26	  115.07	  301.03	 4102.53	 1066.10	 3036.43	  278.91	 7176.32
15:57:32	 7871.33	 7756.38	  114.95	  301.03	 4102.53	 1066.10	 3036.43	  278.92	 7176.43
15:57:34	 7871.33	 7756.83	  114.50	  301.30	 4102.53	 1066.10	 3036.43	  278.93	 7176.60
15:57:36	 7871.33	 7756.95	  114.38	  301.30	 4102.53	 1066.10	 3036.43	  278.95	 7176.70
15:57:38	 7871.33	 7756.59	  114.74	  301.30	 4102.53	 1066.10	 3036.43	  278.96	 7176.32
15:57:40	 7871.33	 7756.74	  114.59	  301.58	 4102.53	 1066.10	 3036.43	  278.98	 7176.18
15:57:42	 7871.33	 7756.98	  114.35	  301.58	 4102.53	 1066.10	 3036.43	  279.00	 7176.41
15:57:44	 7871.33	 7757.47	  113.86	  301.84	 4102.53	 1066.10	 3036.43	  279.02	 7176.61
15:57:46	 7871.33	 7761.36	  109.98	  301.86	 4102.53	 1066.10	 3036.43	  279.04	 7180.46
15:57:48	 7871.33	 7747.63	  123.70	  292.93	 4102.53	 1066.10	 3036.43	  278.48	 7176.22
15:57:50	 7871.33	 7750.87	  120.46	  293.19	 4102.53	 1066.10	 3036.43	  278.49	 7179.19
15:57:52	 7871.33	 7748.29	  123.04	  293.21	 4102.53	 1066.10	 3036.43	  278.51	 7176.57
15:57:54	 7871.33	 7748.86	  122.47	  293.47	 4102.53	 1066.10	 3036.43	  278.52	 7176.87
15:57:56	 7871.33	 7748.61	  122.72	  293.47	 4102.53	 1066.10	 3036.43	  278.54	 7176.60
15:57:58	 7871.33	 7748.73	  122.61	  293.48	 4102.53	 1066.10	 3036.43	  278.55	 7176.69
15:58:00	 7871.33	 7748.73	  122.60	  293.74	 4102.53	 1066.10	 3036.43	  278.57	 7176.43
15:58:02	 7871.33	 7749.25	  122.08	  293.75	 4102.53	 1066.10	 3036.43	  278.59	 7176.91
15:58:04	 7871.33	 7749.60	  121.73	  294.00	 4102.53	 1066.10	 3036.43	  278.60	 7176.99
15:58:06	 7871.33	 7749.72	  121.61	  294.01	 4102.53	 1066.10	 3036.43	  278.62	 7177.08
15:58:08	 7871.33	 7749.23	  122.10	  294.03	 4102.53	 1066.10	 3036.43	  278.64	 7176.57
15:58:10	 7871.33	 7749.45	  121.89	  294.29	 4102.53	 1066.10	 3036.43	  278.65	 7176.51
15:58:12	 7871.33	 7749.69	  121.64	  294.29	 4102.53	 1066.10	 3036.43	  278.66	 7176.73
15:58:14	 7871.33	 7749.95	  121.39	  294.55	 4102.53	 1066.10	 3036.43	  278.69	 7176.71
15:58:16	 7871.33	 7750.19	  121.14	  294.56	 4102.53	 1066.10	 3036.43	  278.70	 7176.92
15:58:18	 7871.33	 7752.66	  118.68	  294.58	 4102.53	 1066.10	 3036.43	  278.72	 7179.36
15:58:20	 7871.33	 7749.93	  121.40	  294.84	 4102.53	 1066.10	 3036.43	  278.73	 7176.36
15:58:23	 7871.33	 7750.29	  121.04	  294.84	 4102.53	 1066.10	 3036.43	  278.75	 7176.71
15:58:25	 7871.33	 7750.93	  120.40	  295.11	 4102.53	 1066.10	 3036.43	  278.77	 7177.05
15:58:27	 7871.33	 7750.93	  120.40	  295.12	 4102.53	 1066.10	 3036.43	  278.77	 7177.04
15:58:29	 7871.33	 7750.73	  120.60	  295.37	 4102.53	 1066.10	 3036.43	  278.71	 7176.66
15:58:31	 7871.33	 7749.91	  121.42	  295.38	 4102.53	 1066.10	 3036.43	  278.82	 7175.71
15:58:33	 7871.33	 7750.66	  120.68	  295.39	 4102.53	 1066.10	 3036.43	  278.82	 7176.44
15:58:35	 7871.33	 7751.26	  120.07	  295.65	 4102.53	 1066.10	 3036.43	  278.85	 7176.77
15:58:37	 7871.33	 7751.67	  119.66	  295.66	 4102.53	 1066.10	 3036.43	  278.88	 7177.13
15:58:39	 7871.33	 7750.79	  120.54	  295.92	 4102.53	 1066.10	 3036.43	  278.79	 7176.08
15:58:41	 7871.33	 7750.92	  120.41	  295.93	 4102.53	 1066.10	 3036.43	  278.89	 7176.10
15:58:43	 7871.33	 7751.38	  119.95	  295.94	 4102.53	 1066.10	 3036.43	  278.91	 7176.54
15:58:45	 7871.33	 7751.64	  119.69	  296.19	 4102.53	 1066.10	 3036.43	  278.93	 7176.53
15:58:47	 7871.33	 7751.75	  119.59	  296.21	 4102.53	 1066.10	 3036.43	  278.93	 7176.60
15:58:49	 7871.33	 7751.76	  119.57	  296.47	 4102.53	 1066.10	 3036.43	  278.88	 7176.42
15:58:51	 7871.33	 7756.96	  114.37	  296.48	 4102.53	 1066.10	 3036.43	  278.96	 7181.52
15:58:53	 7871.33	 7752.15	  119.18	  296.48	 4102.53	 1066.10	 3036.43	  278.98	 7176.69
15:58:55	 7871.33	 7752.24	  119.09	  296.73	 4102.53	 1066.10	 3036.43	  279.00	 7176.50
15:58:57	 7871.33	 7752.49	  118.84	  296.75	 4102.53	 1066.10	 3036.43	  279.02	 7176.72
15:58:59	 7871.33	 7753.50	  117.84	  297.01	 4102.53	 1066.10	 3036.43	  278.95	 7177.54
15:59:01	 7871.33	 7752.39	  118.94	  297.02	 4102.53	 1066.10	 3036.43	  279.04	 7176.34
15:59:03	 7871.33	 7752.52	  118.81	  297.02	 4102.53	 1066.10	 3036.43	  279.06	 7176.44
15:59:05	 7871.33	 7753.13	  118.20	  297.28	 4102.53	 1066.10	 3036.43	  279.08	 7176.77
15:59:07	 7871.33	 7752.97	  118.36	  297.30	 4102.53	 1066.10	 3036.43	  279.10	 7176.58
15:59:09	 7871.33	 7752.98	  118.35	  297.55	 4102.53	 1066.10	 3036.43	  279.02	 7176.40
15:59:11	 7871.33	 7753.28	  118.05	  297.56	 4102.53	 1066.10	 3036.43	  279.14	 7176.58
15:59:13	 7871.33	 7753.60	  117.73	  297.57	 4102.53	 1066.10	 3036.43	  279.16	 7176.88
15:59:15	 7871.33	 7753.84	  117.49	  297.82	 4102.53	 1066.10	 3036.43	  279.16	 7176.86
15:59:17	 7871.33	 7754.09	  117.25	  297.84	 4102.53	 1066.10	 3036.43	  279.18	 7177.07
15:59:19	 7871.33	 7753.57	  117.76	  298.09	 4102.53	 1066.10	 3036.43	  279.11	 7176.36
15:59:21	 7871.33	 7753.70	  117.63	  298.09	 4102.53	 1066.10	 3036.43	  279.22	 7176.38
15:59:23	 7871.33	 7754.35	  116.98	  298.11	 4102.53	 1066.10	 3036.43	  279.24	 7177.00
15:59:25	 7871.33	 7754.56	  116.77	  298.37	 4102.53	 1066.10	 3036.43	  279.25	 7176.94
15:59:27	 7871.33	 7754.55	  116.79	  298.38	 4102.53	 1066.10	 3036.43	  279.27	 7176.90
15:59:29	 7871.33	 7754.06	  117.27	  298.65	 4102.53	 1066.10	 3036.43	  279.19	 7176.22
15:59:31	 7871.33	 7754.43	  116.91	  298.65	 4102.53	 1066.10	 3036.43	  279.30	 7176.48
15:59:33	 7871.33	 7757.69	  113.64	  298.66	 4102.53	 1066.10	 3036.43	  279.31	 7179.72
15:59:35	 7871.33	 7745.73	  125.60	  290.49	 4102.53	 1066.10	 3036.43	  278.50	 7176.73
15:59:37	 7871.33	 7745.85	  125.48	  290.49	 4102.53	 1066.10	 3036.43	  278.53	 7176.83
15:59:39	 7871.33	 7745.82	  125.51	  290.77	 4102.53	 1066.10	 3036.43	  278.46	 7176.59
15:59:41	 7871.33	 7745.70	  125.63	  290.77	 4102.53	 1066.10	 3036.43	  278.57	 7176.36
15:59:43	 7871.33	 7746.06	  125.27	  290.79	 4102.53	 1066.10	 3036.43	  278.57	 7176.71
15:59:45	 7871.33	 7749.05	  122.28	  291.04	 4102.53	 1066.10	 3036.43	  278.59	 7179.42
15:59:47	 7871.33	 7746.56	  124.77	  291.04	 4102.53	 1066.10	 3036.43	  278.61	 7176.91
15:59:49	 7871.33	 7746.32	  125.01	  291.32	 4102.53	 1066.10	 3036.43	  278.54	 7176.46
15:59:51	 7871.33	 7746.55	  124.79	  291.33	 4102.53	 1066.10	 3036.43	  278.64	 7176.58
15:59:53	 7871.33	 7746.55	  124.79	  291.34	 4102.53	 1066.10	 3036.43	  278.65	 7176.56
15:59:55	 7871.33	 7750.75	  120.58	  291.59	 4102.53	 1066.10	 3036.43	  278.68	 7180.48
15:59:57	 7871.33	 7747.08	  124.25	  291.60	 4102.53	 1066.10	 3036.43	  278.70	 7176.77
15:59:59	 7871.33	 7746.71	  124.62	  291.86	 4102.53	 1066.10	 3036.43	  278.63	 7176.23
16:00:01	 7871.33	 7748.05	  123.28	  291.88	 4102.53	 1066.09	 3036.45	  278.72	 7177.45
16:00:03	 7871.33	 7748.75	  122.58	  291.89	 4102.53	 1066.09	 3036.45	  278.74	 7178.12
16:00:05	 7871.33	 7747.39	  123.94	  292.15	 4102.53	 1066.09	 3036.45	  278.77	 7176.48
16:00:07	 7871.33	 7747.89	  123.44	  292.17	 4102.53	 1066.09	 3036.45	  278.77	 7176.96
16:00:09	 7871.33	 7747.53	  123.80	  292.43	 4102.53	 1066.09	 3036.45	  278.71	 7176.39
16:00:11	 7871.33	 7747.77	  123.57	  292.44	 4102.53	 1066.09	 3036.45	  278.83	 7176.49
16:00:13	 7871.33	 7747.89	  123.45	  292.45	 4102.53	 1066.09	 3036.45	  278.85	 7176.59
16:00:15	 7871.33	 7748.23	  123.10	  292.71	 4102.53	 1066.09	 3036.45	  278.86	 7176.66
16:00:17	 7871.33	 7748.36	  122.98	  292.72	 4102.53	 1066.09	 3036.45	  278.88	 7176.75
16:00:19	 7871.33	 7749.25	  122.08	  292.98	 4102.53	 1066.09	 3036.45	  278.89	 7177.38
16:00:21	 7871.33	 7748.50	  122.83	  293.00	 4102.53	 1066.09	 3036.45	  278.89	 7176.62
16:00:23	 7871.33	 7748.87	  122.46	  293.01	 4102.53	 1066.09	 3036.45	  278.91	 7176.95
16:00:25	 7871.33	 7749.10	  122.23	  293.26	 4102.53	 1066.09	 3036.45	  278.93	 7176.91
16:00:27	 7871.33	 7752.17	  119.16	  293.27	 4102.53	 1066.09	 3036.45	  278.95	 7179.95
16:00:29	 7871.33	 7748.84	  122.49	  293.54	 4102.53	 1066.09	 3036.45	  278.95	 7176.36
16:00:31	 7871.33	 7751.86	  119.47	  293.54	 4102.53	 1066.09	 3036.45	  278.98	 7179.34
16:00:33	 7871.33	 7748.99	  122.34	  293.55	 4102.53	 1066.09	 3036.45	  279.00	 7176.45
16:00:35	 7871.33	 7749.60	  121.73	  293.82	 4102.53	 1066.09	 3036.45	  279.00	 7176.78
16:00:37	 7871.33	 7750.48	  120.85	  293.82	 4102.53	 1066.09	 3036.45	  279.02	 7177.64
16:00:39	 7871.33	 7752.07	  119.27	  294.07	 4102.53	 1066.09	 3036.45	  279.04	 7178.95
16:00:41	 7871.33	 7749.95	  121.39	  294.09	 4102.53	 1066.09	 3036.45	  279.07	 7176.79
16:00:43	 7871.33	 7751.32	  120.01	  294.11	 4102.53	 1066.09	 3036.45	  279.08	 7178.14
16:00:45	 7871.33	 7750.30	  121.03	  294.36	 4102.53	 1066.09	 3036.45	  279.09	 7176.85
16:00:47	 7871.33	 7750.42	  120.91	  294.37	 4102.53	 1066.09	 3036.45	  279.12	 7176.93
16:00:49	 7871.33	 7750.19	  121.14	  294.63	 4102.53	 1066.09	 3036.45	  279.13	 7176.43
16:00:51	 7871.33	 7749.93	  121.40	  294.63	 4102.53	 1066.09	 3036.45	  279.15	 7176.15
16:00:53	 7871.33	 7750.41	  120.92	  294.65	 4102.53	 1066.09	 3036.45	  279.16	 7176.60
16:00:55	 7871.33	 7750.93	  120.40	  294.91	 4102.53	 1066.09	 3036.45	  279.18	 7176.84
16:00:57	 7871.33	 7750.93	  120.40	  294.91	 4102.53	 1066.09	 3036.45	  279.20	 7176.82
16:00:59	 7871.33	 7751.01	  120.32	  295.18	 4102.53	 1066.09	 3036.45	  279.22	 7176.61
16:01:01	 7871.33	 7751.07	  120.26	  295.19	 4102.53	 1066.09	 3036.45	  279.23	 7176.66
16:01:04	 7871.33	 7751.02	  120.31	  295.45	 4102.53	 1066.09	 3036.45	  279.16	 7176.41
16:01:06	 7871.33	 7752.75	  118.58	  295.46	 4102.53	 1066.09	 3036.45	  279.26	 7178.03
16:01:08	 7871.33	 7751.52	  119.81	  295.46	 4102.53	 1066.09	 3036.45	  279.28	 7176.78
16:01:10	 7871.33	 7753.66	  117.68	  295.73	 4102.53	 1066.09	 3036.45	  279.30	 7178.63
16:01:12	 7871.33	 7751.62	  119.71	  295.73	 4102.53	 1066.09	 3036.45	  279.30	 7176.59
16:01:14	 7871.33	 7751.90	  119.43	  295.98	 4102.53	 1066.09	 3036.45	  279.24	 7176.67
16:01:16	 7871.33	 7752.22	  119.11	  296.02	 4102.53	 1066.09	 3036.45	  279.32	 7176.88
16:01:18	 7871.33	 7752.73	  118.60	  296.02	 4102.53	 1066.09	 3036.45	  279.36	 7177.35
16:01:20	 7871.33	 7752.01	  119.32	  296.27	 4102.53	 1066.09	 3036.45	  279.38	 7176.36
16:01:22	 7871.33	 7752.38	  118.96	  296.29	 4102.53	 1066.09	 3036.45	  279.40	 7176.69
16:01:24	 7871.33	 7752.71	  118.62	  296.54	 4102.53	 1066.09	 3036.45	  279.34	 7176.83
16:01:26	 7871.33	 7752.95	  118.38	  296.55	 4102.53	 1066.09	 3036.45	  279.43	 7176.97
16:01:28	 7871.33	 7752.95	  118.38	  296.58	 4102.53	 1066.09	 3036.45	  279.43	 7176.94
16:01:30	 7871.33	 7754.55	  116.78	  296.83	 4102.53	 1066.09	 3036.45	  279.46	 7178.27
16:01:32	 7871.33	 7752.90	  118.43	  296.84	 4102.53	 1066.09	 3036.45	  279.48	 7176.58
16:01:34	 7871.33	 7753.10	  118.23	  297.11	 4102.53	 1066.09	 3036.45	  279.41	 7176.58
16:01:36	 7871.33	 7753.44	  117.89	  297.11	 4102.53	 1066.09	 3036.45	  279.51	 7176.82
16:01:38	 7871.33	 7753.59	  117.75	  297.13	 4102.53	 1066.09	 3036.45	  279.52	 7176.93
16:01:40	 7871.33	 7753.20	  118.13	  297.39	 4102.53	 1066.09	 3036.45	  279.54	 7176.27
16:01:42	 7871.33	 7755.00	  116.33	  297.39	 4102.53	 1066.09	 3036.45	  279.55	 7178.05
16:01:44	 7871.33	 7753.61	  117.72	  297.66	 4102.53	 1066.09	 3036.45	  279.48	 7176.46
16:01:46	 7871.33	 7753.98	  117.35	  297.66	 4102.53	 1066.09	 3036.45	  279.59	 7176.73
16:01:48	 7871.33	 7753.94	  117.39	  297.68	 4102.53	 1066.09	 3036.45	  279.60	 7176.66
16:01:50	 7871.33	 7753.59	  117.75	  297.94	 4102.53	 1066.09	 3036.45	  279.62	 7176.03
16:01:52	 7871.33	 7753.45	  117.88	  297.95	 4102.53	 1066.09	 3036.45	  279.64	 7175.87
16:01:54	 7871.33	 7754.31	  117.02	  298.20	 4102.53	 1066.09	 3036.45	  279.58	 7176.53
16:01:56	 7871.33	 7754.55	  116.78	  298.22	 4102.53	 1066.09	 3036.45	  279.66	 7176.68
16:01:58	 7871.33	 7754.68	  116.66	  298.24	 4102.53	 1066.09	 3036.45	  279.66	 7176.77
16:02:00	 7871.33	 7754.32	  117.01	  298.49	 4102.53	 1066.09	 3036.45	  279.70	 7176.13
16:02:02	 7871.33	 7754.44	  116.89	  298.50	 4102.53	 1066.09	 3036.45	  279.72	 7176.23
16:02:04	 7871.33	 7756.30	  115.04	  298.75	 4102.53	 1066.09	 3036.45	  279.65	 7177.89
16:02:06	 7871.33	 7754.81	  116.52	  298.75	 4102.53	 1066.09	 3036.45	  279.75	 7176.31
16:02:08	 7871.33	 7755.18	  116.15	  298.76	 4102.53	 1066.09	 3036.45	  279.76	 7176.66
16:02:10	 7871.33	 7754.94	  116.39	  299.03	 4102.53	 1066.09	 3036.45	  279.78	 7176.13
16:02:12	 7871.33	 7754.91	  116.42	  299.03	 4102.53	 1066.09	 3036.45	  279.79	 7176.09
16:02:14	 7871.33	 7757.39	  113.95	  299.30	 4102.53	 1066.09	 3036.45	  279.71	 7178.37
16:02:16	 7871.33	 7755.78	  115.55	  299.31	 4102.53	 1066.09	 3036.45	  279.83	 7176.64
16:02:18	 7871.33	 7755.31	  116.02	  299.31	 4102.53	 1066.09	 3036.45	  279.85	 7176.16
16:02:20	 7871.33	 7755.53	  115.80	  299.58	 4102.53	 1066.09	 3036.45	  279.86	 7176.09
16:02:22	 7871.33	 7755.65	  115.68	  299.58	 4102.53	 1066.09	 3036.45	  279.88	 7176.19
16:02:24	 7871.33	 7756.24	  115.09	  299.83	 4102.53	 1066.09	 3036.45	  279.82	 7176.59
16:02:26	 7871.33	 7756.12	  115.21	  299.85	 4102.53	 1066.09	 3036.45	  279.91	 7176.37
16:02:28	 7871.33	 7756.39	  114.94	  299.85	 4102.53	 1066.09	 3036.45	  279.93	 7176.62
16:02:30	 7871.33	 7756.16	  115.17	  300.11	 4102.53	 1066.09	 3036.45	  279.93	 7176.12
16:02:32	 7871.33	 7756.39	  114.94	  300.12	 4102.53	 1066.09	 3036.45	  279.96	 7176.32
16:02:34	 7871.33	 7756.77	  114.56	  300.38	 4102.53	 1066.09	 3036.45	  279.89	 7176.50
16:02:36	 7871.33	 7756.67	  114.66	  300.39	 4102.53	 1066.09	 3036.45	  279.99	 7176.29
16:02:38	 7871.33	 7757.72	  113.61	  300.40	 4102.53	 1066.09	 3036.45	  279.99	 7177.33
16:02:40	 7871.33	 7756.63	  114.70	  300.65	 4102.53	 1066.09	 3036.45	  280.02	 7175.95
16:02:42	 7871.33	 7757.10	  114.23	  300.67	 4102.53	 1066.09	 3036.45	  280.03	 7176.40
16:02:44	 7871.33	 7757.32	  114.01	  300.93	 4102.53	 1066.09	 3036.45	  279.96	 7176.44
16:02:46	 7871.33	 7760.07	  111.27	  300.93	 4102.53	 1066.09	 3036.45	  280.05	 7179.08
16:02:48	 7871.33	 7757.35	  113.98	  300.94	 4102.53	 1066.09	 3036.45	  280.06	 7176.34
16:02:50	 7871.33	 7757.48	  113.85	  301.19	 4102.53	 1066.09	 3036.45	  280.09	 7176.20
16:02:52	 7871.33	 7757.58	  113.75	  301.21	 4102.53	 1066.09	 3036.45	  280.12	 7176.25
16:02:54	 7871.33	 7758.07	  113.27	  301.46	 4102.53	 1066.09	 3036.45	  280.14	 7176.46
16:02:56	 7871.33	 7758.19	  113.14	  301.46	 4102.53	 1066.09	 3036.45	  280.15	 7176.57
16:02:58	 7871.33	 7748.85	  122.48	  291.80	 4102.53	 1066.09	 3036.45	  280.10	 7176.95
16:03:00	 7871.33	 7748.73	  122.61	  292.06	 4102.53	 1066.09	 3036.45	  280.13	 7176.54
16:03:02	 7871.33	 7749.00	  122.33	  292.07	 4102.53	 1066.09	 3036.45	  280.14	 7176.80
16:03:04	 7871.33	 7749.24	  122.09	  292.33	 4102.53	 1066.09	 3036.45	  280.15	 7176.76
16:03:06	 7871.33	 7749.45	  121.88	  292.33	 4102.53	 1066.09	 3036.45	  280.18	 7176.95
16:03:08	 7871.33	 7748.97	  122.36	  292.34	 4102.53	 1066.09	 3036.45	  280.19	 7176.44
16:03:10	 7871.33	 7749.33	  122.00	  292.60	 4102.53	 1066.09	 3036.45	  280.21	 7176.53
16:03:12	 7871.33	 7750.58	  120.75	  292.60	 4102.53	 1066.09	 3036.45	  280.23	 7177.76
16:03:14	 7871.33	 7749.97	  121.36	  292.87	 4102.53	 1066.09	 3036.45	  280.24	 7176.86
16:03:16	 7871.33	 7749.85	  121.48	  292.88	 4102.53	 1066.09	 3036.45	  280.25	 7176.72
16:03:18	 7871.33	 7753.07	  118.26	  292.89	 4102.53	 1066.09	 3036.45	  280.27	 7179.92
16:03:20	 7871.33	 7749.95	  121.39	  293.14	 4102.53	 1066.09	 3036.45	  280.28	 7176.52
16:03:22	 7871.33	 7750.07	  121.27	  293.15	 4102.53	 1066.09	 3036.45	  280.29	 7176.62
16:03:24	 7871.33	 7750.82	  120.52	  293.42	 4102.53	 1066.09	 3036.45	  280.32	 7177.08
16:03:26	 7871.33	 7750.68	  120.65	  293.42	 4102.53	 1066.09	 3036.45	  280.33	 7176.93
16:03:28	 7871.33	 7750.22	  121.11	  293.43	 4102.53	 1066.09	 3036.45	  280.35	 7176.45
16:03:30	 7871.33	 7741.22	  130.11	  293.68	 4102.53	 1066.09	 3036.45	  271.07	 7176.47
16:03:32	 7871.33	 7741.34	  129.99	  293.68	 4102.53	 1066.09	 3036.45	  271.09	 7176.57
16:03:34	 7871.33	 7742.07	  129.27	  293.96	 4102.53	 1066.09	 3036.45	  271.10	 7177.00
16:03:36	 7871.33	 7742.08	  129.25	  293.96	 4102.53	 1066.09	 3036.45	  271.12	 7177.00
16:03:38	 7871.33	 7741.60	  129.73	  293.97	 4102.53	 1066.09	 3036.45	  271.13	 7176.50
16:03:40	 7871.33	 7741.87	  129.46	  294.23	 4102.53	 1066.09	 3036.45	  271.15	 7176.48
16:03:42	 7871.33	 7741.58	  129.75	  294.24	 4102.53	 1066.09	 3036.45	  271.16	 7176.18
16:03:44	 7871.33	 7742.19	  129.14	  294.50	 4102.53	 1066.09	 3036.45	  271.17	 7176.52
16:03:46	 7871.33	 7743.91	  127.42	  294.52	 4102.53	 1066.09	 3036.45	  271.20	 7178.20
16:03:49	 7871.33	 7742.34	  128.99	  294.77	 4102.53	 1066.09	 3036.45	  271.13	 7176.44
16:03:51	 7871.33	 7744.48	  126.85	  294.78	 4102.53	 1066.09	 3036.45	  271.23	 7178.48
16:03:53	 7871.33	 7742.82	  128.51	  294.79	 4102.53	 1066.09	 3036.45	  271.23	 7176.80
16:03:55	 7871.33	 7743.31	  128.02	  295.04	 4102.53	 1066.09	 3036.45	  271.25	 7177.02
16:03:57	 7871.33	 7743.40	  127.93	  295.05	 4102.53	 1066.09	 3036.45	  271.27	 7177.07
16:03:59	 7871.33	 7744.04	  127.30	  295.31	 4102.53	 1066.09	 3036.45	  271.21	 7177.52
16:04:01	 7871.33	 7743.32	  128.02	  295.32	 4102.53	 1066.09	 3036.45	  271.30	 7176.70
16:04:03	 7871.33	 7743.54	  127.80	  295.32	 4102.53	 1066.09	 3036.45	  271.32	 7176.90
16:04:05	 7871.33	 7744.13	  127.20	  295.59	 4102.53	 1066.09	 3036.45	  271.33	 7177.22
16:04:07	 7871.33	 7744.15	  127.18	  295.59	 4102.53	 1066.09	 3036.45	  271.35	 7177.21
16:04:09	 7871.33	 7744.04	  127.29	  295.86	 4102.53	 1066.09	 3036.45	  271.27	 7176.92
16:04:11	 7871.33	 7744.40	  126.93	  295.87	 4102.53	 1066.09	 3036.45	  271.39	 7177.14
16:04:13	 7871.33	 7744.66	  126.67	  295.87	 4102.53	 1066.09	 3036.45	  271.40	 7177.39
16:04:15	 7871.33	 7745.00	  126.34	  296.14	 4102.53	 1066.09	 3036.45	  271.41	 7177.45
16:04:17	 7871.33	 7744.99	  126.34	  296.14	 4102.53	 1066.09	 3036.45	  271.43	 7177.42
16:04:19	 7871.33	 7744.61	  126.72	  296.40	 4102.53	 1066.09	 3036.45	  271.36	 7176.85
16:04:21	 7871.33	 7744.97	  126.36	  296.42	 4102.53	 1066.09	 3036.45	  271.46	 7177.09
16:04:23	 7871.33	 7747.09	  124.24	  296.42	 4102.53	 1066.09	 3036.45	  271.48	 7179.20
16:04:25	 7871.33	 7745.59	  125.74	  296.67	 4102.53	 1066.09	 3036.45	  271.49	 7177.43
16:04:27	 7871.33	 7745.84	  125.50	  296.69	 4102.53	 1066.09	 3036.45	  271.51	 7177.64
16:04:29	 7871.33	 7745.11	  126.22	  296.95	 4102.53	 1066.09	 3036.45	  271.44	 7176.73
16:04:31	 7871.33	 7745.46	  125.88	  296.96	 4102.53	 1066.09	 3036.45	  271.54	 7176.96
16:04:33	 7871.33	 7746.88	  124.45	  296.97	 4102.53	 1066.09	 3036.45	  271.56	 7178.35
16:04:35	 7871.33	 7746.22	  125.11	  297.22	 4102.53	 1066.09	 3036.45	  271.58	 7177.42
16:04:37	 7871.33	 7746.10	  125.23	  297.23	 4102.53	 1066.09	 3036.45	  271.59	 7177.28
16:04:39	 7871.33	 7745.62	  125.71	  297.49	 4102.53	 1066.09	 3036.45	  271.53	 7176.60
16:04:41	 7871.33	 7745.83	  125.50	  297.51	 4102.53	 1066.09	 3036.45	  271.63	 7176.69
16:04:43	 7871.33	 7746.36	  124.97	  297.52	 4102.53	 1066.09	 3036.45	  271.65	 7177.19
16:04:45	 7871.33	 7746.61	  124.72	  297.77	 4102.53	 1066.09	 3036.45	  271.66	 7177.18
16:04:47	 7871.33	 7746.81	  124.52	  297.78	 4102.53	 1066.09	 3036.45	  271.68	 7177.35
16:04:49	 7871.33	 7746.68	  124.66	  298.04	 4102.53	 1066.09	 3036.45	  271.61	 7177.02
16:04:51	 7871.33	 7746.55	  124.78	  298.05	 4102.53	 1066.09	 3036.45	  271.71	 7176.79
16:04:53	 7871.33	 7746.68	  124.66	  298.06	 4102.53	 1066.09	 3036.45	  271.73	 7176.89
16:04:55	 7871.33	 7752.77	  118.57	  298.32	 4102.53	 1066.09	 3036.45	  271.75	 7182.70
16:04:57	 7871.33	 7747.42	  123.91	  298.34	 4102.53	 1066.09	 3036.45	  271.75	 7177.33
16:04:59	 7871.33	 7746.95	  124.38	  298.59	 4102.53	 1066.09	 3036.45	  271.69	 7176.67
16:05:01	 7871.33	 7747.04	  124.29	  298.60	 4102.53	 1066.09	 3036.45	  271.80	 7176.64
16:05:03	 7871.33	 7748.27	  123.06	  298.61	 4102.53	 1066.09	 3036.45	  271.82	 7177.84
16:05:05	 7871.33	 7747.64	  123.69	  298.88	 4102.53	 1066.09	 3036.45	  271.83	 7176.94
16:05:07	 7871.33	 7748.04	  123.29	  298.88	 4102.53	 1066.09	 3036.45	  271.84	 7177.32
16:05:09	 7871.33	 7747.56	  123.77	  299.14	 4102.53	 1066.09	 3036.45	  271.77	 7176.65
16:05:11	 7871.33	 7747.79	  123.54	  299.16	 4102.53	 1066.09	 3036.45	  271.86	 7176.77
16:05:13	 7871.33	 7747.27	  124.06	  299.17	 4102.53	 1066.09	 3036.45	  271.88	 7176.22
16:05:15	 7871.33	 7748.14	  123.20	  299.42	 4102.53	 1066.09	 3036.45	  271.91	 7176.81
16:05:17	 7871.33	 7752.95	  118.39	  299.43	 4102.53	 1066.09	 3036.45	  271.92	 7181.60
16:05:19	 7871.33	 7748.15	  123.18	  299.68	 4102.53	 1066.09	 3036.45	  271.84	 7176.63
16:05:21	 7871.33	 7748.03	  123.30	  299.69	 4102.53	 1066.09	 3036.45	  271.95	 7176.39
16:05:23	 7871.33	 7748.27	  123.06	  299.70	 4102.53	 1066.09	 3036.45	  271.96	 7176.61
16:05:25	 7871.33	 7749.10	  122.23	  299.96	 4102.53	 1066.09	 3036.45	  271.98	 7177.16
16:05:27	 7871.33	 7748.86	  122.48	  299.96	 4102.53	 1066.09	 3036.45	  271.99	 7176.90
16:05:29	 7871.33	 7749.13	  122.20	  300.21	 4102.53	 1066.09	 3036.45	  271.93	 7176.98
16:05:31	 7871.33	 7749.02	  122.32	  300.22	 4102.53	 1066.09	 3036.45	  272.03	 7176.77
16:05:33	 7871.33	 7749.11	  122.23	  300.24	 4102.53	 1066.09	 3036.45	  272.04	 7176.83
16:05:35	 7871.33	 7749.59	  121.74	  300.50	 4102.53	 1066.09	 3036.45	  272.05	 7177.04
16:05:37	 7871.33	 7749.48	  121.85	  300.50	 4102.53	 1066.09	 3036.45	  272.07	 7176.92
16:05:39	 7871.33	 7750.70	  120.63	  300.75	 4102.53	 1066.09	 3036.45	  272.00	 7177.95
16:05:41	 7871.33	 7749.61	  121.73	  300.76	 4102.53	 1066.09	 3036.45	  272.10	 7176.74
16:05:43	 7871.33	 7749.96	  121.37	  300.76	 4102.53	 1066.09	 3036.45	  272.13	 7177.07
16:05:45	 7871.33	 7750.56	  120.77	  301.04	 4102.53	 1066.09	 3036.45	  272.14	 7177.38
16:05:47	 7871.33	 7750.67	  120.66	  301.04	 4102.53	 1066.09	 3036.45	  272.16	 7177.48
16:05:49	 7871.33	 7753.40	  117.93	  301.30	 4102.53	 1066.09	 3036.45	  272.17	 7179.93
16:05:51	 7871.33	 7750.58	  120.75	  301.31	 4102.53	 1066.09	 3036.45	  272.19	 7177.09
16:05:53	 7871.33	 7750.58	  120.75	  301.32	 4102.53	 1066.09	 3036.45	  272.19	 7177.07
16:05:55	 7871.33	 7750.82	  120.51	  301.57	 4102.53	 1066.09	 3036.45	  272.21	 7177.04
16:05:57	 7871.33	 7751.04	  120.30	  301.59	 4102.53	 1066.09	 3036.45	  272.23	 7177.22
16:05:59	 7871.33	 7750.55	  120.78	  301.85	 4102.53	 1066.09	 3036.45	  272.24	 7176.46
16:06:01	 7871.33	 7751.53	  119.80	  301.86	 4102.53	 1066.09	 3036.45	  272.27	 7177.40
16:06:03	 7871.33	 7751.05	  120.28	  301.87	 4102.53	 1066.09	 3036.45	  272.28	 7176.90
16:06:05	 7871.33	 7751.29	  120.04	  302.14	 4102.53	 1066.09	 3036.45	  272.30	 7176.85
16:06:07	 7871.33	 7751.54	  119.80	  302.14	 4102.53	 1066.09	 3036.45	  272.32	 7177.07
16:06:09	 7871.33	 7751.28	  120.05	  302.40	 4102.53	 1066.09	 3036.45	  272.34	 7176.54
16:06:11	 7871.33	 7751.41	  119.92	  302.42	 4102.53	 1066.09	 3036.45	  272.35	 7176.64
16:06:13	 7871.33	 7751.80	  119.53	  302.42	 4102.53	 1066.09	 3036.45	  272.37	 7177.01
16:06:15	 7871.33	 7751.92	  119.41	  302.68	 4102.53	 1066.09	 3036.45	  272.38	 7176.86
16:06:17	 7871.33	 7752.29	  119.04	  302.70	 4102.53	 1066.09	 3036.45	  272.39	 7177.20
16:06:19	 7871.33	 7751.32	  120.01	  302.95	 4102.53	 1066.09	 3036.45	  272.41	 7175.97
16:06:21	 7871.33	 7754.85	  116.48	  302.95	 4102.53	 1066.09	 3036.45	  272.43	 7179.47
16:06:23	 7871.33	 7751.65	  119.68	  302.96	 4102.53	 1066.09	 3036.45	  272.45	 7176.24
16:06:25	 7871.33	 7752.52	  118.81	  303.21	 4102.53	 1066.09	 3036.45	  272.46	 7176.85
16:06:27	 7871.33	 7752.76	  118.57	  303.23	 4102.53	 1066.09	 3036.45	  272.47	 7177.06
16:06:29	 7871.33	 7752.00	  119.33	  303.48	 4102.53	 1066.09	 3036.45	  272.49	 7176.03
16:06:31	 7871.33	 7755.84	  115.50	  303.49	 4102.53	 1066.09	 3036.45	  272.50	 7179.84
16:06:33	 7871.33	 7752.73	  118.60	  303.51	 4102.53	 1066.09	 3036.45	  272.52	 7176.70
16:06:36	 7871.33	 7753.00	  118.33	  303.76	 4102.53	 1066.09	 3036.45	  272.54	 7176.70
16:06:38	 7871.33	 7753.62	  117.71	  303.78	 4102.53	 1066.09	 3036.45	  272.55	 7177.29
16:06:40	 7871.33	 7753.37	  117.96	  304.04	 4102.53	 1066.09	 3036.45	  272.57	 7176.75
16:06:42	 7871.33	 7753.21	  118.12	  304.04	 4102.53	 1066.09	 3036.45	  272.59	 7176.58
16:06:44	 7871.33	 7754.06	  117.27	  304.31	 4102.53	 1066.09	 3036.45	  272.53	 7177.23
16:06:46	 7871.33	 7753.82	  117.51	  304.32	 4102.53	 1066.09	 3036.45	  272.63	 7176.88
16:06:48	 7871.33	 7754.21	  117.12	  304.32	 4102.53	 1066.09	 3036.45	  272.64	 7177.25
16:06:50	 7871.33	 7754.09	  117.25	  304.59	 4102.53	 1066.09	 3036.45	  272.66	 7176.83
16:06:52	 7871.33	 7754.33	  117.00	  304.60	 4102.53	 1066.09	 3036.45	  272.68	 7177.05
16:06:54	 7871.33	 7757.82	  113.51	  304.86	 4102.53	 1066.09	 3036.45	  272.61	 7180.36
16:06:56	 7871.33	 7754.54	  116.79	  304.86	 4102.53	 1066.09	 3036.45	  272.71	 7176.96
16:06:58	 7871.33	 7754.95	  116.38	  304.88	 4102.53	 1066.09	 3036.45	  272.73	 7177.34
16:07:00	 7871.33	 7754.31	  117.02	  305.14	 4102.53	 1066.09	 3036.45	  272.74	 7176.43
16:07:02	 7871.33	 7754.56	  116.77	  305.14	 4102.53	 1066.09	 3036.45	  272.75	 7176.67
16:07:04	 7871.33	 7754.92	  116.41	  305.41	 4102.53	 1066.09	 3036.45	  272.69	 7176.82
16:07:06	 7871.33	 7755.28	  116.05	  305.42	 4102.53	 1066.09	 3036.45	  272.79	 7177.07
16:07:08	 7871.33	 7755.30	  116.03	  305.43	 4102.53	 1066.09	 3036.45	  272.80	 7177.08
16:07:10	 7871.33	 7755.40	  115.93	  305.69	 4102.53	 1066.09	 3036.45	  272.82	 7176.89
16:07:12	 7871.33	 7755.43	  115.91	  305.69	 4102.53	 1066.09	 3036.45	  272.84	 7176.89
16:07:14	 7871.33	 7755.77	  115.57	  305.96	 4102.53	 1066.09	 3036.45	  272.77	 7177.04
16:07:16	 7871.33	 7756.01	  115.32	  305.96	 4102.53	 1066.09	 3036.45	  272.87	 7177.17
16:07:18	 7871.33	 7756.01	  115.32	  305.98	 4102.53	 1066.09	 3036.45	  272.88	 7177.14
16:07:20	 7871.33	 7756.75	  114.58	  306.24	 4102.53	 1066.09	 3036.45	  272.91	 7177.60
16:07:22	 7871.33	 7755.18	  116.15	  306.25	 4102.53	 1066.09	 3036.45	  272.92	 7176.01
16:07:24	 7871.33	 7755.89	  115.45	  306.52	 4102.53	 1066.09	 3036.45	  272.85	 7176.52
16:07:26	 7871.33	 7759.60	  111.73	  306.52	 4102.53	 1066.09	 3036.45	  272.95	 7180.12
16:07:28	 7871.33	 7756.23	  115.10	  306.52	 4102.53	 1066.09	 3036.45	  272.97	 7176.74
16:07:30	 7871.33	 7756.36	  114.98	  306.78	 4102.53	 1066.09	 3036.45	  272.98	 7176.59
16:07:32	 7871.33	 7757.60	  113.73	  306.80	 4102.53	 1066.09	 3036.45	  272.99	 7177.81
16:07:34	 7871.33	 7756.86	  114.48	  307.05	 4102.53	 1066.09	 3036.45	  272.93	 7176.88
16:07:36	 7871.33	 7756.98	  114.36	  307.05	 4102.53	 1066.09	 3036.45	  273.03	 7176.89
16:07:38	 7871.33	 7756.96	  114.37	  307.06	 4102.53	 1066.09	 3036.45	  273.04	 7176.86
16:07:40	 7871.33	 7756.72	  114.61	  307.32	 4102.53	 1066.09	 3036.45	  273.05	 7176.34
16:07:42	 7871.33	 7756.85	  114.48	  307.34	 4102.53	 1066.09	 3036.45	  273.07	 7176.44
16:07:44	 7871.33	 7757.60	  113.73	  307.59	 4102.53	 1066.09	 3036.45	  273.02	 7176.98
16:07:46	 7871.33	 7757.61	  113.73	  307.60	 4102.53	 1066.09	 3036.45	  273.11	 7176.89
16:07:48	 7871.33	 7748.15	  123.18	  297.88	 4102.53	 1066.09	 3036.45	  273.11	 7177.16
16:07:50	 7871.33	 7747.64	  123.70	  298.14	 4102.53	 1066.09	 3036.45	  273.11	 7176.38
16:07:52	 7871.33	 7748.01	  123.32	  298.16	 4102.53	 1066.09	 3036.45	  273.12	 7176.73
16:07:54	 7871.33	 7748.36	  122.97	  298.41	 4102.53	 1066.09	 3036.45	  273.09	 7176.86
16:07:56	 7871.33	 7748.64	  122.70	  298.42	 4102.53	 1066.09	 3036.45	  273.18	 7177.03
16:07:58	 7871.33	 7748.93	  122.41	  298.43	 4102.53	 1066.09	 3036.45	  273.20	 7177.30
16:08:00	 7871.33	 7748.52	  122.82	  298.69	 4102.53	 1066.09	 3036.45	  273.21	 7176.62
16:08:02	 7871.33	 7748.62	  122.71	  298.70	 4102.53	 1066.09	 3036.45	  273.23	 7176.70
16:08:04	 7871.33	 7749.09	  122.24	  298.96	 4102.53	 1066.09	 3036.45	  273.16	 7176.97
16:08:06	 7871.33	 7749.70	  121.63	  298.97	 4102.53	 1066.09	 3036.45	  273.25	 7177.48
16:08:08	 7871.33	 7751.13	  120.20	  298.97	 4102.53	 1066.09	 3036.45	  273.27	 7178.88
16:08:10	 7871.33	 7748.87	  122.46	  299.22	 4102.53	 1066.09	 3036.45	  273.29	 7176.36
16:08:12	 7871.33	 7749.27	  122.06	  299.24	 4102.53	 1066.09	 3036.45	  273.30	 7176.73
16:08:14	 7871.33	 7749.84	  121.49	  299.50	 4102.53	 1066.09	 3036.45	  273.24	 7177.09
16:08:16	 7871.33	 7749.83	  121.50	  299.51	 4102.53	 1066.09	 3036.45	  273.34	 7176.98
16:08:18	 7871.33	 7752.80	  118.53	  299.52	 4102.53	 1066.09	 3036.45	  273.35	 7179.93
16:08:20	 7871.33	 7749.84	  121.49	  299.77	 4102.53	 1066.09	 3036.45	  273.38	 7176.69
16:08:22	 7871.33	 7750.20	  121.13	  299.78	 4102.53	 1066.09	 3036.45	  273.38	 7177.04
16:08:24	 7871.33	 7750.46	  120.87	  300.05	 4102.53	 1066.09	 3036.45	  273.32	 7177.09
16:08:26	 7871.33	 7750.54	  120.79	  300.05	 4102.53	 1066.09	 3036.45	  273.42	 7177.07
16:08:28	 7871.33	 7749.82	  121.51	  300.07	 4102.53	 1066.09	 3036.45	  273.44	 7176.32
16:08:30	 7871.33	 7751.92	  119.41	  300.32	 4102.53	 1066.09	 3036.45	  273.47	 7178.14
16:08:32	 7871.33	 7750.58	  120.75	  300.32	 4102.53	 1066.09	 3036.45	  273.48	 7176.79
16:08:34	 7871.33	 7751.19	  120.14	  300.58	 4102.53	 1066.09	 3036.45	  273.50	 7177.11
16:08:36	 7871.33	 7750.19	  121.14	  300.59	 4102.53	 1066.09	 3036.45	  273.51	 7176.09
16:08:38	 7871.33	 7750.57	  120.77	  300.61	 4102.53	 1066.09	 3036.45	  273.53	 7176.43
16:08:40	 7871.33	 7753.43	  117.90	  300.86	 4102.53	 1066.09	 3036.45	  273.54	 7179.04
16:08:42	 7871.33	 7751.32	  120.02	  300.86	 4102.53	 1066.09	 3036.45	  273.55	 7176.91
16:08:44	 7871.33	 7751.56	  119.77	  301.12	 4102.53	 1066.09	 3036.45	  273.57	 7176.87
16:08:46	 7871.33	 7751.81	  119.52	  301.13	 4102.53	 1066.09	 3036.45	  273.59	 7177.09
16:08:48	 7871.33	 7751.19	  120.14	  301.14	 4102.53	 1066.09	 3036.45	  273.60	 7176.45
16:08:50	 7871.33	 7751.67	  119.66	  301.39	 4102.53	 1066.09	 3036.45	  273.61	 7176.67
16:08:52	 7871.33	 7751.91	  119.43	  301.40	 4102.53	 1066.09	 3036.45	  273.63	 7176.88
16:08:54	 7871.33	 7752.30	  119.03	  301.67	 4102.53	 1066.09	 3036.45	  273.66	 7176.98
16:08:56	 7871.33	 7752.67	  118.66	  301.68	 4102.53	 1066.09	 3036.45	  273.66	 7177.34
16:08:58	 7871.33	 7751.95	  119.39	  301.68	 4102.53	 1066.09	 3036.45	  273.68	 7176.59
16:09:00	 7871.33	 7752.03	  119.30	  301.94	 4102.53	 1066.09	 3036.45	  273.68	 7176.40
16:09:02	 7871.33	 7756.34	  114.99	  301.94	 4102.53	 1066.09	 3036.45	  273.71	 7180.70
16:09:04	 7871.33	 7753.13	  118.20	  302.20	 4102.53	 1066.09	 3036.45	  273.72	 7177.21
16:09:06	 7871.33	 7754.52	  116.81	  302.21	 4102.53	 1066.09	 3036.45	  273.73	 7178.58
16:09:08	 7871.33	 7752.03	  119.30	  302.21	 4102.53	 1066.09	 3036.45	  273.76	 7176.05
16:09:10	 7871.33	 7753.00	  118.34	  302.47	 4102.53	 1066.09	 3036.45	  273.77	 7176.76
16:09:12	 7871.33	 7753.26	  118.07	  302.48	 4102.53	 1066.09	 3036.45	  273.77	 7177.01
16:09:14	 7871.33	 7753.48	  117.85	  302.74	 4102.53	 1066.09	 3036.45	  273.79	 7176.95
16:09:16	 7871.33	 7754.96	  116.38	  302.74	 4102.53	 1066.09	 3036.45	  273.82	 7178.39
16:09:18	 7871.33	 7753.13	  118.20	  302.76	 4102.53	 1066.09	 3036.45	  273.84	 7176.54
16:09:20	 7871.33	 7753.50	  117.84	  303.02	 4102.53	 1066.09	 3036.45	  273.84	 7176.64
16:09:22	 7871.33	 7753.72	  117.61	  303.02	 4102.53	 1066.09	 3036.45	  273.86	 7176.84
16:09:25	 7871.33	 7754.46	  116.87	  303.27	 4102.53	 1066.09	 3036.45	  273.88	 7177.31
16:09:27	 7871.33	 7754.46	  116.87	  303.28	 4102.53	 1066.09	 3036.45	  273.89	 7177.29
16:09:29	 7871.33	 7754.74	  116.59	  303.54	 4102.53	 1066.09	 3036.45	  273.83	 7177.37
16:09:31	 7871.33	 7755.11	  116.22	  303.55	 4102.53	 1066.09	 3036.45	  273.93	 7177.63
16:09:33	 7871.33	 7755.25	  116.09	  303.55	 4102.53	 1066.09	 3036.45	  273.95	 7177.75
16:09:35	 7871.33	 7759.50	  111.83	  303.82	 4102.53	 1066.09	 3036.45	  273.96	 7181.72
16:09:37	 7871.33	 7755.94	  115.39	  303.83	 4102.53	 1066.09	 3036.45	  273.98	 7178.14
16:09:39	 7871.33	 7755.31	  116.02	  304.09	 4102.53	 1066.09	 3036.45	  273.91	 7177.32
16:09:41	 7871.33	 7755.60	  115.73	  304.11	 4102.53	 1066.09	 3036.45	  274.00	 7177.49
16:09:43	 7871.33	 7755.82	  115.51	  304.11	 4102.53	 1066.09	 3036.45	  274.03	 7177.68
16:09:45	 7871.33	 7756.19	  115.14	  304.37	 4102.53	 1066.09	 3036.45	  274.05	 7177.77
16:09:47	 7871.33	 7756.41	  114.92	  304.38	 4102.53	 1066.09	 3036.45	  274.06	 7177.96
16:09:49	 7871.33	 7755.30	  116.04	  304.63	 4102.53	 1066.09	 3036.45	  273.99	 7176.68
16:09:51	 7871.33	 7757.40	  113.93	  304.65	 4102.53	 1066.09	 3036.45	  274.09	 7178.66
16:09:53	 7871.33	 7756.19	  115.14	  304.66	 4102.53	 1066.09	 3036.45	  274.10	 7177.43
16:09:55	 7871.33	 7756.43	  114.91	  304.91	 4102.53	 1066.09	 3036.45	  274.13	 7177.38
16:09:57	 7871.33	 7756.67	  114.66	  304.93	 4102.53	 1066.09	 3036.45	  274.12	 7177.61
16:09:59	 7871.33	 7756.27	  115.06	  305.18	 4102.53	 1066.09	 3036.45	  274.07	 7177.02
16:10:01	 7871.33	 7756.27	  115.07	  305.18	 4102.53	 1066.09	 3036.45	  274.16	 7176.92
16:10:03	 7871.33	 7758.18	  113.16	  305.21	 4102.53	 1066.09	 3036.45	  274.19	 7178.78
16:10:05	 7871.33	 7757.14	  114.19	  305.46	 4102.53	 1066.09	 3036.45	  274.20	 7177.48
16:10:07	 7871.33	 7760.36	  110.97	  305.46	 4102.53	 1066.09	 3036.45	  274.22	 7180.68
16:10:09	 7871.33	 7757.15	  114.18	  305.72	 4102.53	 1066.09	 3036.45	  274.15	 7177.28
16:10:11	 7871.33	 7757.11	  114.23	  305.73	 4102.53	 1066.09	 3036.45	  274.25	 7177.13
16:10:13	 7871.33	 7757.36	  113.97	  305.75	 4102.53	 1066.09	 3036.45	  274.25	 7177.36
16:10:15	 7871.33	 7757.41	  113.92	  306.01	 4102.53	 1066.09	 3036.45	  274.29	 7177.11
16:10:17	 7871.33	 7757.89	  113.45	  306.02	 4102.53	 1066.09	 3036.45	  274.29	 7177.58
16:10:19	 7871.33	 7747.82	  123.51	  296.60	 4102.53	 1066.09	 3036.45	  274.15	 7177.07
16:10:21	 7871.33	 7749.41	  121.92	  296.60	 4102.53	 1066.09	 3036.45	  274.26	 7178.55
16:10:23	 7871.33	 7749.37	  121.96	  296.61	 4102.53	 1066.09	 3036.45	  274.28	 7178.48
16:10:25	 7871.33	 7751.06	  120.27	  296.88	 4102.53	 1066.09	 3036.45	  274.30	 7179.88
16:10:27	 7871.33	 7750.07	  121.26	  296.88	 4102.53	 1066.09	 3036.45	  274.31	 7178.88
16:10:29	 7871.33	 7749.08	  122.25	  297.14	 4102.53	 1066.09	 3036.45	  274.25	 7177.69
16:10:31	 7871.33	 7749.43	  121.91	  297.15	 4102.53	 1066.09	 3036.45	  274.34	 7177.93
16:10:33	 7871.33	 7749.77	  121.56	  297.16	 4102.53	 1066.09	 3036.45	  274.35	 7178.27
16:10:35	 7871.33	 7750.14	  121.19	  297.42	 4102.53	 1066.09	 3036.45	  274.38	 7178.35
16:10:37	 7871.33	 7751.39	  119.95	  297.42	 4102.53	 1066.09	 3036.45	  274.39	 7179.57
16:10:39	 7871.33	 7749.68	  121.65	  297.67	 4102.53	 1066.09	 3036.45	  274.32	 7177.69
16:10:41	 7871.33	 7749.76	  121.57	  297.69	 4102.53	 1066.09	 3036.45	  274.42	 7177.65
16:10:43	 7871.33	 7750.60	  120.73	  297.69	 4102.53	 1066.09	 3036.45	  274.44	 7178.47
16:10:45	 7871.33	 7750.83	  120.50	  297.95	 4102.53	 1066.09	 3036.45	  274.46	 7178.43
16:10:47	 7871.33	 7750.58	  120.75	  297.96	 4102.53	 1066.09	 3036.45	  274.46	 7178.16
16:10:49	 7871.33	 7752.88	  118.45	  298.21	 4102.53	 1066.09	 3036.45	  274.41	 7180.26
16:10:51	 7871.33	 7750.84	  120.49	  298.22	 4102.53	 1066.09	 3036.45	  274.50	 7178.12
16:10:53	 7871.33	 7750.84	  120.49	  298.23	 4102.53	 1066.09	 3036.45	  274.52	 7178.09
16:10:55	 7871.33	 7752.70	  118.63	  298.49	 4102.53	 1066.09	 3036.45	  274.54	 7179.68
16:10:57	 7871.33	 7751.31	  120.02	  298.50	 4102.53	 1066.09	 3036.45	  274.55	 7178.27
16:10:59	 7871.33	 7750.96	  120.37	  298.75	 4102.53	 1066.09	 3036.45	  274.49	 7177.72
16:11:01	 7871.33	 7751.58	  119.75	  298.75	 4102.53	 1066.09	 3036.45	  274.59	 7178.23
16:11:03	 7871.33	 7751.58	  119.75	  298.77	 4102.53	 1066.09	 3036.45	  274.60	 7178.21
16:11:05	 7871.33	 7751.82	  119.51	  299.03	 4102.53	 1066.09	 3036.45	  274.69	 7178.11
16:11:07	 7871.33	 7752.16	  119.18	  299.04	 4102.53	 1066.09	 3036.45	  274.71	 7178.41
16:11:09	 7871.33	 7751.79	  119.54	  299.29	 4102.53	 1066.09	 3036.45	  274.72	 7177.78
16:11:11	 7871.33	 7752.42	  118.91	  299.29	 4102.53	 1066.09	 3036.45	  274.73	 7178.39
16:11:13	 7871.33	 7753.55	  117.78	  299.31	 4102.53	 1066.09	 3036.45	  274.74	 7179.50
16:11:15	 7871.33	 7752.18	  119.15	  299.56	 4102.53	 1066.09	 3036.45	  274.77	 7177.86
16:11:17	 7871.33	 7752.67	  118.66	  299.57	 4102.53	 1066.09	 3036.45	  274.78	 7178.32
16:11:19	 7871.33	 7752.41	  118.93	  299.84	 4102.53	 1066.09	 3036.45	  274.79	 7177.78
16:11:21	 7871.33	 7754.91	  116.43	  299.84	 4102.53	 1066.09	 3036.45	  274.81	 7180.26
16:11:23	 7871.33	 7755.62	  115.71	  299.84	 4102.53	 1066.09	 3036.45	  274.82	 7180.96
16:11:25	 7871.33	 7752.78	  118.55	  300.10	 4102.53	 1066.09	 3036.45	  274.85	 7177.83
16:11:27	 7871.33	 7753.38	  117.95	  300.11	 4102.53	 1066.09	 3036.45	  274.87	 7178.41
16:11:29	 7871.33	 7752.90	  118.43	  300.37	 4102.53	 1066.09	 3036.45	  274.88	 7177.65
16:11:31	 7871.33	 7753.25	  118.09	  300.38	 4102.53	 1066.09	 3036.45	  274.89	 7177.98
16:11:33	 7871.33	 7753.12	  118.21	  300.38	 4102.53	 1066.09	 3036.45	  274.91	 7177.83
16:11:35	 7871.33	 7753.76	  117.57	  300.64	 4102.53	 1066.09	 3036.45	  274.93	 7178.19
16:11:37	 7871.33	 7753.76	  117.57	  300.66	 4102.53	 1066.09	 3036.45	  274.93	 7178.16
16:11:39	 7871.33	 7753.41	  117.93	  300.91	 4102.53	 1066.09	 3036.45	  274.96	 7177.53
16:11:41	 7871.33	 7753.65	  117.68	  300.93	 4102.53	 1066.09	 3036.45	  274.97	 7177.75
16:11:43	 7871.33	 7753.88	  117.45	  300.94	 4102.53	 1066.09	 3036.45	  274.99	 7177.95
16:11:45	 7871.33	 7754.09	  117.24	  301.19	 4102.53	 1066.09	 3036.45	  275.01	 7177.90
16:11:47	 7871.33	 7754.23	  117.10	  301.20	 4102.53	 1066.09	 3036.45	  275.02	 7178.01
16:11:49	 7871.33	 7754.00	  117.33	  301.46	 4102.53	 1066.09	 3036.45	  275.04	 7177.51
16:11:51	 7871.33	 7754.21	  117.12	  301.47	 4102.53	 1066.09	 3036.45	  275.05	 7177.70
16:11:53	 7871.33	 7756.47	  114.86	  301.48	 4102.53	 1066.09	 3036.45	  275.05	 7179.94
16:11:55	 7871.33	 7754.70	  116.63	  301.73	 4102.53	 1066.09	 3036.45	  275.08	 7177.89
16:11:57	 7871.33	 7755.83	  115.50	  301.73	 4102.53	 1066.09	 3036.45	  275.11	 7178.98
16:12:00	 7871.33	 7754.62	  116.71	  302.00	 4102.53	 1066.09	 3036.45	  275.12	 7177.50
16:12:02	 7871.33	 7754.62	  116.71	  302.02	 4102.53	 1066.09	 3036.45	  275.12	 7177.48
16:12:04	 7871.33	 7754.84	  116.50	  302.27	 4102.53	 1066.09	 3036.45	  275.07	 7177.50
16:12:06	 7871.33	 7754.82	  116.51	  302.27	 4102.53	 1066.09	 3036.45	  275.17	 7177.38
16:12:08	 7871.33	 7755.20	  116.13	  302.29	 4102.53	 1066.09	 3036.45	  275.18	 7177.73
16:12:10	 7871.33	 7754.86	  116.47	  302.55	 4102.53	 1066.09	 3036.45	  275.20	 7177.12
16:12:12	 7871.33	 7755.57	  115.76	  302.55	 4102.53	 1066.09	 3036.45	  275.21	 7177.80
16:12:14	 7871.33	 7755.80	  115.53	  302.81	 4102.53	 1066.09	 3036.45	  275.14	 7177.86
16:12:16	 7871.33	 7756.30	  115.04	  302.82	 4102.53	 1066.09	 3036.45	  275.24	 7178.24
16:12:18	 7871.33	 7756.04	  115.29	  302.84	 4102.53	 1066.09	 3036.45	  275.25	 7177.95
16:12:20	 7871.33	 7755.91	  115.42	  303.09	 4102.53	 1066.09	 3036.45	  275.27	 7177.54
16:12:22	 7871.33	 7756.18	  115.15	  303.10	 4102.53	 1066.09	 3036.45	  275.29	 7177.79
16:12:24	 7871.33	 7756.55	  114.79	  303.37	 4102.53	 1066.09	 3036.45	  275.22	 7177.96
16:12:26	 7871.33	 7758.44	  112.89	  303.38	 4102.53	 1066.09	 3036.45	  275.33	 7179.74
16:12:28	 7871.33	 7757.14	  114.20	  303.38	 4102.53	 1066.09	 3036.45	  275.34	 7178.42
16:12:30	 7871.33	 7756.53	  114.80	  303.64	 4102.53	 1066.09	 3036.45	  275.35	 7177.54
16:12:32	 7871.33	 7760.49	  110.84	  303.66	 4102.53	 1066.09	 3036.45	  275.38	 7181.46
16:12:34	 7871.33	 7747.21	  124.12	  294.02	 4102.53	 1066.09	 3036.45	  275.21	 7177.98
16:12:36	 7871.33	 7747.21	  124.12	  294.02	 4102.53	 1066.09	 3036.45	  275.31	 7177.88
16:12:38	 7871.33	 7747.34	  123.99	  294.02	 4102.53	 1066.09	 3036.45	  275.34	 7177.99
16:12:40	 7871.33	 7747.21	  124.12	  294.29	 4102.53	 1066.09	 3036.45	  275.34	 7177.58
16:12:42	 7871.33	 7747.33	  124.00	  294.29	 4102.53	 1066.09	 3036.45	  275.36	 7177.68
16:12:44	 7871.33	 7747.94	  123.39	  294.55	 4102.53	 1066.09	 3036.45	  275.30	 7178.09
16:12:46	 7871.33	 7748.07	  123.26	  294.56	 4102.53	 1066.09	 3036.45	  275.39	 7178.12
16:12:48	 7871.33	 7748.34	  123.00	  294.56	 4102.53	 1066.09	 3036.45	  275.41	 7178.37
16:12:50	 7871.33	 7747.83	  123.50	  294.82	 4102.53	 1066.09	 3036.45	  275.42	 7177.59
16:12:52	 7871.33	 7747.80	  123.53	  294.82	 4102.53	 1066.09	 3036.45	  275.44	 7177.54
16:12:54	 7871.33	 7748.68	  122.66	  295.08	 4102.53	 1066.09	 3036.45	  275.38	 7178.21
16:12:56	 7871.33	 7748.55	  122.79	  295.10	 4102.53	 1066.09	 3036.45	  275.47	 7177.98
16:12:58	 7871.33	 7750.82	  120.51	  295.10	 4102.53	 1066.09	 3036.45	  275.48	 7180.24
16:13:00	 7871.33	 7748.53	  122.80	  295.35	 4102.53	 1066.09	 3036.45	  275.50	 7177.68
16:13:02	 7871.33	 7748.77	  122.56	  295.36	 4102.53	 1066.09	 3036.45	  275.52	 7177.89
16:13:04	 7871.33	 7749.01	  122.32	  295.62	 4102.53	 1066.09	 3036.45	  275.46	 7177.93
16:13:06	 7871.33	 7750.62	  120.71	  295.63	 4102.53	 1066.09	 3036.45	  275.54	 7179.46
16:13:08	 7871.33	 7749.52	  121.82	  295.64	 4102.53	 1066.09	 3036.45	  275.57	 7178.31
16:13:10	 7871.33	 7749.18	  122.15	  295.89	 4102.53	 1066.09	 3036.45	  275.59	 7177.70
16:13:12	 7871.33	 7749.27	  122.07	  295.90	 4102.53	 1066.09	 3036.45	  275.60	 7177.76
16:13:14	 7871.33	 7749.98	  121.35	  296.17	 4102.53	 1066.09	 3036.45	  275.52	 7178.29
16:13:16	 7871.33	 7750.11	  121.23	  296.18	 4102.53	 1066.09	 3036.45	  275.62	 7178.30
16:13:18	 7871.33	 7750.26	  121.07	  296.18	 4102.53	 1066.09	 3036.45	  275.66	 7178.42
16:13:20	 7871.33	 7750.02	  121.32	  296.45	 4102.53	 1066.09	 3036.45	  275.66	 7177.91
16:13:22	 7871.33	 7750.14	  121.20	  296.46	 4102.53	 1066.09	 3036.45	  275.68	 7178.00
16:13:24	 7871.33	 7750.59	  120.74	  296.71	 4102.53	 1066.09	 3036.45	  275.61	 7178.26
16:13:26	 7871.33	 7749.73	  121.61	  296.72	 4102.53	 1066.09	 3036.45	  275.71	 7177.29
16:13:28	 7871.33	 7750.99	  120.34	  296.74	 4102.53	 1066.09	 3036.45	  275.82	 7178.43
16:13:30	 7871.33	 7753.11	  118.22	  297.00	 4102.53	 1066.09	 3036.45	  275.84	 7180.27
16:13:32	 7871.33	 7750.61	  120.72	  297.02	 4102.53	 1066.09	 3036.45	  275.84	 7177.76
16:13:34	 7871.33	 7751.00	  120.33	  297.27	 4102.53	 1066.09	 3036.45	  275.79	 7177.95
16:13:36	 7871.33	 7750.95	  120.38	  297.28	 4102.53	 1066.09	 3036.45	  275.88	 7177.79
16:13:38	 7871.33	 7751.32	  120.02	  297.30	 4102.53	 1066.09	 3036.45	  275.91	 7178.11
16:13:40	 7871.33	 7751.27	  120.06	  297.55	 4102.53	 1066.09	 3036.45	  275.94	 7177.79
16:13:42	 7871.33	 7751.22	  120.11	  297.55	 4102.53	 1066.09	 3036.45	  275.94	 7177.73
16:13:44	 7871.33	 7751.46	  119.87	  297.82	 4102.53	 1066.09	 3036.45	  275.88	 7177.76
16:13:46	 7871.33	 7751.93	  119.40	  297.83	 4102.53	 1066.09	 3036.45	  275.99	 7178.11
16:13:48	 7871.33	 7751.19	  120.14	  297.84	 4102.53	 1066.09	 3036.45	  276.00	 7177.34
16:13:50	 7871.33	 7751.55	  119.78	  298.10	 4102.53	 1066.09	 3036.45	  276.02	 7177.43
16:13:52	 7871.33	 7752.31	  119.02	  298.10	 4102.53	 1066.09	 3036.45	  276.04	 7178.17
16:13:54	 7871.33	 7752.55	  118.78	  298.37	 4102.53	 1066.09	 3036.45	  276.06	 7178.12
16:13:56	 7871.33	 7752.80	  118.53	  298.38	 4102.53	 1066.09	 3036.45	  276.07	 7178.35
16:13:58	 7871.33	 7752.17	  119.16	  298.40	 4102.53	 1066.09	 3036.45	  276.09	 7177.68
16:14:00	 7871.33	 7752.66	  118.68	  298.65	 4102.53	 1066.09	 3036.45	  276.11	 7177.90
16:14:02	 7871.33	 7758.03	  113.30	  298.66	 4102.53	 1066.09	 3036.45	  276.12	 7183.25
16:14:04	 7871.33	 7753.04	  118.29	  298.92	 4102.53	 1066.09	 3036.45	  276.14	 7177.98
16:14:06	 7871.33	 7753.38	  117.96	  298.92	 4102.53	 1066.09	 3036.45	  276.15	 7178.30
16:14:08	 7871.33	 7752.77	  118.56	  298.95	 4102.53	 1066.09	 3036.45	  276.18	 7177.64
16:14:10	 7871.33	 7753.01	  118.32	  299.20	 4102.53	 1066.09	 3036.45	  276.19	 7177.62
16:14:12	 7871.33	 7753.13	  118.20	  299.20	 4102.53	 1066.09	 3036.45	  276.21	 7177.72
16:14:14	 7871.33	 7753.39	  117.94	  299.47	 4102.53	 1066.09	 3036.45	  276.23	 7177.70
16:14:16	 7871.33	 7753.75	  117.58	  299.48	 4102.53	 1066.09	 3036.45	  276.24	 7178.04
16:14:18	 7871.33	 7753.13	  118.20	  299.49	 4102.53	 1066.09	 3036.45	  276.25	 7177.39
16:14:20	 7871.33	 7753.50	  117.84	  299.76	 4102.53	 1066.09	 3036.45	  276.26	 7177.48
16:14:22	 7871.33	 7753.50	  117.84	  299.76	 4102.53	 1066.09	 3036.45	  276.29	 7177.45
16:14:24	 7871.33	 7755.41	  115.92	  300.02	 4102.53	 1066.09	 3036.45	  276.31	 7179.09
16:14:26	 7871.33	 7754.02	  117.31	  300.02	 4102.53	 1066.09	 3036.45	  276.31	 7177.68
16:14:28	 7871.33	 7753.54	  117.80	  300.02	 4102.53	 1066.09	 3036.45	  276.34	 7177.18
16:14:30	 7871.33	 7754.10	  117.23	  300.29	 4102.53	 1066.09	 3036.45	  276.35	 7177.46
16:14:32	 7871.33	 7754.36	  116.97	  300.30	 4102.53	 1066.09	 3036.45	  276.36	 7177.70
16:14:35	 7871.33	 7757.09	  114.25	  300.55	 4102.53	 1066.09	 3036.45	  276.37	 7180.16
16:14:37	 7871.33	 7754.84	  116.49	  300.55	 4102.53	 1066.09	 3036.45	  276.39	 7177.89
16:14:39	 7871.33	 7754.50	  116.84	  300.81	 4102.53	 1066.09	 3036.45	  276.34	 7177.35
16:14:41	 7871.33	 7754.96	  116.37	  300.83	 4102.53	 1066.09	 3036.45	  276.43	 7177.71
16:14:43	 7871.33	 7755.19	  116.14	  300.83	 4102.53	 1066.09	 3036.45	  276.44	 7177.92
16:14:45	 7871.33	 7755.07	  116.26	  301.09	 4102.53	 1066.09	 3036.45	  276.46	 7177.52
16:14:47	 7871.33	 7757.05	  114.28	  301.09	 4102.53	 1066.09	 3036.45	  276.48	 7179.48
16:14:49	 7871.33	 7755.22	  116.11	  301.35	 4102.53	 1066.09	 3036.45	  276.42	 7177.45
16:14:51	 7871.33	 7755.59	  115.75	  301.37	 4102.53	 1066.09	 3036.45	  276.51	 7177.71
16:14:53	 7871.33	 7755.70	  115.63	  301.37	 4102.53	 1066.09	 3036.45	  276.53	 7177.80
16:14:55	 7871.33	 7756.15	  115.18	  301.62	 4102.53	 1066.09	 3036.45	  276.54	 7177.99
16:14:57	 7871.33	 7756.44	  114.89	  301.63	 4102.53	 1066.09	 3036.45	  276.55	 7178.26
16:14:59	 7871.33	 7755.93	  115.41	  301.89	 4102.53	 1066.09	 3036.45	  276.48	 7177.56
16:15:01	 7871.33	 7756.18	  115.15	  301.90	 4102.53	 1066.09	 3036.45	  276.58	 7177.70
16:15:03	 7871.33	 7756.27	  115.06	  301.91	 4102.53	 1066.09	 3036.45	  276.59	 7177.77
16:15:05	 7871.33	 7756.52	  114.82	  302.17	 4102.53	 1066.09	 3036.45	  276.61	 7177.74
16:15:07	 7871.33	 7758.94	  112.39	  302.18	 4102.53	 1066.09	 3036.45	  276.62	 7180.14
16:15:09	 7871.33	 7755.93	  115.41	  302.43	 4102.53	 1066.09	 3036.45	  276.57	 7176.93
16:15:11	 7871.33	 7756.67	  114.66	  302.44	 4102.53	 1066.09	 3036.45	  276.67	 7177.56
16:15:13	 7871.33	 7756.91	  114.42	  302.45	 4102.53	 1066.09	 3036.45	  276.68	 7177.78
16:15:15	 7871.33	 7757.52	  113.82	  302.70	 4102.53	 1066.09	 3036.45	  276.70	 7178.11
16:15:17	 7871.33	 7757.14	  114.20	  302.71	 4102.53	 1066.09	 3036.45	  276.71	 7177.71
16:15:19	 7871.33	 7756.27	  115.06	  302.96	 4102.53	 1066.09	 3036.45	  276.65	 7176.66
16:15:21	 7871.33	 7757.30	  114.04	  302.97	 4102.53	 1066.09	 3036.45	  276.75	 7177.58
16:15:23	 7871.33	 7757.65	  113.68	  302.98	 4102.53	 1066.09	 3036.45	  276.75	 7177.92
16:15:25	 7871.33	 7758.00	  113.33	  303.24	 4102.53	 1066.09	 3036.45	  276.77	 7177.99
16:15:27	 7871.33	 7758.21	  113.12	  303.25	 4102.53	 1066.09	 3036.45	  276.79	 7178.18
16:15:29	 7871.33	 7758.02	  113.31	  303.50	 4102.53	 1066.09	 3036.45	  276.73	 7177.79
16:15:31	 7871.33	 7757.86	  113.48	  303.51	 4102.53	 1066.09	 3036.45	  276.83	 7177.52
16:15:33	 7871.33	 7757.98	  113.35	  303.52	 4102.53	 1066.09	 3036.45	  276.84	 7177.62
16:15:35	 7871.33	 7758.45	  112.88	  303.79	 4102.53	 1066.09	 3036.45	  276.86	 7177.81
16:15:37	 7871.33	 7758.82	  112.52	  303.80	 4102.53	 1066.09	 3036.45	  276.86	 7178.15
16:15:39	 7871.33	 7761.57	  109.77	  304.06	 4102.53	 1066.09	 3036.45	  276.81	 7180.70
16:15:41	 7871.33	 7750.08	  121.25	  295.11	 4102.53	 1066.09	 3036.45	  276.85	 7178.12
16:15:43	 7871.33	 7750.49	  120.84	  295.12	 4102.53	 1066.09	 3036.45	  276.90	 7178.47
16:15:45	 7871.33	 7750.48	  120.86	  295.38	 4102.53	 1066.09	 3036.45	  276.93	 7178.16
16:15:47	 7871.33	 7750.93	  120.40	  295.38	 4102.53	 1066.09	 3036.45	  276.95	 7178.60
16:15:49	 7871.33	 7750.58	  120.75	  295.65	 4102.53	 1066.09	 3036.45	  276.88	 7178.05
16:15:51	 7871.33	 7750.93	  120.40	  295.65	 4102.53	 1066.09	 3036.45	  276.98	 7178.30
16:15:53	 7871.33	 7750.93	  120.40	  295.66	 4102.53	 1066.09	 3036.45	  276.99	 7178.28
16:15:55	 7871.33	 7751.20	  120.13	  295.92	 4102.53	 1066.09	 3036.45	  277.00	 7178.28
16:15:57	 7871.33	 7751.34	  119.99	  295.92	 4102.53	 1066.09	 3036.45	  277.02	 7178.39
16:15:59	 7871.33	 7751.17	  120.16	  296.18	 4102.53	 1066.09	 3036.45	  276.96	 7178.03
16:16:01	 7871.33	 7751.31	  120.02	  296.19	 4102.53	 1066.09	 3036.45	  277.05	 7178.07
16:16:03	 7871.33	 7751.29	  120.04	  296.20	 4102.53	 1066.09	 3036.45	  277.07	 7178.03
16:16:05	 7871.33	 7754.79	  116.55	  296.45	 4102.53	 1066.09	 3036.45	  277.08	 7181.25
16:16:07	 7871.33	 7759.39	  111.95	  296.46	 4102.53	 1066.09	 3036.45	  277.10	 7185.82
16:16:09	 7871.33	 7753.74	  117.59	  285.64	 4102.53	 1066.09	 3036.45	  276.36	 7191.74
16:16:11	 7871.33	 7756.77	  114.57	  285.64	 4102.53	 1066.09	 3036.45	  276.46	 7194.66
16:16:13	 7871.33	 7754.23	  117.11	  285.65	 4102.53	 1066.09	 3036.45	  276.46	 7192.11
16:16:15	 7871.33	 7754.25	  117.08	  285.92	 4102.53	 1066.09	 3036.45	  276.48	 7191.85
16:16:17	 7871.33	 7754.64	  116.69	  285.93	 4102.53	 1066.09	 3036.45	  276.51	 7192.20
16:16:19	 7871.33	 7751.00	  120.33	  286.19	 4102.53	 1066.09	 3036.45	  276.45	 7188.37
16:16:21	 7871.33	 7751.59	  119.74	  286.20	 4102.53	 1066.09	 3036.45	  276.54	 7188.86
16:16:23	 7871.33	 7751.57	  119.76	  286.20	 4102.53	 1066.09	 3036.45	  276.55	 7188.82
16:16:25	 7871.33	 7752.04	  119.30	  286.46	 4102.53	 1066.09	 3036.45	  276.57	 7189.00
16:16:27	 7871.33	 7754.66	  116.68	  286.47	 4102.53	 1066.09	 3036.45	  276.58	 7191.61
16:16:29	 7871.33	 7751.20	  120.14	  286.73	 4102.53	 1066.09	 3036.45	  276.52	 7187.95
16:16:31	 7871.33	 7751.57	  119.77	  286.75	 4102.53	 1066.09	 3036.45	  276.62	 7188.20
16:16:33	 7871.33	 7751.69	  119.64	  286.75	 4102.53	 1066.09	 3036.45	  276.64	 7188.30
16:16:35	 7871.33	 7752.16	  119.17	  287.01	 4102.53	 1066.09	 3036.45	  276.65	 7188.51
16:16:37	 7871.33	 7752.26	  119.07	  287.03	 4102.53	 1066.09	 3036.45	  276.67	 7188.56
16:16:39	 7871.33	 7752.16	  119.18	  287.29	 4102.53	 1066.09	 3036.45	  276.70	 7188.17
16:16:41	 7871.33	 7752.43	  118.90	  287.30	 4102.53	 1066.09	 3036.45	  276.71	 7188.42
16:16:43	 7871.33	 7755.96	  115.37	  287.32	 4102.53	 1066.09	 3036.45	  276.71	 7191.93
16:16:45	 7871.33	 7753.00	  118.33	  287.57	 4102.53	 1066.09	 3036.45	  276.73	 7188.70
16:16:47	 7871.33	 7755.55	  115.79	  287.58	 4102.53	 1066.09	 3036.45	  276.75	 7191.21
16:16:49	 7871.33	 7754.12	  117.21	  287.84	 4102.53	 1066.09	 3036.45	  276.78	 7189.50
16:16:51	 7871.33	 7752.89	  118.44	  287.85	 4102.53	 1066.09	 3036.45	  276.78	 7188.27
16:16:53	 7871.33	 7752.91	  118.43	  287.86	 4102.53	 1066.09	 3036.45	  276.80	 7188.25
16:16:55	 7871.33	 7753.62	  117.71	  288.11	 4102.53	 1066.09	 3036.45	  276.81	 7188.71
16:16:57	 7871.33	 7753.36	  117.97	  288.12	 4102.53	 1066.09	 3036.45	  276.83	 7188.41
16:16:59	 7871.33	 7753.14	  118.19	  288.39	 4102.53	 1066.09	 3036.45	  276.85	 7187.90
16:17:01	 7871.33	 7753.62	  117.71	  288.39	 4102.53	 1066.09	 3036.45	  276.88	 7188.36
16:17:03	 7871.33	 7753.50	  117.84	  288.40	 4102.53	 1066.09	 3036.45	  276.89	 7188.21
16:17:05	 7871.33	 7753.98	  117.35	  288.66	 4102.53	 1066.09	 3036.45	  276.90	 7188.42
16:17:07	 7871.33	 7753.84	  117.50	  288.66	 4102.53	 1066.09	 3036.45	  276.92	 7188.26
16:17:09	 7871.33	 7753.71	  117.62	  288.93	 4102.53	 1066.09	 3036.45	  276.94	 7187.85
16:17:11	 7871.33	 7754.08	  117.25	  288.94	 4102.53	 1066.09	 3036.45	  276.94	 7188.20
16:17:13	 7871.33	 7754.46	  116.88	  288.96	 4102.53	 1066.09	 3036.45	  276.95	 7188.55
16:17:15	 7871.33	 7757.32	  114.01	  289.21	 4102.53	 1066.09	 3036.45	  276.98	 7191.13
16:17:17	 7871.33	 7754.82	  116.51	  289.21	 4102.53	 1066.09	 3036.45	  277.00	 7188.62
16:17:19	 7871.33	 7754.44	  116.89	  289.48	 4102.53	 1066.09	 3036.45	  277.02	 7187.94
16:17:21	 7871.33	 7754.56	  116.77	  289.49	 4102.53	 1066.09	 3036.45	  277.03	 7188.04
16:17:23	 7871.33	 7756.43	  114.91	  289.49	 4102.53	 1066.09	 3036.45	  277.07	 7189.87
16:17:26	 7871.33	 7755.20	  116.13	  289.76	 4102.53	 1066.09	 3036.45	  277.07	 7188.37
16:17:28	 7871.33	 7755.51	  115.82	  289.77	 4102.53	 1066.09	 3036.45	  277.09	 7188.66
16:17:30	 7871.33	 7754.91	  116.42	  290.02	 4102.53	 1066.09	 3036.45	  277.11	 7187.78
16:17:32	 7871.33	 7755.11	  116.22	  290.04	 4102.53	 1066.09	 3036.45	  277.12	 7187.96
16:17:34	 7871.33	 7755.23	  116.10	  290.30	 4102.53	 1066.09	 3036.45	  277.05	 7187.88
16:17:36	 7871.33	 7755.63	  115.70	  290.30	 4102.53	 1066.09	 3036.45	  277.15	 7188.17
16:17:38	 7871.33	 7755.63	  115.70	  290.32	 4102.53	 1066.09	 3036.45	  277.16	 7188.14
16:17:40	 7871.33	 7755.39	  115.95	  290.58	 4102.53	 1066.09	 3036.45	  277.19	 7187.62
16:17:42	 7871.33	 7755.39	  115.95	  290.59	 4102.53	 1066.09	 3036.45	  277.19	 7187.60
16:17:44	 7871.33	 7755.72	  115.61	  290.86	 4102.53	 1066.09	 3036.45	  277.13	 7187.73
16:17:46	 7871.33	 7756.21	  115.12	  290.86	 4102.53	 1066.09	 3036.45	  277.23	 7188.12
16:17:48	 7871.33	 7756.39	  114.94	  290.87	 4102.53	 1066.09	 3036.45	  277.24	 7188.29
16:17:50	 7871.33	 7755.76	  115.57	  291.12	 4102.53	 1066.09	 3036.45	  277.26	 7187.38
16:17:52	 7871.33	 7755.96	  115.37	  291.12	 4102.53	 1066.09	 3036.45	  277.28	 7187.55
16:17:54	 7871.33	 7755.96	  115.37	  291.40	 4102.53	 1066.09	 3036.45	  277.21	 7187.36
16:17:56	 7871.33	 7756.09	  115.24	  291.40	 4102.53	 1066.09	 3036.45	  277.31	 7187.38
16:17:58	 7871.33	 7759.71	  111.62	  291.40	 4102.53	 1066.09	 3036.45	  277.32	 7190.99
16:18:00	 7871.33	 7746.59	  124.75	  283.23	 4102.53	 1066.09	 3036.45	  275.79	 7187.57
16:18:02	 7871.33	 7746.69	  124.64	  283.23	 4102.53	 1066.09	 3036.45	  275.80	 7187.66
16:18:04	 7871.33	 7746.91	  124.42	  283.50	 4102.53	 1066.09	 3036.45	  275.73	 7187.69
16:18:06	 7871.33	 7747.27	  124.07	  283.50	 4102.53	 1066.09	 3036.45	  275.82	 7187.94
16:18:08	 7871.33	 7747.39	  123.95	  283.50	 4102.53	 1066.09	 3036.45	  275.84	 7188.04
16:18:10	 7871.33	 7747.89	  123.44	  283.76	 4102.53	 1066.09	 3036.45	  275.86	 7188.28
16:18:12	 7871.33	 7746.92	  124.41	  283.77	 4102.53	 1066.09	 3036.45	  275.87	 7187.28
16:18:14	 7871.33	 7747.53	  123.80	  284.04	 4102.53	 1066.09	 3036.45	  275.80	 7187.70
16:18:16	 7871.33	 7747.38	  123.95	  284.04	 4102.53	 1066.09	 3036.45	  275.91	 7187.43
16:18:18	 7871.33	 7747.87	  123.46	  284.05	 4102.53	 1066.09	 3036.45	  275.91	 7187.91
16:18:20	 7871.33	 7751.44	  119.89	  284.31	 4102.53	 1066.09	 3036.45	  275.93	 7191.20
16:18:22	 7871.33	 7748.76	  122.57	  284.31	 4102.53	 1066.09	 3036.45	  275.95	 7188.50
16:18:24	 7871.33	 7748.54	  122.79	  284.57	 4102.53	 1066.09	 3036.45	  275.89	 7188.09
16:18:26	 7871.33	 7748.30	  123.03	  284.58	 4102.53	 1066.09	 3036.45	  275.98	 7187.74
16:18:28	 7871.33	 7748.48	  122.86	  284.58	 4102.53	 1066.09	 3036.45	  276.00	 7187.90
