    Time	  MemTotal	   MemUsed	   MemFree	   MemBuff	SwapTotal	SwapUsed	SwapFree	SwapCached	RealUsedMem
15:55:12	 7871.33	 7705.44	  165.89	 5180.19	 4110.34	  273.62	 3836.72	 1010.73	 1514.52
15:55:15	 7871.33	 7706.27	  165.06	 5180.19	 4110.34	  273.62	 3836.72	 1011.16	 1514.92
15:55:17	 7871.33	 7707.04	  164.29	 5180.44	 4110.34	  273.62	 3836.72	 1011.71	 1514.88
15:55:19	 7871.33	 7706.97	  164.36	 5180.45	 4110.34	  273.62	 3836.72	 1011.93	 1514.59
15:55:21	 7871.33	 7710.56	  160.77	 5180.70	 4110.34	  273.62	 3836.72	 1012.40	 1517.46
15:55:23	 7871.33	 7708.08	  163.25	 5180.71	 4110.34	  273.62	 3836.72	 1012.70	 1514.68
15:55:25	 7871.33	 7713.25	  158.09	 5180.71	 4110.34	  273.62	 3836.72	 1013.10	 1519.44
15:55:27	 7871.33	 7709.55	  161.78	 5180.96	 4110.34	  273.62	 3836.72	 1013.48	 1515.11
15:55:29	 7871.33	 7709.54	  161.79	 5180.96	 4110.34	  273.62	 3836.72	 1014.03	 1514.55
15:55:31	 7871.33	 7709.74	  161.59	 5181.21	 4110.34	  273.62	 3836.72	 1014.33	 1514.19
15:55:33	 7871.33	 7710.83	  160.50	 5181.22	 4110.34	  273.62	 3836.72	 1014.79	 1514.82
15:55:35	 7871.33	 7711.19	  160.14	 5181.22	 4110.34	  273.62	 3836.72	 1015.18	 1514.79
15:55:37	 7871.33	 7712.06	  159.27	 5181.47	 4110.34	  273.62	 3836.72	 1015.56	 1515.03
15:55:39	 7871.33	 7712.19	  159.14	 5181.48	 4110.34	  273.62	 3836.72	 1015.95	 1514.77
15:55:41	 7871.33	 7712.41	  158.92	 5181.73	 4110.34	  273.62	 3836.72	 1016.25	 1514.43
15:55:43	 7871.33	 7714.20	  157.13	 5181.73	 4110.34	  273.62	 3836.72	 1016.72	 1515.75
15:55:45	 7871.33	 7713.45	  157.88	 5181.74	 4110.34	  273.62	 3836.72	 1016.92	 1514.79
15:55:47	 7871.33	 7714.06	  157.27	 5181.99	 4110.34	  273.62	 3836.72	 1017.49	 1514.58
15:55:49	 7871.33	 7714.05	  157.28	 5181.99	 4110.34	  273.62	 3836.72	 1017.88	 1514.18
15:55:51	 7871.33	 7716.48	  154.85	 5182.25	 4110.34	  273.62	 3836.72	 1018.16	 1516.07
15:55:53	 7871.33	 7715.79	  155.54	 5182.25	 4110.34	  273.62	 3836.72	 1018.65	 1514.89
15:55:55	 7871.33	 7716.15	  155.18	 5182.25	 4110.34	  273.62	 3836.72	 1018.88	 1515.03
15:55:57	 7871.33	 7716.26	  155.07	 5182.51	 4110.34	  273.62	 3836.72	 1019.25	 1514.50
15:55:59	 7871.33	 7716.37	  154.96	 5182.51	 4110.34	  273.62	 3836.72	 1019.80	 1514.07
15:56:01	 7871.33	 7717.58	  153.75	 5182.76	 4110.34	  273.62	 3836.72	 1020.06	 1514.76
15:56:03	 7871.33	 7717.58	  153.75	 5182.77	 4110.34	  273.62	 3836.72	 1020.55	 1514.27
15:56:05	 7871.33	 7718.54	  152.80	 5182.77	 4110.34	  273.62	 3836.72	 1020.76	 1515.01
15:56:07	 7871.33	 7719.04	  152.30	 5183.02	 4110.34	  273.62	 3836.72	 1021.30	 1514.71
15:56:09	 7871.33	 7719.67	  151.66	 5183.03	 4110.34	  273.62	 3836.72	 1021.69	 1514.96
15:56:11	 7871.33	 7719.77	  151.56	 5183.28	 4110.34	  273.62	 3836.72	 1021.98	 1514.52
15:56:13	 7871.33	 7719.89	  151.44	 5183.29	 4110.34	  273.62	 3836.72	 1022.43	 1514.18
15:56:15	 7871.33	 7720.07	  151.26	 5183.29	 4110.34	  273.62	 3836.72	 1022.84	 1513.94
15:56:17	 7871.33	 7724.68	  146.66	 5183.54	 4110.34	  273.62	 3836.72	 1023.23	 1517.91
15:56:19	 7871.33	 7723.68	  147.65	 5183.54	 4110.34	  273.62	 3836.72	 1023.61	 1516.53
15:56:21	 7871.33	 7722.61	  148.73	 5183.79	 4110.34	  273.62	 3836.72	 1023.98	 1514.83
15:56:23	 7871.33	 7722.72	  148.61	 5183.80	 4110.34	  273.62	 3836.72	 1024.39	 1514.53
15:56:25	 7871.33	 7722.80	  148.53	 5183.80	 4110.34	  273.62	 3836.72	 1024.77	 1514.23
15:56:27	 7871.33	 7723.95	  147.38	 5184.05	 4110.34	  273.62	 3836.72	 1025.12	 1514.78
15:56:29	 7871.33	 7724.45	  146.88	 5184.06	 4110.34	  273.62	 3836.72	 1025.50	 1514.89
15:56:31	 7871.33	 7724.70	  146.63	 5184.31	 4110.34	  273.62	 3836.72	 1025.89	 1514.51
15:56:33	 7871.33	 7725.54	  145.80	 5184.32	 4110.34	  273.62	 3836.72	 1026.27	 1514.95
15:56:35	 7871.33	 7726.16	  145.18	 5184.32	 4110.34	  273.62	 3836.72	 1026.66	 1515.18
15:56:37	 7871.33	 7726.27	  145.06	 5184.57	 4110.34	  273.62	 3836.72	 1027.06	 1514.64
15:56:39	 7871.33	 7729.23	  142.10	 5184.57	 4110.34	  273.62	 3836.72	 1027.43	 1517.23
15:56:41	 7871.33	 7726.63	  144.70	 5184.82	 4110.34	  273.62	 3836.72	 1027.79	 1514.02
15:56:43	 7871.33	 7726.73	  144.60	 5184.82	 4110.34	  273.62	 3836.72	 1028.20	 1513.70
15:56:45	 7871.33	 7726.92	  144.41	 5184.83	 4110.34	  273.62	 3836.72	 1028.56	 1513.52
15:56:47	 7871.33	 7728.51	  142.82	 5185.08	 4110.34	  273.62	 3836.72	 1028.95	 1514.48
15:56:49	 7871.33	 7728.50	  142.83	 5185.09	 4110.34	  273.62	 3836.72	 1029.32	 1514.09
15:56:51	 7871.33	 7729.11	  142.22	 5185.34	 4110.34	  273.62	 3836.72	 1029.70	 1514.07
15:56:53	 7871.33	 7729.35	  141.98	 5185.34	 4110.34	  273.62	 3836.72	 1030.08	 1513.93
15:56:55	 7871.33	 7729.58	  141.75	 5185.35	 4110.34	  273.62	 3836.72	 1030.47	 1513.76
15:56:57	 7871.33	 7730.28	  141.05	 5185.60	 4110.34	  273.62	 3836.72	 1030.85	 1513.83
15:56:59	 7871.33	 7732.27	  139.06	 5185.60	 4110.34	  273.62	 3836.72	 1031.24	 1515.43
15:57:01	 7871.33	 7735.48	  135.85	 5185.86	 4110.34	  273.62	 3836.72	 1031.62	 1518.00
15:57:03	 7871.33	 7732.65	  138.68	 5185.86	 4110.34	  273.62	 3836.72	 1032.00	 1514.79
15:57:05	 7871.33	 7732.62	  138.71	 5185.86	 4110.34	  273.62	 3836.72	 1032.36	 1514.40
15:57:07	 7871.33	 7732.98	  138.35	 5186.11	 4110.34	  273.62	 3836.72	 1032.76	 1514.11
15:57:09	 7871.33	 7733.09	  138.24	 5186.11	 4110.34	  273.62	 3836.72	 1033.14	 1513.84
15:57:11	 7871.33	 7734.84	  136.50	 5186.36	 4110.34	  273.62	 3836.72	 1033.53	 1514.94
15:57:13	 7871.33	 7735.09	  136.25	 5186.37	 4110.34	  273.62	 3836.72	 1033.91	 1514.80
15:57:15	 7871.33	 7735.09	  136.25	 5186.37	 4110.34	  273.62	 3836.72	 1034.30	 1514.42
15:57:17	 7871.33	 7735.41	  135.92	 5186.63	 4110.34	  273.62	 3836.72	 1034.67	 1514.11
15:57:19	 7871.33	 7735.88	  135.45	 5186.63	 4110.34	  273.62	 3836.72	 1035.04	 1514.21
15:57:21	 7871.33	 7736.25	  135.08	 5186.88	 4110.34	  273.62	 3836.72	 1035.43	 1513.95
15:57:23	 7871.33	 7737.86	  133.47	 5186.89	 4110.34	  273.62	 3836.72	 1035.82	 1515.15
15:57:25	 7871.33	 7737.61	  133.73	 5186.89	 4110.34	  273.62	 3836.72	 1036.20	 1514.52
15:57:27	 7871.33	 7738.46	  132.87	 5187.14	 4110.34	  273.62	 3836.72	 1036.57	 1514.74
15:57:29	 7871.33	 7738.82	  132.52	 5187.14	 4110.34	  273.62	 3836.72	 1036.95	 1514.73
15:57:31	 7871.33	 7739.07	  132.27	 5187.39	 4110.34	  273.62	 3836.72	 1037.34	 1514.33
15:57:33	 7871.33	 7739.12	  132.21	 5187.40	 4110.34	  273.62	 3836.72	 1037.71	 1514.00
15:57:35	 7871.33	 7740.13	  131.20	 5187.40	 4110.34	  273.62	 3836.72	 1038.12	 1514.61
15:57:37	 7871.33	 7740.62	  130.71	 5187.66	 4110.34	  273.62	 3836.72	 1038.50	 1514.47
15:57:39	 7871.33	 7742.84	  128.49	 5187.66	 4110.34	  273.62	 3836.72	 1038.88	 1516.30
15:57:41	 7871.33	 7741.59	  129.74	 5187.91	 4110.34	  273.62	 3836.72	 1039.26	 1514.43
15:57:43	 7871.33	 7741.83	  129.50	 5187.92	 4110.34	  273.62	 3836.72	 1039.64	 1514.27
15:57:45	 7871.33	 7742.55	  128.79	 5187.92	 4110.34	  273.62	 3836.72	 1040.01	 1514.62
15:57:47	 7871.33	 7743.39	  127.94	 5188.18	 4110.34	  273.62	 3836.72	 1040.54	 1514.68
15:57:49	 7871.33	 7743.39	  127.95	 5188.18	 4110.34	  273.62	 3836.72	 1040.79	 1514.43
15:57:51	 7871.33	 7743.64	  127.70	 5188.43	 4110.34	  273.62	 3836.72	 1041.16	 1514.05
15:57:53	 7871.33	 7744.85	  126.48	 5188.43	 4110.34	  273.62	 3836.72	 1041.54	 1514.87
15:57:55	 7871.33	 7744.82	  126.51	 5188.43	 4110.34	  273.62	 3836.72	 1042.07	 1514.32
15:57:57	 7871.33	 7745.96	  125.37	 5188.69	 4110.34	  273.62	 3836.72	 1042.29	 1514.98
15:57:59	 7871.33	 7745.82	  125.52	 5188.69	 4110.34	  273.62	 3836.72	 1042.70	 1514.42
15:58:01	 7871.33	 7746.16	  125.18	 5188.94	 4110.34	  273.62	 3836.72	 1043.22	 1513.99
15:58:03	 7871.33	 7746.51	  124.82	 5188.95	 4110.34	  273.62	 3836.72	 1043.47	 1514.09
15:58:05	 7871.33	 7747.37	  123.96	 5188.95	 4110.34	  273.62	 3836.72	 1043.85	 1514.57
15:58:07	 7871.33	 7748.88	  122.46	 5189.21	 4110.34	  273.62	 3836.72	 1044.22	 1515.45
15:58:09	 7871.33	 7748.50	  122.84	 5189.21	 4110.34	  273.62	 3836.72	 1044.62	 1514.67
15:58:11	 7871.33	 7748.99	  122.34	 5189.46	 4110.34	  273.62	 3836.72	 1045.14	 1514.39
15:58:13	 7871.33	 7749.06	  122.27	 5189.46	 4110.34	  273.62	 3836.72	 1045.50	 1514.09
15:58:15	 7871.33	 7749.79	  121.54	 5189.46	 4110.34	  273.62	 3836.72	 1045.77	 1514.55
15:58:17	 7871.33	 7750.01	  121.32	 5189.71	 4110.34	  273.62	 3836.72	 1046.13	 1514.16
15:58:19	 7871.33	 7751.02	  120.32	 5189.72	 4110.34	  273.62	 3836.72	 1046.52	 1514.77
15:58:21	 7871.33	 7751.62	  119.71	 5189.97	 4110.34	  273.62	 3836.72	 1046.91	 1514.74
15:58:23	 7871.33	 7751.75	  119.58	 5189.97	 4110.34	  273.62	 3836.72	 1047.43	 1514.34
15:58:25	 7871.33	 7751.70	  119.64	 5189.98	 4110.34	  273.62	 3836.72	 1047.81	 1513.91
15:58:27	 7871.33	 7752.42	  118.91	 5190.23	 4110.34	  273.62	 3836.72	 1048.19	 1514.00
15:58:29	 7871.33	 7736.66	  134.67	 5172.23	 4110.34	  273.72	 3836.62	 1048.50	 1515.93
15:58:31	 7871.33	 7736.37	  134.96	 5172.49	 4110.34	  273.72	 3836.62	 1048.80	 1515.08
15:58:34	 7871.33	 7737.03	  134.30	 5172.49	 4110.34	  273.72	 3836.62	 1049.36	 1515.18
15:58:36	 7871.33	 7737.05	  134.29	 5172.74	 4110.34	  273.72	 3836.62	 1049.66	 1514.65
15:58:38	 7871.33	 7689.66	  181.67	 5172.75	 4110.34	  273.72	 3836.62	 1002.25	 1514.66
15:58:40	 7871.33	 7690.55	  180.78	 5172.75	 4110.34	  273.72	 3836.62	 1002.80	 1515.00
15:58:42	 7871.33	 7691.24	  180.09	 5173.00	 4110.34	  273.72	 3836.62	 1003.02	 1515.22
15:58:44	 7871.33	 7691.23	  180.10	 5173.00	 4110.34	  273.72	 3836.62	 1003.41	 1514.82
15:58:46	 7871.33	 7691.18	  180.15	 5173.25	 4110.34	  273.72	 3836.62	 1003.88	 1514.05
15:58:48	 7871.33	 7692.57	  178.77	 5173.26	 4110.34	  273.72	 3836.62	 1004.17	 1515.14
15:58:50	 7871.33	 7692.41	  178.92	 5173.26	 4110.34	  273.72	 3836.62	 1004.71	 1514.44
15:58:52	 7871.33	 7693.82	  177.51	 5173.51	 4110.34	  273.72	 3836.62	 1004.93	 1515.38
15:58:54	 7871.33	 7693.52	  177.81	 5173.52	 4110.34	  273.72	 3836.62	 1005.32	 1514.68
15:58:56	 7871.33	 7693.75	  177.58	 5173.77	 4110.34	  273.72	 3836.62	 1005.79	 1514.20
15:58:58	 7871.33	 7694.08	  177.25	 5173.78	 4110.34	  273.72	 3836.62	 1006.24	 1514.06
15:59:00	 7871.33	 7694.30	  177.04	 5173.78	 4110.34	  273.72	 3836.62	 1006.63	 1513.89
15:59:02	 7871.33	 7695.55	  175.78	 5174.03	 4110.34	  273.72	 3836.62	 1007.02	 1514.51
15:59:04	 7871.33	 7696.16	  175.17	 5174.04	 4110.34	  273.72	 3836.62	 1007.23	 1514.89
15:59:06	 7871.33	 7696.76	  174.57	 5174.29	 4110.34	  273.72	 3836.62	 1007.69	 1514.78
15:59:08	 7871.33	 7696.89	  174.45	 5174.29	 4110.34	  273.72	 3836.62	 1008.15	 1514.45
15:59:10	 7871.33	 7697.25	  174.08	 5174.29	 4110.34	  273.72	 3836.62	 1008.54	 1514.42
15:59:12	 7871.33	 7697.61	  173.72	 5174.54	 4110.34	  273.72	 3836.62	 1008.92	 1514.15
15:59:14	 7871.33	 7701.41	  169.92	 5174.55	 4110.34	  273.72	 3836.62	 1009.29	 1517.57
15:59:16	 7871.33	 7699.10	  172.23	 5174.80	 4110.34	  273.72	 3836.62	 1009.60	 1514.70
15:59:18	 7871.33	 7699.11	  172.23	 5174.81	 4110.34	  273.72	 3836.62	 1010.05	 1514.24
15:59:20	 7871.33	 7699.33	  172.00	 5174.81	 4110.34	  273.72	 3836.62	 1010.46	 1514.06
15:59:22	 7871.33	 7699.90	  171.43	 5175.06	 4110.34	  273.72	 3836.62	 1010.82	 1514.02
15:59:24	 7871.33	 7700.25	  171.09	 5175.07	 4110.34	  273.72	 3836.62	 1011.21	 1513.97
15:59:26	 7871.33	 7701.36	  169.97	 5175.32	 4110.34	  273.72	 3836.62	 1011.51	 1514.54
15:59:28	 7871.33	 7702.36	  168.97	 5175.32	 4110.34	  273.72	 3836.62	 1011.96	 1515.07
15:59:30	 7871.33	 7702.21	  169.12	 5175.32	 4110.34	  273.72	 3836.62	 1012.36	 1514.53
15:59:32	 7871.33	 7702.58	  168.75	 5175.57	 4110.34	  273.72	 3836.62	 1012.76	 1514.24
15:59:34	 7871.33	 7702.76	  168.57	 5175.58	 4110.34	  273.72	 3836.62	 1013.16	 1514.02
15:59:36	 7871.33	 7704.05	  167.28	 5175.83	 4110.34	  273.72	 3836.62	 1013.54	 1514.68
15:59:38	 7871.33	 7704.79	  166.54	 5175.83	 4110.34	  273.72	 3836.62	 1013.92	 1515.04
15:59:40	 7871.33	 7704.67	  166.66	 5175.84	 4110.34	  273.72	 3836.62	 1014.30	 1514.52
15:59:42	 7871.33	 7705.40	  165.93	 5176.09	 4110.34	  273.72	 3836.62	 1014.66	 1514.65
15:59:44	 7871.33	 7705.76	  165.57	 5176.09	 4110.34	  273.72	 3836.62	 1015.07	 1514.60
15:59:46	 7871.33	 7707.06	  164.27	 5176.35	 4110.34	  273.72	 3836.62	 1015.45	 1515.27
15:59:48	 7871.33	 7706.98	  164.36	 5176.35	 4110.34	  273.72	 3836.62	 1015.82	 1514.81
15:59:50	 7871.33	 7706.96	  164.37	 5176.35	 4110.34	  273.72	 3836.62	 1016.21	 1514.40
15:59:52	 7871.33	 7707.33	  164.00	 5176.61	 4110.34	  273.72	 3836.62	 1016.60	 1514.13
15:59:54	 7871.33	 7709.37	  161.96	 5176.61	 4110.34	  273.72	 3836.62	 1016.99	 1515.77
15:59:56	 7871.33	 7708.61	  162.72	 5176.86	 4110.34	  273.72	 3836.62	 1017.37	 1514.39
15:59:58	 7871.33	 7709.60	  161.73	 5176.86	 4110.34	  273.72	 3836.62	 1017.74	 1515.00
16:00:00	 7871.33	 7709.75	  161.58	 5176.86	 4110.34	  273.72	 3836.62	 1018.11	 1514.78
16:00:02	 7871.33	 7710.56	  160.77	 5177.11	 4110.34	  273.72	 3836.62	 1018.53	 1514.92
16:00:04	 7871.33	 7710.55	  160.78	 5177.12	 4110.34	  273.72	 3836.62	 1018.91	 1514.52
16:00:06	 7871.33	 7711.49	  159.84	 5177.37	 4110.34	  273.72	 3836.62	 1019.29	 1514.83
16:00:08	 7871.33	 7713.15	  158.18	 5177.38	 4110.34	  273.72	 3836.62	 1019.68	 1516.10
16:00:10	 7871.33	 7712.31	  159.02	 5177.38	 4110.34	  273.72	 3836.62	 1020.06	 1514.87
16:00:12	 7871.33	 7712.56	  158.77	 5177.64	 4110.34	  273.72	 3836.62	 1020.43	 1514.49
16:00:14	 7871.33	 7712.63	  158.70	 5177.64	 4110.34	  273.72	 3836.62	 1020.82	 1514.17
16:00:16	 7871.33	 7713.48	  157.85	 5177.89	 4110.34	  273.72	 3836.62	 1021.21	 1514.39
16:00:18	 7871.33	 7713.70	  157.63	 5177.89	 4110.34	  273.72	 3836.62	 1021.58	 1514.23
16:00:20	 7871.33	 7716.11	  155.22	 5177.89	 4110.34	  273.72	 3836.62	 1021.96	 1516.25
16:00:22	 7871.33	 7715.57	  155.77	 5178.15	 4110.34	  273.72	 3836.62	 1022.34	 1515.08
16:00:24	 7871.33	 7715.56	  155.77	 5178.15	 4110.34	  273.72	 3836.62	 1022.73	 1514.67
16:00:26	 7871.33	 7715.79	  155.55	 5178.40	 4110.34	  273.72	 3836.62	 1023.12	 1514.27
16:00:28	 7871.33	 7715.91	  155.42	 5178.41	 4110.34	  273.72	 3836.62	 1023.50	 1514.00
16:00:30	 7871.33	 7716.45	  154.88	 5178.41	 4110.34	  273.72	 3836.62	 1023.89	 1514.15
16:00:32	 7871.33	 7718.11	  153.22	 5178.67	 4110.34	  273.72	 3836.62	 1024.25	 1515.19
16:00:34	 7871.33	 7718.34	  153.00	 5178.67	 4110.34	  273.72	 3836.62	 1024.64	 1515.02
16:00:36	 7871.33	 7718.82	  152.51	 5178.92	 4110.34	  273.72	 3836.62	 1025.04	 1514.87
16:00:38	 7871.33	 7718.83	  152.50	 5178.93	 4110.34	  273.72	 3836.62	 1025.43	 1514.48
16:00:40	 7871.33	 7720.91	  150.42	 5178.93	 4110.34	  273.72	 3836.62	 1025.80	 1516.18
16:00:42	 7871.33	 7720.98	  150.35	 5179.18	 4110.34	  273.72	 3836.62	 1026.18	 1515.62
16:00:44	 7871.33	 7720.64	  150.69	 5179.18	 4110.34	  273.72	 3836.62	 1026.58	 1514.88
16:00:46	 7871.33	 7720.89	  150.44	 5179.43	 4110.34	  273.72	 3836.62	 1026.96	 1514.50
16:00:48	 7871.33	 7722.03	  149.30	 5179.44	 4110.34	  273.72	 3836.62	 1027.37	 1515.22
16:00:50	 7871.33	 7722.23	  149.11	 5179.44	 4110.34	  273.72	 3836.62	 1027.76	 1515.03
16:00:52	 7871.33	 7722.36	  148.98	 5179.70	 4110.34	  273.72	 3836.62	 1028.14	 1514.52
16:00:54	 7871.33	 7723.19	  148.14	 5179.70	 4110.34	  273.72	 3836.62	 1028.51	 1514.98
16:00:56	 7871.33	 7723.07	  148.26	 5179.95	 4110.34	  273.72	 3836.62	 1028.91	 1514.21
16:00:58	 7871.33	 7723.07	  148.27	 5179.96	 4110.34	  273.72	 3836.62	 1029.30	 1513.81
16:01:00	 7871.33	 7723.18	  148.15	 5179.96	 4110.34	  273.72	 3836.62	 1029.69	 1513.53
16:01:02	 7871.33	 7725.00	  146.34	 5180.21	 4110.34	  273.72	 3836.62	 1030.07	 1514.71
16:01:04	 7871.33	 7724.99	  146.34	 5180.21	 4110.34	  273.72	 3836.62	 1030.46	 1514.31
16:01:06	 7871.33	 7726.00	  145.33	 5180.46	 4110.34	  273.72	 3836.62	 1030.84	 1514.70
16:01:08	 7871.33	 7726.00	  145.34	 5180.47	 4110.34	  273.72	 3836.62	 1031.37	 1514.16
16:01:10	 7871.33	 7726.23	  145.10	 5180.47	 4110.34	  273.72	 3836.62	 1031.61	 1514.15
16:01:12	 7871.33	 7726.85	  144.48	 5180.73	 4110.34	  273.72	 3836.62	 1032.01	 1514.11
16:01:14	 7871.33	 7726.89	  144.44	 5180.73	 4110.34	  273.72	 3836.62	 1032.40	 1513.76
16:01:16	 7871.33	 7728.24	  143.09	 5180.98	 4110.34	  273.72	 3836.62	 1032.77	 1514.50
16:01:18	 7871.33	 7728.87	  142.46	 5180.99	 4110.34	  273.72	 3836.62	 1033.18	 1514.70
16:01:20	 7871.33	 7728.86	  142.47	 5180.99	 4110.34	  273.72	 3836.62	 1033.57	 1514.30
16:01:22	 7871.33	 7729.06	  142.27	 5181.25	 4110.34	  273.72	 3836.62	 1034.09	 1513.72
16:01:24	 7871.33	 7729.54	  141.80	 5181.25	 4110.34	  273.72	 3836.62	 1034.48	 1513.80
16:01:26	 7871.33	 7730.75	  140.59	 5181.50	 4110.34	  273.72	 3836.62	 1034.73	 1514.52
16:01:28	 7871.33	 7737.68	  133.66	 5181.50	 4110.34	  273.72	 3836.62	 1035.26	 1520.91
16:01:30	 7871.33	 7731.67	  139.66	 5181.50	 4110.34	  273.72	 3836.62	 1035.50	 1514.67
16:01:32	 7871.33	 7731.80	  139.53	 5181.76	 4110.34	  273.72	 3836.62	 1036.04	 1514.00
16:01:34	 7871.33	 7731.87	  139.46	 5181.76	 4110.34	  273.72	 3836.62	 1036.28	 1513.82
16:01:36	 7871.33	 7733.46	  137.88	 5182.01	 4110.34	  273.72	 3836.62	 1036.82	 1514.62
16:01:38	 7871.33	 7733.55	  137.78	 5182.02	 4110.34	  273.72	 3836.62	 1037.21	 1514.33
16:01:40	 7871.33	 7734.18	  137.16	 5182.02	 4110.34	  273.72	 3836.62	 1037.59	 1514.56
16:01:42	 7871.33	 7734.85	  136.48	 5182.28	 4110.34	  273.72	 3836.62	 1037.83	 1514.74
16:01:44	 7871.33	 7734.94	  136.39	 5182.28	 4110.34	  273.72	 3836.62	 1038.37	 1514.30
16:01:46	 7871.33	 7735.55	  135.78	 5182.53	 4110.34	  273.72	 3836.62	 1038.73	 1514.29
16:01:48	 7871.33	 7735.68	  135.66	 5182.54	 4110.34	  273.72	 3836.62	 1039.14	 1514.00
16:01:50	 7871.33	 7736.74	  134.59	 5182.54	 4110.34	  273.72	 3836.62	 1039.39	 1514.81
16:01:52	 7871.33	 7736.99	  134.34	 5182.79	 4110.34	  273.72	 3836.62	 1039.91	 1514.29
16:01:54	 7871.33	 7736.98	  134.35	 5182.79	 4110.34	  273.72	 3836.62	 1040.16	 1514.04
16:01:57	 7871.33	 7738.60	  132.73	 5183.04	 4110.34	  273.72	 3836.62	 1040.54	 1515.01
16:01:59	 7871.33	 7738.82	  132.52	 5183.05	 4110.34	  273.72	 3836.62	 1041.07	 1514.70
16:02:01	 7871.33	 7740.28	  131.05	 5183.30	 4110.34	  273.72	 3836.62	 1041.35	 1515.62
16:02:03	 7871.33	 7739.67	  131.66	 5183.30	 4110.34	  273.72	 3836.62	 1041.84	 1514.53
16:02:05	 7871.33	 7739.66	  131.67	 5183.31	 4110.34	  273.72	 3836.62	 1042.23	 1514.13
16:02:07	 7871.33	 7740.61	  130.72	 5183.56	 4110.34	  273.72	 3836.62	 1042.47	 1514.58
16:02:09	 7871.33	 7742.34	  128.99	 5183.56	 4110.34	  273.72	 3836.62	 1043.01	 1515.78
16:02:11	 7871.33	 7741.72	  129.61	 5183.82	 4110.34	  273.72	 3836.62	 1043.28	 1514.63
16:02:13	 7871.33	 7742.50	  128.83	 5183.82	 4110.34	  273.72	 3836.62	 1043.78	 1514.91
16:02:15	 7871.33	 7742.45	  128.88	 5183.82	 4110.34	  273.72	 3836.62	 1044.16	 1514.48
16:02:17	 7871.33	 7742.70	  128.63	 5184.07	 4110.34	  273.72	 3836.62	 1044.54	 1514.09
16:02:19	 7871.33	 7742.89	  128.45	 5184.07	 4110.34	  273.72	 3836.62	 1044.93	 1513.88
16:02:21	 7871.33	 7743.48	  127.85	 5184.32	 4110.34	  273.72	 3836.62	 1045.35	 1513.81
16:02:23	 7871.33	 7747.36	  123.98	 5184.33	 4110.34	  273.72	 3836.62	 1045.70	 1517.33
16:02:25	 7871.33	 7745.13	  126.20	 5184.33	 4110.34	  273.72	 3836.62	 1046.09	 1514.71
16:02:27	 7871.33	 7745.61	  125.72	 5184.58	 4110.34	  273.72	 3836.62	 1046.47	 1514.56
16:02:29	 7871.33	 7745.62	  125.71	 5184.59	 4110.34	  273.72	 3836.62	 1046.87	 1514.16
16:02:31	 7871.33	 7746.04	  125.29	 5184.84	 4110.34	  273.72	 3836.62	 1047.16	 1514.04
16:02:33	 7871.33	 7746.66	  124.68	 5184.85	 4110.34	  273.72	 3836.62	 1047.64	 1514.16
16:02:35	 7871.33	 7747.62	  123.71	 5184.85	 4110.34	  273.72	 3836.62	 1048.05	 1514.73
16:02:37	 7871.33	 7748.12	  123.21	 5185.10	 4110.34	  273.72	 3836.62	 1048.43	 1514.59
16:02:39	 7871.33	 7748.12	  123.21	 5185.11	 4110.34	  273.72	 3836.62	 1048.82	 1514.20
16:02:41	 7871.33	 7748.36	  122.97	 5185.36	 4110.34	  273.72	 3836.62	 1049.24	 1513.76
16:02:43	 7871.33	 7748.94	  122.39	 5185.36	 4110.34	  273.72	 3836.62	 1049.56	 1514.02
16:02:45	 7871.33	 7750.14	  121.19	 5185.36	 4110.34	  273.72	 3836.62	 1049.98	 1514.80
16:02:47	 7871.33	 7750.19	  121.14	 5185.61	 4110.34	  273.72	 3836.62	 1050.34	 1514.23
16:02:49	 7871.33	 7703.21	  168.12	 5185.62	 4110.34	  273.72	 3836.62	 1003.05	 1514.55
16:02:51	 7871.33	 7703.91	  167.42	 5185.87	 4110.34	  273.72	 3836.62	 1003.37	 1514.67
16:02:53	 7871.33	 7704.04	  167.29	 5185.88	 4110.34	  273.72	 3836.62	 1003.82	 1514.34
16:02:55	 7871.33	 7704.76	  166.57	 5185.88	 4110.34	  273.72	 3836.62	 1004.24	 1514.64
16:02:57	 7871.33	 7705.52	  165.82	 5186.13	 4110.34	  273.72	 3836.62	 1004.63	 1514.75
16:02:59	 7871.33	 7705.51	  165.82	 5186.14	 4110.34	  273.72	 3836.62	 1005.02	 1514.36
16:03:01	 7871.33	 7705.82	  165.51	 5186.39	 4110.34	  273.72	 3836.62	 1005.40	 1514.04
16:03:03	 7871.33	 7708.21	  163.12	 5186.39	 4110.34	  273.72	 3836.62	 1005.79	 1516.03
16:03:05	 7871.33	 7707.20	  164.14	 5186.39	 4110.34	  273.72	 3836.62	 1006.17	 1514.63
16:03:07	 7871.33	 7708.32	  163.02	 5186.64	 4110.34	  273.72	 3836.62	 1006.56	 1515.11
16:03:09	 7871.33	 7708.43	  162.90	 5186.65	 4110.34	  273.72	 3836.62	 1006.95	 1514.83
16:03:11	 7871.33	 7708.43	  162.90	 5186.90	 4110.34	  273.72	 3836.62	 1007.34	 1514.19
16:03:13	 7871.33	 7708.61	  162.72	 5186.91	 4110.34	  273.72	 3836.62	 1007.72	 1513.98
16:03:15	 7871.33	 7708.84	  162.50	 5186.91	 4110.34	  273.72	 3836.62	 1008.11	 1513.82
16:03:17	 7871.33	 7711.38	  159.96	 5187.16	 4110.34	  273.72	 3836.62	 1008.50	 1515.71
16:03:19	 7871.33	 7710.78	  160.55	 5187.17	 4110.34	  273.72	 3836.62	 1008.89	 1514.72
16:03:21	 7871.33	 7710.90	  160.43	 5187.42	 4110.34	  273.72	 3836.62	 1009.27	 1514.21
16:03:23	 7871.33	 7711.75	  159.58	 5187.43	 4110.34	  273.72	 3836.62	 1009.65	 1514.68
16:03:25	 7871.33	 7711.58	  159.75	 5187.43	 4110.34	  273.72	 3836.62	 1010.03	 1514.12
16:03:27	 7871.33	 7712.18	  159.15	 5187.68	 4110.34	  273.72	 3836.62	 1010.42	 1514.09
16:03:29	 7871.33	 7713.14	  158.19	 5187.68	 4110.34	  273.72	 3836.62	 1010.80	 1514.66
16:03:31	 7871.33	 7713.75	  157.58	 5187.93	 4110.34	  273.72	 3836.62	 1011.20	 1514.62
16:03:33	 7871.33	 7713.76	  157.57	 5187.93	 4110.34	  273.72	 3836.62	 1011.59	 1514.23
16:03:35	 7871.33	 7713.99	  157.34	 5187.94	 4110.34	  273.72	 3836.62	 1011.96	 1514.09
16:03:37	 7871.33	 7715.04	  156.30	 5188.19	 4110.34	  273.72	 3836.62	 1012.35	 1514.49
16:03:39	 7871.33	 7715.55	  155.78	 5188.19	 4110.34	  273.72	 3836.62	 1012.74	 1514.62
16:03:41	 7871.33	 7716.04	  155.29	 5188.45	 4110.34	  273.72	 3836.62	 1013.12	 1514.48
16:03:43	 7871.33	 7718.03	  153.30	 5188.45	 4110.34	  273.72	 3836.62	 1013.50	 1516.07
16:03:45	 7871.33	 7716.77	  154.56	 5188.45	 4110.34	  273.72	 3836.62	 1013.89	 1514.43
16:03:47	 7871.33	 7717.14	  154.19	 5188.71	 4110.34	  273.72	 3836.62	 1014.27	 1514.16
16:03:49	 7871.33	 7717.32	  154.01	 5188.71	 4110.34	  273.72	 3836.62	 1014.65	 1513.96
16:03:51	 7871.33	 7719.06	  152.27	 5188.96	 4110.34	  273.72	 3836.62	 1015.06	 1515.04
16:03:53	 7871.33	 7718.80	  152.53	 5188.96	 4110.34	  273.72	 3836.62	 1015.43	 1514.41
16:03:55	 7871.33	 7718.80	  152.54	 5188.96	 4110.34	  273.72	 3836.62	 1015.83	 1514.00
16:03:57	 7871.33	 7720.37	  150.96	 5189.22	 4110.34	  273.72	 3836.62	 1016.19	 1514.96
16:03:59	 7871.33	 7720.24	  151.09	 5189.22	 4110.34	  273.72	 3836.62	 1016.58	 1514.44
16:04:01	 7871.33	 7720.44	  150.89	 5189.47	 4110.34	  273.72	 3836.62	 1016.98	 1513.99
16:04:03	 7871.33	 7721.72	  149.61	 5189.48	 4110.34	  273.72	 3836.62	 1017.36	 1514.88
16:04:05	 7871.33	 7721.84	  149.49	 5189.48	 4110.34	  273.72	 3836.62	 1017.74	 1514.62
16:04:07	 7871.33	 7722.08	  149.25	 5189.74	 4110.34	  273.72	 3836.62	 1018.12	 1514.22
16:04:09	 7871.33	 7722.27	  149.06	 5189.74	 4110.34	  273.72	 3836.62	 1018.52	 1514.01
16:04:11	 7871.33	 7723.54	  147.80	 5189.99	 4110.34	  273.72	 3836.62	 1018.91	 1514.64
16:04:13	 7871.33	 7725.50	  145.83	 5190.00	 4110.34	  273.72	 3836.62	 1019.30	 1516.20
16:04:15	 7871.33	 7724.26	  147.07	 5190.00	 4110.34	  273.72	 3836.62	 1019.69	 1514.57
16:04:17	 7871.33	 7724.46	  146.87	 5190.25	 4110.34	  273.72	 3836.62	 1020.06	 1514.15
16:04:19	 7871.33	 7725.30	  146.03	 5190.25	 4110.34	  273.72	 3836.62	 1020.46	 1514.59
16:04:21	 7871.33	 7725.56	  145.77	 5190.50	 4110.34	  273.72	 3836.62	 1020.85	 1514.21
16:04:23	 7871.33	 7728.01	  143.32	 5190.51	 4110.34	  273.72	 3836.62	 1021.24	 1516.26
16:04:25	 7871.33	 7726.70	  144.63	 5190.51	 4110.34	  273.72	 3836.62	 1021.62	 1514.56
16:04:27	 7871.33	 7727.07	  144.26	 5190.77	 4110.34	  273.72	 3836.62	 1022.00	 1514.30
16:04:29	 7871.33	 7727.13	  144.20	 5190.77	 4110.34	  273.72	 3836.62	 1022.39	 1513.97
16:04:31	 7871.33	 7728.52	  142.81	 5191.02	 4110.34	  273.72	 3836.62	 1022.78	 1514.72
16:04:33	 7871.33	 7729.20	  142.14	 5191.03	 4110.34	  273.72	 3836.62	 1023.17	 1515.00
16:04:35	 7871.33	 7730.19	  141.14	 5191.03	 4110.34	  273.72	 3836.62	 1023.55	 1515.61
16:04:37	 7871.33	 7729.98	  141.36	 5191.28	 4110.34	  273.72	 3836.62	 1023.95	 1514.75
16:04:39	 7871.33	 7729.93	  141.40	 5191.29	 4110.34	  273.72	 3836.62	 1024.34	 1514.31
16:04:41	 7871.33	 7730.17	  141.16	 5191.54	 4110.34	  273.72	 3836.62	 1024.73	 1513.91
16:04:43	 7871.33	 7730.30	  141.03	 5191.54	 4110.34	  273.72	 3836.62	 1025.12	 1513.65
16:04:45	 7871.33	 7730.50	  140.83	 5191.54	 4110.34	  273.72	 3836.62	 1025.51	 1513.45
16:04:47	 7871.33	 7733.54	  137.79	 5191.79	 4110.34	  273.72	 3836.62	 1025.90	 1515.85
16:04:49	 7871.33	 7732.27	  139.06	 5191.80	 4110.34	  273.72	 3836.62	 1026.43	 1514.04
16:04:51	 7871.33	 7733.00	  138.33	 5192.05	 4110.34	  273.72	 3836.62	 1026.81	 1514.14
16:04:53	 7871.33	 7733.00	  138.33	 5192.05	 4110.34	  273.72	 3836.62	 1027.07	 1513.88
16:04:55	 7871.33	 7733.12	  138.21	 5192.06	 4110.34	  273.72	 3836.62	 1027.45	 1513.61
16:04:57	 7871.33	 7733.93	  137.41	 5192.31	 4110.34	  273.72	 3836.62	 1027.99	 1513.63
16:04:59	 7871.33	 7734.93	  136.40	 5192.31	 4110.34	  273.72	 3836.62	 1028.24	 1514.39
16:05:01	 7871.33	 7735.55	  135.79	 5192.57	 4110.34	  273.72	 3836.62	 1028.62	 1514.36
16:05:03	 7871.33	 7735.66	  135.67	 5192.57	 4110.34	  273.72	 3836.62	 1029.15	 1513.95
16:05:05	 7871.33	 7736.14	  135.20	 5192.57	 4110.34	  273.72	 3836.62	 1029.54	 1514.04
16:05:07	 7871.33	 7736.39	  134.95	 5192.82	 4110.34	  273.72	 3836.62	 1029.92	 1513.64
16:05:09	 7871.33	 7737.70	  133.64	 5192.82	 4110.34	  273.72	 3836.62	 1030.31	 1514.56
16:05:11	 7871.33	 7737.83	  133.50	 5193.07	 4110.34	  273.72	 3836.62	 1030.55	 1514.21
16:05:13	 7871.33	 7737.96	  133.37	 5193.08	 4110.34	  273.72	 3836.62	 1031.08	 1513.80
16:05:15	 7871.33	 7738.68	  132.65	 5193.08	 4110.34	  273.72	 3836.62	 1031.47	 1514.13
16:05:18	 7871.33	 7741.62	  129.71	 5193.34	 4110.34	  273.72	 3836.62	 1031.84	 1516.43
16:05:20	 7871.33	 7739.75	  131.59	 5193.34	 4110.34	  273.72	 3836.62	 1032.23	 1514.17
16:05:22	 7871.33	 7740.53	  130.80	 5193.59	 4110.34	  273.72	 3836.62	 1032.63	 1514.31
16:05:24	 7871.33	 7740.62	  130.71	 5193.60	 4110.34	  273.72	 3836.62	 1033.01	 1514.02
16:05:26	 7871.33	 7740.93	  130.40	 5193.85	 4110.34	  273.72	 3836.62	 1033.29	 1513.80
16:05:28	 7871.33	 7741.43	  129.91	 5193.86	 4110.34	  273.72	 3836.62	 1033.62	 1513.95
16:05:30	 7871.33	 7741.66	  129.67	 5193.86	 4110.34	  273.72	 3836.62	 1034.17	 1513.64
16:05:32	 7871.33	 7746.42	  124.91	 5194.11	 4110.34	  273.72	 3836.62	 1034.56	 1517.75
16:05:34	 7871.33	 7743.45	  127.88	 5194.11	 4110.34	  273.72	 3836.62	 1034.80	 1514.54
16:05:36	 7871.33	 7743.56	  127.77	 5194.36	 4110.34	  273.72	 3836.62	 1035.37	 1513.83
16:05:38	 7871.33	 7743.89	  127.45	 5194.37	 4110.34	  273.72	 3836.62	 1035.71	 1513.81
16:05:40	 7871.33	 7744.11	  127.22	 5194.37	 4110.34	  273.72	 3836.62	 1036.10	 1513.64
16:05:42	 7871.33	 7746.27	  125.06	 5194.62	 4110.34	  273.72	 3836.62	 1036.49	 1515.16
16:05:44	 7871.33	 7746.07	  125.26	 5194.63	 4110.34	  273.72	 3836.62	 1036.74	 1514.70
16:05:46	 7871.33	 7746.66	  124.68	 5194.88	 4110.34	  273.72	 3836.62	 1037.30	 1514.47
16:05:48	 7871.33	 7746.66	  124.67	 5194.89	 4110.34	  273.72	 3836.62	 1037.64	 1514.14
16:05:50	 7871.33	 7746.61	  124.72	 5194.89	 4110.34	  273.72	 3836.62	 1038.03	 1513.70
16:05:52	 7871.33	 7747.95	  123.38	 5195.14	 4110.34	  273.72	 3836.62	 1038.41	 1514.40
16:05:54	 7871.33	 7750.80	  120.54	 5195.14	 4110.34	  273.72	 3836.62	 1038.80	 1516.85
16:05:56	 7871.33	 7748.98	  122.35	 5195.39	 4110.34	  273.72	 3836.62	 1039.09	 1514.50
16:05:58	 7871.33	 7752.66	  118.67	 5195.40	 4110.34	  273.72	 3836.62	 1039.57	 1517.69
16:06:00	 7871.33	 7750.13	  121.20	 5195.40	 4110.34	  273.72	 3836.62	 1039.96	 1514.77
16:06:02	 7871.33	 7750.44	  120.89	 5195.65	 4110.34	  273.72	 3836.62	 1040.35	 1514.44
16:06:04	 7871.33	 7750.56	  120.77	 5195.66	 4110.34	  273.72	 3836.62	 1040.73	 1514.17
16:06:06	 7871.33	 7751.61	  119.72	 5195.91	 4110.34	  273.72	 3836.62	 1041.16	 1514.54
16:06:08	 7871.33	 7751.80	  119.54	 5195.92	 4110.34	  273.72	 3836.62	 1041.49	 1514.39
16:06:10	 7871.33	 7752.61	  118.72	 5195.92	 4110.34	  273.72	 3836.62	 1041.89	 1514.80
16:06:12	 7871.33	 7730.73	  140.60	 5176.48	 4110.34	  273.80	 3836.54	 1039.53	 1514.73
16:06:14	 7871.33	 7730.71	  140.62	 5176.48	 4110.34	  273.80	 3836.54	 1039.91	 1514.32
16:06:16	 7871.33	 7732.29	  139.04	 5176.73	 4110.34	  273.80	 3836.54	 1040.38	 1515.18
16:06:18	 7871.33	 7732.04	  139.29	 5176.74	 4110.34	  273.80	 3836.54	 1040.70	 1514.61
16:06:20	 7871.33	 7732.16	  139.18	 5176.74	 4110.34	  273.80	 3836.54	 1041.10	 1514.32
16:06:22	 7871.33	 7732.23	  139.10	 5176.99	 4110.34	  273.80	 3836.54	 1041.46	 1513.78
16:06:24	 7871.33	 7732.59	  138.75	 5177.00	 4110.34	  273.80	 3836.54	 1041.85	 1513.74
16:06:26	 7871.33	 7734.20	  137.13	 5177.25	 4110.34	  273.80	 3836.54	 1042.23	 1514.72
16:06:28	 7871.33	 7734.93	  136.40	 5177.26	 4110.34	  273.80	 3836.54	 1042.63	 1515.04
16:06:30	 7871.33	 7734.68	  136.65	 5177.26	 4110.34	  273.80	 3836.54	 1043.00	 1514.42
16:06:32	 7871.33	 7735.18	  136.16	 5177.51	 4110.34	  273.80	 3836.54	 1043.39	 1514.27
16:06:34	 7871.33	 7735.84	  135.49	 5177.52	 4110.34	  273.80	 3836.54	 1043.79	 1514.54
16:06:36	 7871.33	 7735.96	  135.37	 5177.77	 4110.34	  273.80	 3836.54	 1044.17	 1514.02
16:06:38	 7871.33	 7739.63	  131.70	 5177.77	 4110.34	  273.80	 3836.54	 1044.56	 1517.30
16:06:40	 7871.33	 7737.51	  133.82	 5177.77	 4110.34	  273.80	 3836.54	 1044.95	 1514.78
16:06:42	 7871.33	 7737.76	  133.57	 5178.02	 4110.34	  273.80	 3836.54	 1045.34	 1514.39
16:06:44	 7871.33	 7737.87	  133.46	 5178.03	 4110.34	  273.80	 3836.54	 1045.73	 1514.11
16:06:46	 7871.33	 7738.29	  133.04	 5178.28	 4110.34	  273.80	 3836.54	 1046.12	 1513.89
16:06:48	 7871.33	 7738.91	  132.43	 5178.29	 4110.34	  273.80	 3836.54	 1046.50	 1514.11
16:06:50	 7871.33	 7741.38	  129.95	 5178.29	 4110.34	  273.80	 3836.54	 1046.90	 1516.19
16:06:52	 7871.33	 7740.77	  130.56	 5178.54	 4110.34	  273.80	 3836.54	 1047.29	 1514.95
16:06:54	 7871.33	 7740.64	  130.69	 5178.55	 4110.34	  273.80	 3836.54	 1047.66	 1514.43
16:06:56	 7871.33	 7740.88	  130.45	 5178.80	 4110.34	  273.80	 3836.54	 1048.05	 1514.03
16:06:58	 7871.33	 7741.06	  130.27	 5178.80	 4110.34	  273.80	 3836.54	 1048.45	 1513.82
16:07:00	 7871.33	 7694.55	  176.78	 5178.80	 4110.34	  273.80	 3836.54	 1001.12	 1514.62
16:07:02	 7871.33	 7695.19	  176.14	 5179.05	 4110.34	  273.80	 3836.54	 1001.51	 1514.62
16:07:04	 7871.33	 7695.18	  176.15	 5179.05	 4110.34	  273.80	 3836.54	 1001.89	 1514.23
16:07:06	 7871.33	 7696.27	  175.06	 5179.31	 4110.34	  273.80	 3836.54	 1002.30	 1514.66
16:07:08	 7871.33	 7696.28	  175.05	 5179.31	 4110.34	  273.80	 3836.54	 1002.67	 1514.30
16:07:10	 7871.33	 7696.39	  174.94	 5179.31	 4110.34	  273.80	 3836.54	 1003.05	 1514.03
16:07:12	 7871.33	 7698.36	  172.97	 5179.57	 4110.34	  273.80	 3836.54	 1003.45	 1515.35
16:07:14	 7871.33	 7697.87	  173.46	 5179.57	 4110.34	  273.80	 3836.54	 1003.83	 1514.47
16:07:16	 7871.33	 7698.11	  173.22	 5179.82	 4110.34	  273.80	 3836.54	 1004.22	 1514.07
16:07:18	 7871.33	 7699.17	  172.16	 5179.83	 4110.34	  273.80	 3836.54	 1004.61	 1514.73
16:07:20	 7871.33	 7699.67	  171.66	 5179.83	 4110.34	  273.80	 3836.54	 1005.00	 1514.84
16:07:22	 7871.33	 7699.91	  171.43	 5180.09	 4110.34	  273.80	 3836.54	 1005.38	 1514.44
16:07:24	 7871.33	 7700.66	  170.68	 5180.09	 4110.34	  273.80	 3836.54	 1005.78	 1514.79
16:07:26	 7871.33	 7700.65	  170.68	 5180.34	 4110.34	  273.80	 3836.54	 1006.15	 1514.16
16:07:28	 7871.33	 7701.62	  169.71	 5180.34	 4110.34	  273.80	 3836.54	 1006.54	 1514.75
16:07:30	 7871.33	 7701.93	  169.40	 5180.34	 4110.34	  273.80	 3836.54	 1006.92	 1514.67
16:07:32	 7871.33	 7702.77	  168.56	 5180.60	 4110.34	  273.80	 3836.54	 1007.30	 1514.86
16:07:34	 7871.33	 7703.23	  168.10	 5180.60	 4110.34	  273.80	 3836.54	 1007.69	 1514.94
16:07:36	 7871.33	 7703.34	  168.00	 5180.85	 4110.34	  273.80	 3836.54	 1008.09	 1514.40
16:07:38	 7871.33	 7703.54	  167.79	 5180.86	 4110.34	  273.80	 3836.54	 1008.49	 1514.19
16:07:40	 7871.33	 7703.77	  167.56	 5180.86	 4110.34	  273.80	 3836.54	 1008.88	 1514.04
16:07:42	 7871.33	 7704.49	  166.84	 5181.12	 4110.34	  273.80	 3836.54	 1009.25	 1514.13
16:07:44	 7871.33	 7704.60	  166.73	 5181.12	 4110.34	  273.80	 3836.54	 1009.65	 1513.83
16:07:46	 7871.33	 7706.08	  165.25	 5181.37	 4110.34	  273.80	 3836.54	 1010.04	 1514.68
16:07:48	 7871.33	 7706.21	  165.12	 5181.38	 4110.34	  273.80	 3836.54	 1010.41	 1514.42
16:07:50	 7871.33	 7706.20	  165.14	 5181.38	 4110.34	  273.80	 3836.54	 1010.80	 1514.02
16:07:52	 7871.33	 7706.69	  164.64	 5181.63	 4110.34	  273.80	 3836.54	 1011.18	 1513.87
16:07:54	 7871.33	 7707.00	  164.34	 5181.63	 4110.34	  273.80	 3836.54	 1011.58	 1513.78
16:07:56	 7871.33	 7708.63	  162.70	 5181.88	 4110.34	  273.80	 3836.54	 1011.96	 1514.79
16:07:58	 7871.33	 7708.62	  162.71	 5181.89	 4110.34	  273.80	 3836.54	 1012.35	 1514.38
16:08:00	 7871.33	 7709.39	  161.94	 5181.89	 4110.34	  273.80	 3836.54	 1012.71	 1514.79
16:08:02	 7871.33	 7710.09	  161.24	 5182.15	 4110.34	  273.80	 3836.54	 1013.11	 1514.83
16:08:04	 7871.33	 7710.09	  161.25	 5182.15	 4110.34	  273.80	 3836.54	 1013.50	 1514.43
16:08:06	 7871.33	 7711.25	  160.08	 5182.40	 4110.34	  273.80	 3836.54	 1013.89	 1514.96
16:08:08	 7871.33	 7711.41	  159.92	 5182.41	 4110.34	  273.80	 3836.54	 1014.28	 1514.72
16:08:10	 7871.33	 7711.40	  159.93	 5182.41	 4110.34	  273.80	 3836.54	 1014.66	 1514.33
16:08:12	 7871.33	 7716.08	  155.25	 5182.66	 4110.34	  273.80	 3836.54	 1015.03	 1518.39
16:08:14	 7871.33	 7712.77	  158.57	 5182.66	 4110.34	  273.80	 3836.54	 1015.43	 1514.68
16:08:16	 7871.33	 7712.89	  158.45	 5182.91	 4110.34	  273.80	 3836.54	 1015.81	 1514.16
16:08:18	 7871.33	 7714.16	  157.17	 5182.92	 4110.34	  273.80	 3836.54	 1016.20	 1515.04
16:08:20	 7871.33	 7713.99	  157.34	 5182.92	 4110.34	  273.80	 3836.54	 1016.59	 1514.48
16:08:22	 7871.33	 7714.23	  157.10	 5183.18	 4110.34	  273.80	 3836.54	 1016.97	 1514.09
16:08:24	 7871.33	 7714.59	  156.74	 5183.18	 4110.34	  273.80	 3836.54	 1017.36	 1514.05
16:08:26	 7871.33	 7716.03	  155.30	 5183.43	 4110.34	  273.80	 3836.54	 1017.75	 1514.85
16:08:28	 7871.33	 7716.02	  155.31	 5183.44	 4110.34	  273.80	 3836.54	 1018.14	 1514.45
16:08:30	 7871.33	 7716.65	  154.68	 5183.44	 4110.34	  273.80	 3836.54	 1018.54	 1514.67
16:08:32	 7871.33	 7717.02	  154.31	 5183.70	 4110.34	  273.80	 3836.54	 1019.07	 1514.26
16:08:34	 7871.33	 7717.13	  154.20	 5183.70	 4110.34	  273.80	 3836.54	 1019.46	 1513.98
16:08:36	 7871.33	 7717.87	  153.46	 5183.95	 4110.34	  273.80	 3836.54	 1019.85	 1514.07
16:08:38	 7871.33	 7720.01	  151.32	 5183.95	 4110.34	  273.80	 3836.54	 1020.08	 1515.98
16:08:41	 7871.33	 7719.53	  151.80	 5184.20	 4110.34	  273.80	 3836.54	 1020.53	 1514.79
16:08:43	 7871.33	 7719.60	  151.73	 5184.21	 4110.34	  273.80	 3836.54	 1020.82	 1514.57
16:08:45	 7871.33	 7719.71	  151.62	 5184.21	 4110.34	  273.80	 3836.54	 1021.36	 1514.14
16:08:47	 7871.33	 7720.66	  150.67	 5184.46	 4110.34	  273.80	 3836.54	 1021.72	 1514.48
16:08:49	 7871.33	 7721.27	  150.07	 5184.47	 4110.34	  273.80	 3836.54	 1022.07	 1514.73
16:08:51	 7871.33	 7721.46	  149.87	 5184.72	 4110.34	  273.80	 3836.54	 1022.32	 1514.42
16:08:53	 7871.33	 7724.34	  146.99	 5184.73	 4110.34	  273.80	 3836.54	 1022.80	 1516.81
16:08:55	 7871.33	 7722.38	  148.95	 5184.73	 4110.34	  273.80	 3836.54	 1023.02	 1514.63
16:08:57	 7871.33	 7722.87	  148.46	 5184.98	 4110.34	  273.80	 3836.54	 1023.52	 1514.37
16:08:59	 7871.33	 7723.07	  148.27	 5184.98	 4110.34	  273.80	 3836.54	 1023.89	 1514.19
16:09:01	 7871.33	 7723.18	  148.15	 5185.23	 4110.34	  273.80	 3836.54	 1024.30	 1513.65
16:09:03	 7871.33	 7725.52	  145.81	 5185.24	 4110.34	  273.80	 3836.54	 1024.61	 1515.66
16:09:05	 7871.33	 7724.53	  146.80	 5185.24	 4110.34	  273.80	 3836.54	 1024.99	 1514.30
16:09:07	 7871.33	 7725.39	  145.94	 5185.49	 4110.34	  273.80	 3836.54	 1025.37	 1514.53
16:09:09	 7871.33	 7725.38	  145.95	 5185.50	 4110.34	  273.80	 3836.54	 1025.72	 1514.16
16:09:11	 7871.33	 7725.74	  145.59	 5185.75	 4110.34	  273.80	 3836.54	 1026.12	 1513.86
16:09:13	 7871.33	 7726.23	  145.10	 5185.76	 4110.34	  273.80	 3836.54	 1026.45	 1514.03
16:09:15	 7871.33	 7727.21	  144.12	 5185.76	 4110.34	  273.80	 3836.54	 1026.82	 1514.62
16:09:17	 7871.33	 7727.55	  143.79	 5186.01	 4110.34	  273.80	 3836.54	 1027.04	 1514.50
16:09:19	 7871.33	 7727.67	  143.66	 5186.02	 4110.34	  273.80	 3836.54	 1027.55	 1514.10
16:09:21	 7871.33	 7728.75	  142.58	 5186.27	 4110.34	  273.80	 3836.54	 1027.96	 1514.52
16:09:23	 7871.33	 7728.88	  142.45	 5186.27	 4110.34	  273.80	 3836.54	 1028.27	 1514.34
16:09:25	 7871.33	 7732.83	  138.50	 5186.27	 4110.34	  273.80	 3836.54	 1028.74	 1517.82
16:09:27	 7871.33	 7729.84	  141.49	 5186.52	 4110.34	  273.80	 3836.54	 1028.86	 1514.45
16:09:29	 7871.33	 7730.59	  140.74	 5186.53	 4110.34	  273.80	 3836.54	 1029.23	 1514.83
16:09:31	 7871.33	 7730.52	  140.81	 5186.78	 4110.34	  273.80	 3836.54	 1029.63	 1514.11
16:09:33	 7871.33	 7731.13	  140.20	 5186.79	 4110.34	  273.80	 3836.54	 1030.09	 1514.25
16:09:35	 7871.33	 7731.75	  139.58	 5186.79	 4110.34	  273.80	 3836.54	 1030.46	 1514.50
16:09:37	 7871.33	 7732.29	  139.05	 5187.04	 4110.34	  273.80	 3836.54	 1030.82	 1514.43
16:09:39	 7871.33	 7732.41	  138.93	 5187.05	 4110.34	  273.80	 3836.54	 1031.22	 1514.14
16:09:41	 7871.33	 7732.59	  138.74	 5187.30	 4110.34	  273.80	 3836.54	 1031.61	 1513.69
16:09:43	 7871.33	 7733.21	  138.12	 5187.30	 4110.34	  273.80	 3836.54	 1031.97	 1513.93
16:09:45	 7871.33	 7733.41	  137.92	 5187.30	 4110.34	  273.80	 3836.54	 1032.33	 1513.77
16:09:47	 7871.33	 7738.06	  133.27	 5187.55	 4110.34	  273.80	 3836.54	 1032.70	 1517.80
16:09:49	 7871.33	 7735.33	  136.00	 5187.56	 4110.34	  273.80	 3836.54	 1033.07	 1514.69
16:09:51	 7871.33	 7735.57	  135.76	 5187.81	 4110.34	  273.80	 3836.54	 1033.44	 1514.32
16:09:53	 7871.33	 7735.52	  135.81	 5187.82	 4110.34	  273.80	 3836.54	 1033.81	 1513.89
16:09:55	 7871.33	 7736.60	  134.73	 5187.82	 4110.34	  273.80	 3836.54	 1034.19	 1514.59
16:09:57	 7871.33	 7736.70	  134.63	 5188.07	 4110.34	  273.80	 3836.54	 1034.56	 1514.07
16:09:59	 7871.33	 7737.59	  133.74	 5188.08	 4110.34	  273.80	 3836.54	 1034.95	 1514.57
16:10:01	 7871.33	 7738.20	  133.13	 5188.33	 4110.34	  273.80	 3836.54	 1035.33	 1514.55
16:10:03	 7871.33	 7738.70	  132.64	 5188.34	 4110.34	  273.80	 3836.54	 1035.69	 1514.67
16:10:05	 7871.33	 7740.00	  131.34	 5188.34	 4110.34	  273.80	 3836.54	 1036.09	 1515.57
16:10:07	 7871.33	 7739.62	  131.71	 5188.59	 4110.34	  273.80	 3836.54	 1036.45	 1514.59
16:10:09	 7871.33	 7740.49	  130.84	 5188.59	 4110.34	  273.80	 3836.54	 1036.86	 1515.04
16:10:11	 7871.33	 7740.49	  130.84	 5188.84	 4110.34	  273.80	 3836.54	 1037.23	 1514.41
16:10:13	 7871.33	 7740.56	  130.77	 5188.85	 4110.34	  273.80	 3836.54	 1037.61	 1514.10
16:10:15	 7871.33	 7741.95	  129.38	 5188.85	 4110.34	  273.80	 3836.54	 1038.00	 1515.09
16:10:17	 7871.33	 7741.83	  129.50	 5189.10	 4110.34	  273.80	 3836.54	 1038.37	 1514.36
16:10:19	 7871.33	 7741.82	  129.51	 5189.11	 4110.34	  273.80	 3836.54	 1038.74	 1513.97
16:10:21	 7871.33	 7742.79	  128.54	 5189.36	 4110.34	  273.80	 3836.54	 1039.16	 1514.27
16:10:23	 7871.33	 7746.02	  125.32	 5189.37	 4110.34	  273.80	 3836.54	 1039.55	 1517.09
16:10:25	 7871.33	 7743.61	  127.73	 5189.37	 4110.34	  273.80	 3836.54	 1039.92	 1514.32
16:10:27	 7871.33	 7746.23	  125.11	 5189.62	 4110.34	  273.80	 3836.54	 1040.31	 1516.29
16:10:29	 7871.33	 7744.85	  126.48	 5189.62	 4110.34	  273.80	 3836.54	 1040.69	 1514.53
16:10:31	 7871.33	 7745.58	  125.75	 5189.88	 4110.34	  273.80	 3836.54	 1041.11	 1514.60
16:10:33	 7871.33	 7745.70	  125.63	 5189.88	 4110.34	  273.80	 3836.54	 1041.48	 1514.34
16:10:35	 7871.33	 7745.70	  125.64	 5189.88	 4110.34	  273.80	 3836.54	 1041.86	 1513.96
16:10:37	 7871.33	 7746.16	  125.18	 5190.14	 4110.34	  273.80	 3836.54	 1042.23	 1513.78
16:10:39	 7871.33	 7746.51	  124.82	 5190.14	 4110.34	  273.80	 3836.54	 1042.63	 1513.74
16:10:41	 7871.33	 7748.02	  123.31	 5190.39	 4110.34	  273.80	 3836.54	 1042.97	 1514.66
16:10:43	 7871.33	 7748.38	  122.95	 5190.40	 4110.34	  273.80	 3836.54	 1043.40	 1514.59
16:10:45	 7871.33	 7748.38	  122.96	 5190.40	 4110.34	  273.80	 3836.54	 1043.79	 1514.19
16:10:47	 7871.33	 7748.99	  122.34	 5190.66	 4110.34	  273.80	 3836.54	 1044.16	 1514.17
16:10:49	 7871.33	 7749.18	  122.16	 5190.66	 4110.34	  273.80	 3836.54	 1044.52	 1514.00
16:10:51	 7871.33	 7749.89	  121.44	 5190.91	 4110.34	  273.80	 3836.54	 1044.92	 1514.07
16:10:53	 7871.33	 7751.20	  120.13	 5190.91	 4110.34	  273.80	 3836.54	 1045.32	 1514.97
16:10:55	 7871.33	 7751.21	  120.12	 5190.91	 4110.34	  273.80	 3836.54	 1045.70	 1514.60
16:10:57	 7871.33	 7751.71	  119.62	 5191.17	 4110.34	  273.80	 3836.54	 1046.08	 1514.45
16:10:59	 7871.33	 7751.94	  119.39	 5191.17	 4110.34	  273.80	 3836.54	 1046.48	 1514.29
16:11:01	 7871.33	 7752.14	  119.19	 5191.42	 4110.34	  273.80	 3836.54	 1046.86	 1513.86
16:11:03	 7871.33	 7753.86	  117.47	 5191.43	 4110.34	  273.80	 3836.54	 1047.24	 1515.19
16:11:05	 7871.33	 7735.99	  135.34	 5174.66	 4110.34	  273.83	 3836.52	 1046.41	 1514.92
16:11:07	 7871.33	 7738.08	  133.25	 5174.91	 4110.34	  273.83	 3836.52	 1046.79	 1516.38
16:11:09	 7871.33	 7736.60	  134.73	 5174.92	 4110.34	  273.83	 3836.52	 1047.18	 1514.50
16:11:11	 7871.33	 7736.84	  134.49	 5175.17	 4110.34	  273.83	 3836.52	 1047.57	 1514.11
16:11:13	 7871.33	 7689.57	  181.76	 5175.17	 4110.34	  273.83	 3836.52	 1000.26	 1514.14
16:11:15	 7871.33	 7690.64	  180.70	 5175.18	 4110.34	  273.83	 3836.52	 1000.77	 1514.69
16:11:17	 7871.33	 7690.89	  180.45	 5175.43	 4110.34	  273.83	 3836.52	 1001.04	 1514.42
16:11:19	 7871.33	 7691.48	  179.85	 5175.43	 4110.34	  273.83	 3836.52	 1001.42	 1514.64
16:11:21	 7871.33	 7692.48	  178.86	 5175.68	 4110.34	  273.83	 3836.52	 1001.77	 1515.02
16:11:23	 7871.33	 7692.45	  178.88	 5175.68	 4110.34	  273.83	 3836.52	 1002.17	 1514.60
16:11:25	 7871.33	 7693.91	  177.42	 5175.68	 4110.34	  273.83	 3836.52	 1002.57	 1515.66
16:11:27	 7871.33	 7693.44	  177.89	 5175.94	 4110.34	  273.83	 3836.52	 1002.93	 1514.56
16:11:29	 7871.33	 7693.43	  177.90	 5175.94	 4110.34	  273.83	 3836.52	 1003.34	 1514.15
16:11:31	 7871.33	 7693.91	  177.42	 5176.19	 4110.34	  273.83	 3836.52	 1003.72	 1514.00
16:11:33	 7871.33	 7694.58	  176.75	 5176.20	 4110.34	  273.83	 3836.52	 1004.10	 1514.28
16:11:35	 7871.33	 7695.45	  175.88	 5176.20	 4110.34	  273.83	 3836.52	 1004.64	 1514.61
16:11:37	 7871.33	 7696.22	  175.11	 5176.46	 4110.34	  273.83	 3836.52	 1004.86	 1514.90
16:11:39	 7871.33	 7696.21	  175.12	 5176.46	 4110.34	  273.83	 3836.52	 1005.27	 1514.49
16:11:41	 7871.33	 7696.69	  174.64	 5176.71	 4110.34	  273.83	 3836.52	 1005.64	 1514.35
16:11:43	 7871.33	 7697.74	  173.59	 5176.71	 4110.34	  273.83	 3836.52	 1006.03	 1515.00
16:11:45	 7871.33	 7697.73	  173.61	 5176.71	 4110.34	  273.83	 3836.52	 1006.58	 1514.43
16:11:47	 7871.33	 7698.82	  172.52	 5176.97	 4110.34	  273.83	 3836.52	 1006.79	 1515.05
16:11:49	 7871.33	 7698.98	  172.36	 5176.97	 4110.34	  273.83	 3836.52	 1007.17	 1514.83
16:11:51	 7871.33	 7699.77	  171.57	 5177.22	 4110.34	  273.83	 3836.52	 1007.56	 1514.98
16:11:53	 7871.33	 7700.21	  171.12	 5177.23	 4110.34	  273.83	 3836.52	 1007.95	 1515.03
16:11:55	 7871.33	 7700.14	  171.19	 5177.23	 4110.34	  273.83	 3836.52	 1008.50	 1514.41
16:11:57	 7871.33	 7700.75	  170.58	 5177.49	 4110.34	  273.83	 3836.52	 1008.71	 1514.55
16:11:59	 7871.33	 7703.23	  168.10	 5177.49	 4110.34	  273.83	 3836.52	 1009.12	 1516.62
16:12:02	 7871.33	 7703.87	  167.46	 5177.74	 4110.34	  273.83	 3836.52	 1009.62	 1516.51
16:12:04	 7871.33	 7702.25	  169.08	 5177.75	 4110.34	  273.83	 3836.52	 1010.05	 1514.45
16:12:06	 7871.33	 7702.49	  168.84	 5178.00	 4110.34	  273.83	 3836.52	 1010.36	 1514.13
16:12:08	 7871.33	 7703.16	  168.17	 5178.00	 4110.34	  273.83	 3836.52	 1010.63	 1514.52
16:12:10	 7871.33	 7705.25	  166.08	 5178.00	 4110.34	  273.83	 3836.52	 1011.04	 1516.20
16:12:12	 7871.33	 7704.30	  167.03	 5178.25	 4110.34	  273.83	 3836.52	 1011.41	 1514.64
16:12:14	 7871.33	 7704.80	  166.53	 5178.26	 4110.34	  273.83	 3836.52	 1011.98	 1514.57
16:12:16	 7871.33	 7705.42	  165.91	 5178.51	 4110.34	  273.83	 3836.52	 1012.25	 1514.66
16:12:18	 7871.33	 7705.77	  165.56	 5178.52	 4110.34	  273.83	 3836.52	 1012.57	 1514.69
16:12:20	 7871.33	 7705.77	  165.57	 5178.52	 4110.34	  273.83	 3836.52	 1012.96	 1514.28
16:12:22	 7871.33	 7707.01	  164.32	 5178.77	 4110.34	  273.83	 3836.52	 1013.49	 1514.75
16:12:24	 7871.33	 7707.23	  164.10	 5178.78	 4110.34	  273.83	 3836.52	 1013.88	 1514.58
16:12:26	 7871.33	 7708.07	  163.26	 5179.03	 4110.34	  273.83	 3836.52	 1014.18	 1514.86
16:12:28	 7871.33	 7708.16	  163.18	 5179.04	 4110.34	  273.83	 3836.52	 1014.48	 1514.64
16:12:30	 7871.33	 7708.80	  162.53	 5179.04	 4110.34	  273.83	 3836.52	 1014.88	 1514.88
16:12:32	 7871.33	 7710.26	  161.07	 5179.29	 4110.34	  273.83	 3836.52	 1015.43	 1515.55
16:12:34	 7871.33	 7709.88	  161.45	 5179.29	 4110.34	  273.83	 3836.52	 1015.82	 1514.77
16:12:36	 7871.33	 7710.00	  161.34	 5179.54	 4110.34	  273.83	 3836.52	 1016.13	 1514.32
16:12:38	 7871.33	 7710.61	  160.72	 5179.54	 4110.34	  273.83	 3836.52	 1016.60	 1514.46
16:12:40	 7871.33	 7710.78	  160.55	 5179.55	 4110.34	  273.83	 3836.52	 1016.98	 1514.25
16:12:42	 7871.33	 7716.30	  155.03	 5179.80	 4110.34	  273.83	 3836.52	 1017.36	 1519.14
16:12:44	 7871.33	 7712.44	  158.89	 5179.80	 4110.34	  273.83	 3836.52	 1017.59	 1515.05
16:12:46	 7871.33	 7712.64	  158.69	 5180.06	 4110.34	  273.83	 3836.52	 1018.04	 1514.54
16:12:48	 7871.33	 7713.14	  158.20	 5180.06	 4110.34	  273.83	 3836.52	 1018.52	 1514.56
16:12:50	 7871.33	 7713.37	  157.96	 5180.06	 4110.34	  273.83	 3836.52	 1018.73	 1514.58
16:12:52	 7871.33	 7714.04	  157.30	 5180.32	 4110.34	  273.83	 3836.52	 1019.28	 1514.44
16:12:54	 7871.33	 7714.53	  156.80	 5180.32	 4110.34	  273.83	 3836.52	 1019.66	 1514.55
16:12:56	 7871.33	 7715.32	  156.01	 5180.57	 4110.34	  273.83	 3836.52	 1019.97	 1514.79
16:12:58	 7871.33	 7715.71	  155.62	 5180.57	 4110.34	  273.83	 3836.52	 1020.41	 1514.72
16:13:00	 7871.33	 7715.70	  155.63	 5180.57	 4110.34	  273.83	 3836.52	 1020.83	 1514.30
16:13:02	 7871.33	 7716.68	  154.65	 5180.82	 4110.34	  273.83	 3836.52	 1021.23	 1514.63
16:13:04	 7871.33	 7716.86	  154.47	 5180.83	 4110.34	  273.83	 3836.52	 1021.61	 1514.41
16:13:06	 7871.33	 7717.83	  153.50	 5181.08	 4110.34	  273.83	 3836.52	 1021.99	 1514.75
16:13:08	 7871.33	 7718.23	  153.10	 5181.09	 4110.34	  273.83	 3836.52	 1022.39	 1514.75
16:13:10	 7871.33	 7719.43	  151.90	 5181.09	 4110.34	  273.83	 3836.52	 1022.79	 1515.55
16:13:12	 7871.33	 7720.17	  151.16	 5181.34	 4110.34	  273.83	 3836.52	 1023.18	 1515.65
16:13:14	 7871.33	 7719.45	  151.88	 5181.35	 4110.34	  273.83	 3836.52	 1023.55	 1514.55
16:13:16	 7871.33	 7719.64	  151.70	 5181.60	 4110.34	  273.83	 3836.52	 1023.94	 1514.10
16:13:18	 7871.33	 7721.99	  149.34	 5181.61	 4110.34	  273.83	 3836.52	 1024.34	 1516.05
16:13:20	 7871.33	 7721.13	  150.20	 5181.61	 4110.34	  273.83	 3836.52	 1024.69	 1514.84
16:13:22	 7871.33	 7721.62	  149.71	 5181.86	 4110.34	  273.83	 3836.52	 1025.11	 1514.66
16:13:24	 7871.33	 7721.85	  149.48	 5181.86	 4110.34	  273.83	 3836.52	 1025.48	 1514.50
16:13:26	 7871.33	 7722.09	  149.24	 5182.11	 4110.34	  273.83	 3836.52	 1025.84	 1514.13
16:13:28	 7871.33	 7722.89	  148.44	 5182.12	 4110.34	  273.83	 3836.52	 1026.27	 1514.50
16:13:30	 7871.33	 7723.03	  148.30	 5182.12	 4110.34	  273.83	 3836.52	 1026.64	 1514.26
16:13:32	 7871.33	 7723.40	  147.93	 5182.37	 4110.34	  273.83	 3836.52	 1027.04	 1513.99
16:13:34	 7871.33	 7723.39	  147.94	 5182.38	 4110.34	  273.83	 3836.52	 1027.41	 1513.60
16:13:36	 7871.33	 7724.99	  146.34	 5182.63	 4110.34	  273.83	 3836.52	 1027.81	 1514.55
16:13:38	 7871.33	 7725.59	  145.75	 5182.63	 4110.34	  273.83	 3836.52	 1028.17	 1514.79
16:13:40	 7871.33	 7727.22	  144.11	 5182.64	 4110.34	  273.83	 3836.52	 1028.56	 1516.02
16:13:42	 7871.33	 7725.96	  145.38	 5182.89	 4110.34	  273.83	 3836.52	 1028.95	 1514.12
16:13:44	 7871.33	 7726.19	  145.14	 5182.89	 4110.34	  273.83	 3836.52	 1029.34	 1513.97
16:13:46	 7871.33	 7726.55	  144.79	 5183.14	 4110.34	  273.83	 3836.52	 1029.72	 1513.68
16:13:48	 7871.33	 7727.12	  144.21	 5183.14	 4110.34	  273.83	 3836.52	 1030.12	 1513.85
16:13:50	 7871.33	 7728.02	  143.32	 5183.14	 4110.34	  273.83	 3836.52	 1030.51	 1514.36
16:13:52	 7871.33	 7728.92	  142.41	 5183.40	 4110.34	  273.83	 3836.52	 1030.89	 1514.63
16:13:54	 7871.33	 7729.30	  142.04	 5183.40	 4110.34	  273.83	 3836.52	 1031.27	 1514.62
16:13:56	 7871.33	 7729.29	  142.04	 5183.65	 4110.34	  273.83	 3836.52	 1031.68	 1513.96
16:13:58	 7871.33	 7729.66	  141.67	 5183.66	 4110.34	  273.83	 3836.52	 1032.06	 1513.94
16:14:00	 7871.33	 7729.96	  141.37	 5183.66	 4110.34	  273.83	 3836.52	 1032.43	 1513.87
16:14:02	 7871.33	 7731.71	  139.62	 5183.92	 4110.34	  273.83	 3836.52	 1032.82	 1514.98
16:14:04	 7871.33	 7731.65	  139.68	 5183.92	 4110.34	  273.83	 3836.52	 1033.21	 1514.52
16:14:06	 7871.33	 7732.37	  138.96	 5184.17	 4110.34	  273.83	 3836.52	 1033.60	 1514.60
16:14:08	 7871.33	 7732.45	  138.88	 5184.18	 4110.34	  273.83	 3836.52	 1033.98	 1514.29
16:14:10	 7871.33	 7732.68	  138.65	 5184.18	 4110.34	  273.83	 3836.52	 1034.37	 1514.14
16:14:12	 7871.33	 7733.05	  138.28	 5184.43	 4110.34	  273.83	 3836.52	 1034.75	 1513.87
16:14:14	 7871.33	 7733.93	  137.40	 5184.43	 4110.34	  273.83	 3836.52	 1035.14	 1514.36
16:14:16	 7871.33	 7738.09	  133.24	 5184.68	 4110.34	  273.83	 3836.52	 1035.65	 1517.76
16:14:18	 7871.33	 7734.79	  136.54	 5184.69	 4110.34	  273.83	 3836.52	 1035.92	 1514.18
16:14:20	 7871.33	 7734.77	  136.56	 5184.69	 4110.34	  273.83	 3836.52	 1036.31	 1513.77
16:14:22	 7871.33	 7735.51	  135.82	 5184.95	 4110.34	  273.83	 3836.52	 1036.67	 1513.89
16:14:24	 7871.33	 7736.63	  134.70	 5184.95	 4110.34	  273.83	 3836.52	 1037.09	 1514.59
16:14:26	 7871.33	 7736.74	  134.59	 5185.20	 4110.34	  273.83	 3836.52	 1037.45	 1514.09
16:14:28	 7871.33	 7737.11	  134.22	 5185.21	 4110.34	  273.83	 3836.52	 1037.84	 1514.07
16:14:30	 7871.33	 7738.20	  133.13	 5185.21	 4110.34	  273.83	 3836.52	 1038.22	 1514.77
16:14:32	 7871.33	 7738.45	  132.89	 5185.46	 4110.34	  273.83	 3836.52	 1038.60	 1514.38
16:14:34	 7871.33	 7739.19	  132.14	 5185.46	 4110.34	  273.83	 3836.52	 1038.98	 1514.74
16:14:36	 7871.33	 7739.29	  132.04	 5185.71	 4110.34	  273.83	 3836.52	 1039.38	 1514.20
16:14:38	 7871.33	 7740.29	  131.05	 5185.72	 4110.34	  273.83	 3836.52	 1039.91	 1514.66
16:14:40	 7871.33	 7740.46	  130.87	 5185.72	 4110.34	  273.83	 3836.52	 1040.16	 1514.59
16:14:42	 7871.33	 7740.82	  130.51	 5185.97	 4110.34	  273.83	 3836.52	 1040.54	 1514.31
16:14:44	 7871.33	 7741.34	  130.00	 5185.98	 4110.34	  273.83	 3836.52	 1040.92	 1514.44
16:14:46	 7871.33	 7742.11	  129.22	 5186.23	 4110.34	  273.83	 3836.52	 1041.31	 1514.57
16:14:48	 7871.33	 7742.59	  128.74	 5186.23	 4110.34	  273.83	 3836.52	 1041.70	 1514.67
16:14:50	 7871.33	 7742.59	  128.75	 5186.24	 4110.34	  273.83	 3836.52	 1042.21	 1514.14
16:14:52	 7871.33	 7743.03	  128.30	 5186.49	 4110.34	  273.83	 3836.52	 1042.46	 1514.09
16:14:54	 7871.33	 7743.27	  128.06	 5186.49	 4110.34	  273.83	 3836.52	 1042.99	 1513.79
16:14:56	 7871.33	 7750.66	  120.67	 5186.75	 4110.34	  273.83	 3836.52	 1043.25	 1520.67
16:14:58	 7871.33	 7744.76	  126.57	 5186.75	 4110.34	  273.83	 3836.52	 1043.61	 1514.40
16:15:00	 7871.33	 7744.75	  126.58	 5186.75	 4110.34	  273.83	 3836.52	 1044.14	 1513.86
16:15:02	 7871.33	 7745.84	  125.49	 5187.00	 4110.34	  273.83	 3836.52	 1044.53	 1514.31
16:15:04	 7871.33	 7746.04	  125.30	 5187.00	 4110.34	  273.83	 3836.52	 1044.91	 1514.12
16:15:06	 7871.33	 7746.66	  124.68	 5187.26	 4110.34	  273.83	 3836.52	 1045.17	 1514.23
16:15:08	 7871.33	 7747.65	  123.68	 5187.27	 4110.34	  273.83	 3836.52	 1045.68	 1514.70
16:15:10	 7871.33	 7748.03	  123.30	 5187.27	 4110.34	  273.83	 3836.52	 1045.93	 1514.83
16:15:12	 7871.33	 7748.25	  123.08	 5187.52	 4110.34	  273.83	 3836.52	 1046.28	 1514.45
16:15:14	 7871.33	 7748.38	  122.96	 5187.52	 4110.34	  273.83	 3836.52	 1046.70	 1514.15
16:15:16	 7871.33	 7748.43	  122.90	 5187.77	 4110.34	  273.83	 3836.52	 1047.23	 1513.43
16:15:18	 7871.33	 7751.54	  119.79	 5187.78	 4110.34	  273.83	 3836.52	 1047.45	 1516.31
16:15:20	 7871.33	 7751.52	  119.82	 5187.78	 4110.34	  273.83	 3836.52	 1048.00	 1515.73
16:15:22	 7871.33	 7750.64	  120.70	 5188.04	 4110.34	  273.83	 3836.52	 1048.38	 1514.21
16:15:24	 7871.33	 7703.66	  167.67	 5188.04	 4110.34	  273.83	 3836.52	 1001.11	 1514.52
16:15:27	 7871.33	 7704.02	  167.32	 5188.29	 4110.34	  273.83	 3836.52	 1001.34	 1514.39
16:15:29	 7871.33	 7704.51	  166.82	 5188.30	 4110.34	  273.83	 3836.52	 1001.91	 1514.30
16:15:31	 7871.33	 7705.64	  165.70	 5188.55	 4110.34	  273.83	 3836.52	 1002.21	 1514.88
16:15:33	 7871.33	 7705.76	  165.57	 5188.55	 4110.34	  273.83	 3836.52	 1002.67	 1514.54
16:15:35	 7871.33	 7705.76	  165.57	 5188.55	 4110.34	  273.83	 3836.52	 1003.06	 1514.14
16:15:37	 7871.33	 7706.06	  165.27	 5188.80	 4110.34	  273.83	 3836.52	 1003.26	 1513.99
16:15:39	 7871.33	 7707.42	  163.91	 5188.81	 4110.34	  273.83	 3836.52	 1003.84	 1514.77
16:15:41	 7871.33	 7709.26	  162.07	 5189.06	 4110.34	  273.83	 3836.52	 1004.13	 1516.07
16:15:43	 7871.33	 7708.29	  163.04	 5189.07	 4110.34	  273.83	 3836.52	 1004.43	 1514.80
16:15:45	 7871.33	 7708.41	  162.92	 5189.07	 4110.34	  273.83	 3836.52	 1004.98	 1514.36
16:15:47	 7871.33	 7708.77	  162.56	 5189.32	 4110.34	  273.83	 3836.52	 1005.37	 1514.08
16:15:49	 7871.33	 7709.44	  161.89	 5189.33	 4110.34	  273.83	 3836.52	 1005.75	 1514.36
16:15:51	 7871.33	 7710.52	  160.81	 5189.58	 4110.34	  273.83	 3836.52	 1006.05	 1514.89
16:15:53	 7871.33	 7711.16	  160.18	 5189.58	 4110.34	  273.83	 3836.52	 1006.36	 1515.21
16:15:55	 7871.33	 7711.18	  160.16	 5189.59	 4110.34	  273.83	 3836.52	 1006.91	 1514.68
16:15:57	 7871.33	 7711.75	  159.58	 5189.84	 4110.34	  273.83	 3836.52	 1007.29	 1514.62
16:15:59	 7871.33	 7712.48	  158.85	 5189.84	 4110.34	  273.83	 3836.52	 1007.51	 1515.14
16:16:01	 7871.33	 7712.70	  158.63	 5190.09	 4110.34	  273.83	 3836.52	 1007.97	 1514.64
16:16:03	 7871.33	 7714.28	  157.05	 5190.09	 4110.34	  273.83	 3836.52	 1008.45	 1515.73
16:16:05	 7871.33	 7713.84	  157.49	 5190.09	 4110.34	  273.83	 3836.52	 1008.85	 1514.90
16:16:07	 7871.33	 7714.09	  157.24	 5190.35	 4110.34	  273.83	 3836.52	 1009.00	 1514.74
16:16:09	 7871.33	 7714.85	  156.48	 5190.35	 4110.34	  273.83	 3836.52	 1009.40	 1515.09
16:16:11	 7871.33	 7715.09	  156.24	 5190.60	 4110.34	  273.83	 3836.52	 1009.90	 1514.59
16:16:13	 7871.33	 7715.40	  155.93	 5190.61	 4110.34	  273.83	 3836.52	 1010.36	 1514.43
16:16:15	 7871.33	 7716.05	  155.28	 5190.61	 4110.34	  273.83	 3836.52	 1010.59	 1514.85
16:16:17	 7871.33	 7716.66	  154.68	 5190.86	 4110.34	  273.83	 3836.52	 1011.11	 1514.68
16:16:19	 7871.33	 7717.16	  154.18	 5190.87	 4110.34	  273.83	 3836.52	 1011.52	 1514.77
16:16:21	 7871.33	 7717.27	  154.06	 5191.12	 4110.34	  273.83	 3836.52	 1011.82	 1514.33
16:16:23	 7871.33	 7718.12	  153.21	 5191.12	 4110.34	  273.83	 3836.52	 1012.26	 1514.73
16:16:25	 7871.33	 7718.56	  152.77	 5191.12	 4110.34	  273.83	 3836.52	 1012.68	 1514.75
16:16:27	 7871.33	 7719.21	  152.12	 5191.38	 4110.34	  273.83	 3836.52	 1013.08	 1514.75
16:16:29	 7871.33	 7719.58	  151.75	 5191.38	 4110.34	  273.83	 3836.52	 1013.46	 1514.73
16:16:31	 7871.33	 7723.85	  147.48	 5191.63	 4110.34	  273.83	 3836.52	 1013.86	 1518.36
16:16:33	 7871.33	 7720.55	  150.79	 5191.63	 4110.34	  273.83	 3836.52	 1014.24	 1514.68
16:16:35	 7871.33	 7720.49	  150.84	 5191.64	 4110.34	  273.83	 3836.52	 1014.62	 1514.23
16:16:37	 7871.33	 7721.75	  149.58	 5191.89	 4110.34	  273.83	 3836.52	 1015.00	 1514.86
16:16:39	 7871.33	 7722.00	  149.33	 5191.89	 4110.34	  273.83	 3836.52	 1015.40	 1514.71
16:16:41	 7871.33	 7722.60	  148.73	 5192.15	 4110.34	  273.83	 3836.52	 1015.79	 1514.66
16:16:43	 7871.33	 7723.16	  148.17	 5192.15	 4110.34	  273.83	 3836.52	 1016.17	 1514.84
16:16:45	 7871.33	 7723.56	  147.77	 5192.15	 4110.34	  273.83	 3836.52	 1016.56	 1514.85
16:16:47	 7871.33	 7725.13	  146.20	 5192.41	 4110.34	  273.83	 3836.52	 1016.92	 1515.81
16:16:49	 7871.33	 7724.66	  146.68	 5192.41	 4110.34	  273.83	 3836.52	 1017.32	 1514.93
16:16:51	 7871.33	 7724.89	  146.44	 5192.66	 4110.34	  273.83	 3836.52	 1017.69	 1514.55
16:16:53	 7871.33	 7725.50	  145.83	 5192.66	 4110.34	  273.83	 3836.52	 1018.09	 1514.75
16:16:55	 7871.33	 7725.93	  145.41	 5192.66	 4110.34	  273.83	 3836.52	 1018.48	 1514.79
16:16:57	 7871.33	 7726.53	  144.80	 5192.91	 4110.34	  273.83	 3836.52	 1018.86	 1514.75
16:16:59	 7871.33	 7727.07	  144.26	 5192.92	 4110.34	  273.83	 3836.52	 1019.25	 1514.89
16:17:01	 7871.33	 7727.43	  143.91	 5193.17	 4110.34	  273.83	 3836.52	 1019.62	 1514.63
16:17:03	 7871.33	 7727.99	  143.34	 5193.18	 4110.34	  273.83	 3836.52	 1020.00	 1514.81
16:17:05	 7871.33	 7728.22	  143.11	 5193.18	 4110.34	  273.83	 3836.52	 1020.39	 1514.64
16:17:07	 7871.33	 7729.06	  142.27	 5193.43	 4110.34	  273.83	 3836.52	 1020.77	 1514.86
16:17:09	 7871.33	 7729.30	  142.03	 5193.44	 4110.34	  273.83	 3836.52	 1021.15	 1514.71
16:17:11	 7871.33	 7731.32	  140.01	 5193.69	 4110.34	  273.83	 3836.52	 1021.55	 1516.09
16:17:13	 7871.33	 7730.46	  140.87	 5193.69	 4110.34	  273.83	 3836.52	 1021.95	 1514.83
16:17:15	 7871.33	 7730.31	  141.02	 5193.70	 4110.34	  273.83	 3836.52	 1022.33	 1514.29
16:17:17	 7871.33	 7730.79	  140.54	 5193.95	 4110.34	  273.83	 3836.52	 1022.69	 1514.16
16:17:19	 7871.33	 7731.00	  140.34	 5193.95	 4110.34	  273.83	 3836.52	 1023.10	 1513.95
16:17:21	 7871.33	 7733.10	  138.23	 5194.20	 4110.34	  273.83	 3836.52	 1023.50	 1515.40
16:17:23	 7871.33	 7732.38	  138.95	 5194.20	 4110.34	  273.83	 3836.52	 1023.88	 1514.30
16:17:25	 7871.33	 7733.12	  138.21	 5194.20	 4110.34	  273.83	 3836.52	 1024.27	 1514.65
16:17:27	 7871.33	 7733.47	  137.86	 5194.46	 4110.34	  273.83	 3836.52	 1024.65	 1514.36
16:17:29	 7871.33	 7733.59	  137.74	 5194.46	 4110.34	  273.83	 3836.52	 1025.05	 1514.08
16:17:31	 7871.33	 7733.89	  137.44	 5194.71	 4110.34	  273.83	 3836.52	 1025.43	 1513.75
16:17:33	 7871.33	 7736.97	  134.36	 5194.72	 4110.34	  273.83	 3836.52	 1025.82	 1516.42
16:17:35	 7871.33	 7735.75	  135.58	 5194.72	 4110.34	  273.83	 3836.52	 1026.18	 1514.84
16:17:37	 7871.33	 7735.98	  135.35	 5194.98	 4110.34	  273.83	 3836.52	 1026.58	 1514.42
16:17:39	 7871.33	 7736.61	  134.72	 5194.98	 4110.34	  273.83	 3836.52	 1026.98	 1514.66
16:17:41	 7871.33	 7736.85	  134.48	 5195.23	 4110.34	  273.83	 3836.52	 1027.36	 1514.25
16:17:43	 7871.33	 7737.61	  133.73	 5195.24	 4110.34	  273.83	 3836.52	 1027.75	 1514.62
16:17:45	 7871.33	 7739.34	  131.99	 5195.24	 4110.34	  273.83	 3836.52	 1028.13	 1515.97
16:17:47	 7871.33	 7738.31	  133.02	 5195.50	 4110.34	  273.83	 3836.52	 1028.51	 1514.30
16:17:49	 7871.33	 7738.32	  133.02	 5195.50	 4110.34	  273.83	 3836.52	 1028.91	 1513.91
16:17:51	 7871.33	 7739.12	  132.21	 5195.75	 4110.34	  273.83	 3836.52	 1029.29	 1514.08
16:17:53	 7871.33	 7739.78	  131.55	 5195.75	 4110.34	  273.83	 3836.52	 1029.68	 1514.35
16:17:55	 7871.33	 7739.88	  131.45	 5195.75	 4110.34	  273.83	 3836.52	 1030.07	 1514.06
16:17:57	 7871.33	 7741.96	  129.38	 5196.01	 4110.34	  273.83	 3836.52	 1030.45	 1515.50
16:17:59	 7871.33	 7741.59	  129.75	 5196.01	 4110.34	  273.83	 3836.52	 1030.96	 1514.61
16:18:01	 7871.33	 7741.81	  129.52	 5196.26	 4110.34	  273.83	 3836.52	 1031.20	 1514.35
16:18:03	 7871.33	 7742.02	  129.31	 5196.27	 4110.34	  273.83	 3836.52	 1031.62	 1514.14
16:18:05	 7871.33	 7743.18	  128.16	 5196.27	 4110.34	  273.83	 3836.52	 1032.14	 1514.77
16:18:07	 7871.33	 7743.39	  127.94	 5196.53	 4110.34	  273.83	 3836.52	 1032.52	 1514.35
16:18:09	 7871.33	 7745.38	  125.95	 5196.53	 4110.34	  273.83	 3836.52	 1032.77	 1516.08
16:18:11	 7871.33	 7744.24	  127.09	 5196.78	 4110.34	  273.83	 3836.52	 1033.30	 1514.17
16:18:13	 7871.33	 7744.37	  126.96	 5196.79	 4110.34	  273.83	 3836.52	 1033.69	 1513.90
16:18:15	 7871.33	 7744.55	  126.78	 5196.79	 4110.34	  273.83	 3836.52	 1033.93	 1513.84
16:18:17	 7871.33	 7745.77	  125.56	 5197.04	 4110.34	  273.83	 3836.52	 1034.31	 1514.41
16:18:19	 7871.33	 7746.53	  124.80	 5197.04	 4110.34	  273.83	 3836.52	 1034.70	 1514.78
16:18:21	 7871.33	 7747.05	  124.28	 5197.29	 4110.34	  273.83	 3836.52	 1035.06	 1514.70
16:18:23	 7871.33	 7747.06	  124.27	 5197.30	 4110.34	  273.83	 3836.52	 1035.62	 1514.14
16:18:25	 7871.33	 7747.17	  124.16	 5197.30	 4110.34	  273.83	 3836.52	 1035.98	 1513.89
