    Time	  MemTotal	   MemUsed	   MemFree	   MemBuff	SwapTotal	SwapUsed	SwapFree	SwapCached	RealUsedMem
15:55:21	 7871.33	 7751.71	  119.62	  267.52	 4102.53	  977.66	 3124.88	  274.64	 7209.55
15:55:23	 7871.33	 7752.32	  119.02	  267.77	 4102.53	  977.66	 3124.88	  274.68	 7209.86
15:55:25	 7871.33	 7752.45	  118.88	  267.78	 4102.53	  977.66	 3124.88	  274.69	 7209.99
15:55:27	 7871.33	 7752.17	  119.16	  268.05	 4102.53	  977.66	 3124.88	  274.71	 7209.41
15:55:29	 7871.33	 7752.29	  119.04	  268.06	 4102.53	  977.66	 3124.88	  274.73	 7209.51
15:55:31	 7871.33	 7752.55	  118.78	  268.07	 4102.53	  977.66	 3124.88	  274.75	 7209.73
15:55:33	 7871.33	 7753.70	  117.63	  268.34	 4102.53	  977.66	 3124.88	  274.78	 7210.59
15:55:35	 7871.33	 7754.30	  117.03	  268.34	 4102.53	  977.66	 3124.88	  274.80	 7211.16
15:55:37	 7871.33	 7752.67	  118.66	  268.61	 4102.53	  977.66	 3124.88	  274.82	 7209.25
15:55:39	 7871.33	 7752.70	  118.64	  268.61	 4102.53	  977.66	 3124.88	  274.83	 7209.25
15:55:41	 7871.33	 7753.04	  118.29	  268.65	 4102.53	  977.66	 3124.88	  274.82	 7209.57
15:55:43	 7871.33	 7753.77	  117.56	  268.90	 4102.53	  977.66	 3124.88	  274.86	 7210.00
15:55:45	 7871.33	 7753.38	  117.96	  268.90	 4102.53	  977.66	 3124.88	  274.88	 7209.59
15:55:47	 7871.33	 7753.50	  117.84	  269.18	 4102.53	  977.66	 3124.88	  274.89	 7209.43
15:55:49	 7871.33	 7753.50	  117.84	  269.18	 4102.53	  977.66	 3124.88	  274.91	 7209.41
15:55:51	 7871.33	 7754.16	  117.18	  269.21	 4102.53	  977.66	 3124.88	  274.90	 7210.05
15:55:53	 7871.33	 7755.46	  115.87	  269.46	 4102.53	  977.66	 3124.88	  274.95	 7211.06
15:55:55	 7871.33	 7754.48	  116.85	  269.46	 4102.53	  977.66	 3124.88	  274.96	 7210.06
15:55:58	 7871.33	 7754.01	  117.32	  269.75	 4102.53	  977.66	 3124.88	  274.98	 7209.29
15:56:00	 7871.33	 7754.24	  117.09	  269.75	 4102.53	  977.66	 3124.88	  274.98	 7209.50
15:56:02	 7871.33	 7754.48	  116.85	  270.03	 4102.53	  977.66	 3124.88	  274.92	 7209.53
15:56:04	 7871.33	 7754.73	  116.60	  270.05	 4102.53	  977.66	 3124.88	  275.03	 7209.65
15:56:06	 7871.33	 7761.01	  110.32	  270.06	 4102.53	  977.66	 3124.88	  275.03	 7215.92
15:56:08	 7871.33	 7754.75	  116.59	  270.33	 4102.53	  977.66	 3124.88	  275.05	 7209.37
15:56:10	 7871.33	 7754.98	  116.35	  270.34	 4102.53	  977.66	 3124.88	  275.07	 7209.57
15:56:12	 7871.33	 7755.84	  115.50	  270.61	 4102.53	  977.66	 3124.88	  275.00	 7210.23
15:56:14	 7871.33	 7755.68	  115.66	  270.62	 4102.53	  977.66	 3124.88	  275.10	 7209.96
15:56:16	 7871.33	 7755.80	  115.53	  270.62	 4102.53	  977.66	 3124.88	  275.12	 7210.06
15:56:18	 7871.33	 7759.89	  111.44	  270.88	 4102.53	  977.66	 3124.88	  275.14	 7213.87
15:56:20	 7871.33	 7745.54	  125.79	  260.76	 4102.53	  977.66	 3124.88	  275.16	 7209.62
15:56:22	 7871.33	 7745.70	  125.63	  261.02	 4102.53	  977.66	 3124.88	  275.09	 7209.60
15:56:24	 7871.33	 7746.30	  125.03	  261.04	 4102.53	  977.66	 3124.88	  275.20	 7210.06
15:56:26	 7871.33	 7746.03	  125.30	  261.04	 4102.53	  977.66	 3124.88	  275.22	 7209.77
15:56:28	 7871.33	 7746.06	  125.27	  261.30	 4102.53	  977.66	 3124.88	  275.22	 7209.54
15:56:30	 7871.33	 7749.19	  122.14	  261.31	 4102.53	  977.66	 3124.88	  275.25	 7212.62
15:56:32	 7871.33	 7746.67	  124.66	  261.57	 4102.53	  977.66	 3124.88	  275.19	 7209.91
15:56:34	 7871.33	 7746.80	  124.53	  261.59	 4102.53	  977.66	 3124.88	  275.29	 7209.93
15:56:36	 7871.33	 7746.91	  124.43	  261.59	 4102.53	  977.66	 3124.88	  275.30	 7210.02
15:56:38	 7871.33	 7749.04	  122.30	  261.86	 4102.53	  977.66	 3124.88	  275.32	 7211.86
15:56:40	 7871.33	 7747.16	  124.17	  261.87	 4102.53	  977.66	 3124.88	  275.33	 7209.96
15:56:42	 7871.33	 7747.27	  124.06	  262.14	 4102.53	  977.66	 3124.88	  275.34	 7209.79
15:56:44	 7871.33	 7747.75	  123.58	  262.15	 4102.53	  977.66	 3124.88	  275.37	 7210.24
15:56:46	 7871.33	 7747.84	  123.50	  262.16	 4102.53	  977.66	 3124.88	  275.38	 7210.30
15:56:48	 7871.33	 7747.47	  123.86	  262.42	 4102.53	  977.66	 3124.88	  275.39	 7209.66
15:56:50	 7871.33	 7747.70	  123.63	  262.43	 4102.53	  977.66	 3124.88	  275.42	 7209.85
15:56:52	 7871.33	 7747.94	  123.39	  262.69	 4102.53	  977.66	 3124.88	  275.44	 7209.82
15:56:54	 7871.33	 7748.20	  123.13	  262.70	 4102.53	  977.66	 3124.88	  275.46	 7210.04
15:56:56	 7871.33	 7748.32	  123.01	  262.72	 4102.53	  977.66	 3124.88	  275.46	 7210.14
15:56:58	 7871.33	 7748.06	  123.27	  262.97	 4102.53	  977.66	 3124.88	  275.49	 7209.60
15:57:00	 7871.33	 7748.43	  122.91	  262.98	 4102.53	  977.66	 3124.88	  275.50	 7209.95
15:57:02	 7871.33	 7748.67	  122.66	  263.25	 4102.53	  977.66	 3124.88	  275.52	 7209.90
15:57:04	 7871.33	 7749.91	  121.42	  263.25	 4102.53	  977.66	 3124.88	  275.55	 7211.11
15:57:06	 7871.33	 7749.18	  122.15	  263.28	 4102.53	  977.66	 3124.88	  275.55	 7210.35
15:57:08	 7871.33	 7748.58	  122.75	  263.54	 4102.53	  977.66	 3124.88	  275.57	 7209.46
15:57:10	 7871.33	 7751.13	  120.20	  263.55	 4102.53	  977.66	 3124.88	  275.59	 7211.99
15:57:12	 7871.33	 7749.03	  122.30	  263.81	 4102.53	  977.66	 3124.88	  275.60	 7209.62
15:57:14	 7871.33	 7749.27	  122.06	  263.83	 4102.53	  977.66	 3124.88	  275.62	 7209.82
15:57:16	 7871.33	 7750.39	  120.94	  263.84	 4102.53	  977.66	 3124.88	  275.64	 7210.92
15:57:18	 7871.33	 7748.68	  122.65	  264.11	 4102.53	  977.66	 3124.88	  275.65	 7208.93
15:57:20	 7871.33	 7749.41	  121.92	  264.12	 4102.53	  977.66	 3124.88	  275.66	 7209.63
15:57:22	 7871.33	 7749.64	  121.70	  264.38	 4102.53	  977.66	 3124.88	  275.68	 7209.58
15:57:24	 7871.33	 7749.76	  121.57	  264.38	 4102.53	  977.66	 3124.88	  275.71	 7209.67
15:57:26	 7871.33	 7749.52	  121.82	  264.39	 4102.53	  977.66	 3124.88	  275.71	 7209.41
15:57:28	 7871.33	 7752.48	  118.85	  264.66	 4102.53	  977.66	 3124.88	  275.74	 7212.08
15:57:30	 7871.33	 7750.14	  121.20	  264.67	 4102.53	  977.66	 3124.88	  275.75	 7209.71
15:57:32	 7871.33	 7750.62	  120.71	  264.93	 4102.53	  977.66	 3124.88	  275.77	 7209.92
15:57:34	 7871.33	 7750.37	  120.96	  264.94	 4102.53	  977.66	 3124.88	  275.78	 7209.65
15:57:36	 7871.33	 7750.23	  121.10	  264.95	 4102.53	  977.66	 3124.88	  275.79	 7209.50
15:57:38	 7871.33	 7750.72	  120.61	  265.22	 4102.53	  977.66	 3124.88	  275.81	 7209.69
15:57:40	 7871.33	 7750.74	  120.59	  265.23	 4102.53	  977.66	 3124.88	  275.83	 7209.68
15:57:42	 7871.33	 7754.61	  116.72	  265.50	 4102.53	  977.66	 3124.88	  275.83	 7213.29
15:57:44	 7871.33	 7751.71	  119.62	  265.50	 4102.53	  977.66	 3124.88	  275.86	 7210.35
15:57:46	 7871.33	 7750.97	  120.36	  265.50	 4102.53	  977.66	 3124.88	  275.88	 7209.59
15:57:48	 7871.33	 7750.96	  120.37	  265.78	 4102.53	  977.66	 3124.88	  275.89	 7209.29
15:57:50	 7871.33	 7751.32	  120.01	  265.78	 4102.53	  977.66	 3124.88	  275.91	 7209.64
15:57:52	 7871.33	 7751.60	  119.73	  266.04	 4102.53	  977.66	 3124.88	  275.92	 7209.64
15:57:54	 7871.33	 7751.96	  119.37	  266.06	 4102.53	  977.66	 3124.88	  275.95	 7209.95
15:57:56	 7871.33	 7751.48	  119.86	  266.06	 4102.53	  977.66	 3124.88	  275.96	 7209.45
15:57:58	 7871.33	 7751.69	  119.64	  266.32	 4102.53	  977.66	 3124.88	  275.97	 7209.39
15:58:00	 7871.33	 7751.93	  119.40	  266.34	 4102.53	  977.66	 3124.88	  275.99	 7209.60
15:58:02	 7871.33	 7755.28	  116.05	  266.59	 4102.53	  977.66	 3124.88	  276.01	 7212.68
15:58:04	 7871.33	 7752.55	  118.78	  266.60	 4102.53	  977.66	 3124.88	  276.02	 7209.93
15:58:06	 7871.33	 7751.82	  119.51	  266.60	 4102.53	  977.66	 3124.88	  276.04	 7209.18
15:58:08	 7871.33	 7752.21	  119.12	  266.85	 4102.53	  977.66	 3124.88	  276.05	 7209.30
15:58:10	 7871.33	 7752.56	  118.77	  266.89	 4102.53	  977.66	 3124.88	  276.06	 7209.61
15:58:12	 7871.33	 7753.04	  118.29	  267.14	 4102.53	  977.66	 3124.88	  276.09	 7209.82
15:58:14	 7871.33	 7756.43	  114.90	  267.14	 4102.53	  977.66	 3124.88	  276.10	 7213.19
15:58:16	 7871.33	 7752.94	  118.39	  267.16	 4102.53	  977.66	 3124.88	  276.13	 7209.65
15:58:18	 7871.33	 7753.05	  118.28	  267.41	 4102.53	  977.66	 3124.88	  276.14	 7209.50
15:58:20	 7871.33	 7753.18	  118.15	  267.43	 4102.53	  977.66	 3124.88	  276.15	 7209.61
15:58:22	 7871.33	 7753.67	  117.66	  267.70	 4102.53	  977.66	 3124.88	  276.17	 7209.80
15:58:24	 7871.33	 7753.76	  117.57	  267.70	 4102.53	  977.66	 3124.88	  276.18	 7209.88
15:58:26	 7871.33	 7753.06	  118.27	  267.71	 4102.53	  977.66	 3124.88	  276.20	 7209.15
15:58:28	 7871.33	 7753.66	  117.67	  267.97	 4102.53	  977.66	 3124.88	  276.22	 7209.47
15:58:30	 7871.33	 7753.79	  117.55	  267.98	 4102.53	  977.66	 3124.88	  276.23	 7209.57
15:58:32	 7871.33	 7754.47	  116.86	  268.25	 4102.53	  977.66	 3124.88	  276.25	 7209.97
15:58:34	 7871.33	 7754.49	  116.84	  268.26	 4102.53	  977.66	 3124.88	  276.27	 7209.96
15:58:36	 7871.33	 7754.77	  116.56	  268.29	 4102.53	  977.66	 3124.88	  276.27	 7210.21
15:58:38	 7871.33	 7755.74	  115.59	  268.54	 4102.53	  977.66	 3124.88	  276.29	 7210.91
15:58:40	 7871.33	 7754.64	  116.69	  268.54	 4102.53	  977.66	 3124.88	  276.31	 7209.79
15:58:42	 7871.33	 7754.75	  116.59	  268.82	 4102.53	  977.66	 3124.88	  276.32	 7209.61
15:58:44	 7871.33	 7754.96	  116.37	  268.82	 4102.53	  977.66	 3124.88	  276.34	 7209.81
15:58:46	 7871.33	 7757.58	  113.75	  268.82	 4102.53	  977.66	 3124.88	  276.35	 7212.40
15:58:48	 7871.33	 7755.16	  116.18	  269.09	 4102.53	  977.66	 3124.88	  276.38	 7209.69
15:58:51	 7871.33	 7754.75	  116.59	  269.09	 4102.53	  977.66	 3124.88	  276.39	 7209.26
15:58:53	 7871.33	 7755.35	  115.98	  269.36	 4102.53	  977.66	 3124.88	  276.41	 7209.59
15:58:55	 7871.33	 7755.48	  115.85	  269.38	 4102.53	  977.66	 3124.88	  276.43	 7209.68
15:58:57	 7871.33	 7754.59	  116.75	  269.63	 4102.53	  977.66	 3124.88	  276.36	 7208.60
15:58:59	 7871.33	 7757.51	  113.82	  269.64	 4102.53	  977.66	 3124.88	  276.46	 7211.41
15:59:01	 7871.33	 7755.71	  115.62	  269.64	 4102.53	  977.66	 3124.88	  276.47	 7209.60
15:59:03	 7871.33	 7755.94	  115.39	  269.92	 4102.53	  977.66	 3124.88	  276.48	 7209.54
15:59:05	 7871.33	 7756.32	  115.01	  269.94	 4102.53	  977.66	 3124.88	  276.51	 7209.87
15:59:07	 7871.33	 7755.94	  115.39	  270.19	 4102.53	  977.66	 3124.88	  276.44	 7209.31
15:59:09	 7871.33	 7756.06	  115.27	  270.21	 4102.53	  977.66	 3124.88	  276.54	 7209.32
15:59:11	 7871.33	 7759.80	  111.53	  270.21	 4102.53	  977.66	 3124.88	  276.56	 7213.03
15:59:13	 7871.33	 7757.03	  114.30	  270.48	 4102.53	  977.66	 3124.88	  276.56	 7209.99
15:59:15	 7871.33	 7757.17	  114.16	  270.49	 4102.53	  977.66	 3124.88	  276.59	 7210.09
15:59:17	 7871.33	 7756.89	  114.44	  270.75	 4102.53	  977.66	 3124.88	  276.54	 7209.61
15:59:19	 7871.33	 7756.71	  114.62	  270.76	 4102.53	  977.66	 3124.88	  276.64	 7209.30
15:59:21	 7871.33	 7756.77	  114.56	  270.77	 4102.53	  977.66	 3124.88	  276.67	 7209.33
15:59:23	 7871.33	 7757.65	  113.68	  271.02	 4102.53	  977.66	 3124.88	  276.70	 7209.93
15:59:25	 7871.33	 7757.29	  114.04	  271.05	 4102.53	  977.66	 3124.88	  276.69	 7209.54
15:59:27	 7871.33	 7757.53	  113.80	  271.32	 4102.53	  977.66	 3124.88	  276.64	 7209.57
15:59:29	 7871.33	 7759.68	  111.66	  271.32	 4102.53	  977.66	 3124.88	  276.74	 7211.62
15:59:31	 7871.33	 7748.42	  122.91	  262.49	 4102.53	  977.66	 3124.88	  276.24	 7209.69
15:59:33	 7871.33	 7748.80	  122.54	  262.74	 4102.53	  977.66	 3124.88	  276.27	 7209.78
15:59:35	 7871.33	 7748.92	  122.41	  262.76	 4102.53	  977.66	 3124.88	  276.30	 7209.86
15:59:37	 7871.33	 7748.68	  122.66	  263.02	 4102.53	  977.66	 3124.88	  276.32	 7209.34
15:59:39	 7871.33	 7748.66	  122.67	  263.03	 4102.53	  977.66	 3124.88	  276.33	 7209.30
15:59:41	 7871.33	 7749.02	  122.31	  263.05	 4102.53	  977.66	 3124.88	  276.34	 7209.63
15:59:43	 7871.33	 7749.39	  121.95	  263.31	 4102.53	  977.66	 3124.88	  276.36	 7209.72
15:59:45	 7871.33	 7751.11	  120.22	  263.32	 4102.53	  977.66	 3124.88	  276.38	 7211.41
15:59:47	 7871.33	 7749.52	  121.81	  263.59	 4102.53	  977.66	 3124.88	  276.73	 7209.20
15:59:49	 7871.33	 7749.64	  121.69	  263.60	 4102.53	  977.66	 3124.88	  276.75	 7209.30
15:59:51	 7871.33	 7750.11	  121.22	  263.61	 4102.53	  977.66	 3124.88	  276.75	 7209.75
15:59:53	 7871.33	 7750.23	  121.10	  263.86	 4102.53	  977.66	 3124.88	  276.78	 7209.59
15:59:55	 7871.33	 7750.48	  120.86	  263.86	 4102.53	  977.66	 3124.88	  276.80	 7209.82
15:59:57	 7871.33	 7751.66	  119.67	  264.14	 4102.53	  977.66	 3124.88	  276.81	 7210.71
15:59:59	 7871.33	 7750.27	  121.07	  264.15	 4102.53	  977.66	 3124.88	  276.84	 7209.28
16:00:01	 7871.33	 7754.00	  117.33	  264.15	 4102.53	  977.64	 3124.89	  276.84	 7213.00
16:00:03	 7871.33	 7750.72	  120.61	  264.43	 4102.53	  977.64	 3124.89	  276.86	 7209.43
16:00:05	 7871.33	 7751.08	  120.25	  264.43	 4102.53	  977.64	 3124.89	  276.89	 7209.76
16:00:07	 7871.33	 7750.84	  120.49	  264.70	 4102.53	  977.64	 3124.89	  276.89	 7209.25
16:00:09	 7871.33	 7751.11	  120.22	  264.72	 4102.53	  977.64	 3124.89	  276.91	 7209.48
16:00:11	 7871.33	 7750.99	  120.34	  264.73	 4102.53	  977.64	 3124.89	  276.93	 7209.32
16:00:13	 7871.33	 7751.36	  119.98	  264.99	 4102.53	  977.64	 3124.89	  276.95	 7209.41
16:00:15	 7871.33	 7751.69	  119.64	  265.01	 4102.53	  977.64	 3124.89	  276.97	 7209.71
16:00:17	 7871.33	 7751.45	  119.89	  265.28	 4102.53	  977.64	 3124.89	  276.98	 7209.18
16:00:19	 7871.33	 7751.49	  119.84	  265.29	 4102.53	  977.64	 3124.89	  277.00	 7209.20
16:00:21	 7871.33	 7751.60	  119.73	  265.31	 4102.53	  977.64	 3124.89	  277.01	 7209.28
16:00:23	 7871.33	 7751.84	  119.49	  265.56	 4102.53	  977.64	 3124.89	  277.03	 7209.25
16:00:25	 7871.33	 7752.32	  119.01	  265.57	 4102.53	  977.64	 3124.89	  277.04	 7209.71
16:00:27	 7871.33	 7752.34	  118.99	  265.83	 4102.53	  977.64	 3124.89	  277.06	 7209.45
16:00:29	 7871.33	 7752.31	  119.02	  265.85	 4102.53	  977.64	 3124.89	  277.08	 7209.38
16:00:31	 7871.33	 7754.01	  117.32	  265.87	 4102.53	  977.64	 3124.89	  277.09	 7211.05
16:00:33	 7871.33	 7755.91	  115.42	  266.12	 4102.53	  977.64	 3124.89	  277.12	 7212.67
16:00:35	 7871.33	 7752.80	  118.53	  266.14	 4102.53	  977.64	 3124.89	  277.13	 7209.54
16:00:37	 7871.33	 7753.28	  118.05	  266.40	 4102.53	  977.64	 3124.89	  277.16	 7209.72
16:00:39	 7871.33	 7752.78	  118.55	  266.41	 4102.53	  977.64	 3124.89	  277.18	 7209.19
16:00:41	 7871.33	 7753.39	  117.94	  266.43	 4102.53	  977.64	 3124.89	  277.20	 7209.76
16:00:43	 7871.33	 7756.49	  114.84	  266.69	 4102.53	  977.64	 3124.89	  277.24	 7212.55
16:00:45	 7871.33	 7753.88	  117.45	  266.71	 4102.53	  977.64	 3124.89	  277.25	 7209.93
16:00:47	 7871.33	 7753.52	  117.81	  266.97	 4102.53	  977.64	 3124.89	  277.27	 7209.28
16:00:49	 7871.33	 7754.49	  116.84	  266.98	 4102.53	  977.64	 3124.89	  277.28	 7210.23
16:00:51	 7871.33	 7753.99	  117.34	  266.99	 4102.53	  977.64	 3124.89	  277.30	 7209.70
16:00:53	 7871.33	 7754.11	  117.22	  267.25	 4102.53	  977.64	 3124.89	  277.32	 7209.54
16:00:55	 7871.33	 7745.45	  125.88	  257.91	 4102.53	  977.64	 3124.89	  277.28	 7210.27
16:00:57	 7871.33	 7745.17	  126.16	  258.17	 4102.53	  977.64	 3124.89	  277.32	 7209.68
16:00:59	 7871.33	 7745.04	  126.30	  258.18	 4102.53	  977.64	 3124.89	  277.34	 7209.52
16:01:01	 7871.33	 7745.64	  125.69	  258.20	 4102.53	  977.64	 3124.89	  277.34	 7210.10
16:01:03	 7871.33	 7745.88	  125.45	  258.45	 4102.53	  977.64	 3124.89	  277.37	 7210.06
16:01:05	 7871.33	 7748.05	  123.28	  258.47	 4102.53	  977.64	 3124.89	  277.38	 7212.21
16:01:07	 7871.33	 7745.66	  125.68	  258.73	 4102.53	  977.64	 3124.89	  277.40	 7209.52
16:01:09	 7871.33	 7746.04	  125.30	  258.74	 4102.53	  977.64	 3124.89	  277.42	 7209.88
16:01:11	 7871.33	 7745.88	  125.45	  258.76	 4102.53	  977.64	 3124.89	  277.45	 7209.68
16:01:13	 7871.33	 7746.12	  125.21	  259.01	 4102.53	  977.64	 3124.89	  277.46	 7209.65
16:01:15	 7871.33	 7746.38	  124.96	  259.02	 4102.53	  977.64	 3124.89	  277.48	 7209.88
16:01:17	 7871.33	 7746.38	  124.95	  259.29	 4102.53	  977.64	 3124.89	  277.50	 7209.59
16:01:19	 7871.33	 7746.50	  124.83	  259.29	 4102.53	  977.64	 3124.89	  277.52	 7209.69
16:01:21	 7871.33	 7746.62	  124.71	  259.31	 4102.53	  977.64	 3124.89	  277.52	 7209.79
16:01:23	 7871.33	 7746.85	  124.48	  259.57	 4102.53	  977.64	 3124.89	  277.55	 7209.73
16:01:25	 7871.33	 7746.63	  124.70	  259.58	 4102.53	  977.64	 3124.89	  277.56	 7209.49
16:01:27	 7871.33	 7748.25	  123.08	  259.84	 4102.53	  977.64	 3124.89	  277.59	 7210.82
16:01:29	 7871.33	 7748.34	  122.99	  259.85	 4102.53	  977.64	 3124.89	  277.60	 7210.89
16:01:31	 7871.33	 7747.25	  124.09	  259.85	 4102.53	  977.64	 3124.89	  277.62	 7209.77
16:01:33	 7871.33	 7747.73	  123.60	  260.13	 4102.53	  977.64	 3124.89	  277.63	 7209.96
16:01:35	 7871.33	 7747.47	  123.86	  260.13	 4102.53	  977.64	 3124.89	  277.65	 7209.69
16:01:37	 7871.33	 7749.72	  121.61	  260.39	 4102.53	  977.64	 3124.89	  277.66	 7211.68
16:01:40	 7871.33	 7747.70	  123.63	  260.41	 4102.53	  977.64	 3124.89	  277.68	 7209.61
16:01:42	 7871.33	 7748.25	  123.08	  260.66	 4102.53	  977.64	 3124.89	  277.62	 7209.98
16:01:44	 7871.33	 7748.34	  123.00	  260.69	 4102.53	  977.64	 3124.89	  277.71	 7209.94
16:01:46	 7871.33	 7748.46	  122.87	  260.71	 4102.53	  977.64	 3124.89	  277.72	 7210.04
16:01:48	 7871.33	 7748.06	  123.27	  260.96	 4102.53	  977.64	 3124.89	  277.74	 7209.36
16:01:50	 7871.33	 7748.06	  123.27	  260.97	 4102.53	  977.64	 3124.89	  277.75	 7209.34
16:01:52	 7871.33	 7748.45	  122.88	  261.25	 4102.53	  977.64	 3124.89	  277.70	 7209.51
16:01:54	 7871.33	 7748.68	  122.65	  261.26	 4102.53	  977.64	 3124.89	  277.77	 7209.65
16:01:56	 7871.33	 7749.18	  122.15	  261.27	 4102.53	  977.64	 3124.89	  277.80	 7210.11
16:01:58	 7871.33	 7748.80	  122.53	  261.54	 4102.53	  977.64	 3124.89	  277.82	 7209.45
16:02:00	 7871.33	 7749.42	  121.91	  261.55	 4102.53	  977.64	 3124.89	  277.84	 7210.02
16:02:02	 7871.33	 7749.52	  121.81	  261.81	 4102.53	  977.64	 3124.89	  277.77	 7209.95
16:02:04	 7871.33	 7752.38	  118.95	  261.82	 4102.53	  977.64	 3124.89	  277.87	 7212.69
16:02:06	 7871.33	 7749.67	  121.66	  261.84	 4102.53	  977.64	 3124.89	  277.88	 7209.95
16:02:08	 7871.33	 7749.20	  122.13	  262.10	 4102.53	  977.64	 3124.89	  277.90	 7209.20
16:02:10	 7871.33	 7751.69	  119.64	  262.11	 4102.53	  977.64	 3124.89	  277.91	 7211.67
16:02:12	 7871.33	 7749.90	  121.43	  262.37	 4102.53	  977.64	 3124.89	  277.86	 7209.68
16:02:14	 7871.33	 7750.02	  121.32	  262.38	 4102.53	  977.64	 3124.89	  277.95	 7209.68
16:02:16	 7871.33	 7750.15	  121.18	  262.41	 4102.53	  977.64	 3124.89	  277.96	 7209.78
16:02:18	 7871.33	 7749.53	  121.80	  262.67	 4102.53	  977.64	 3124.89	  277.99	 7208.87
16:02:20	 7871.33	 7750.14	  121.19	  262.68	 4102.53	  977.64	 3124.89	  278.01	 7209.45
16:02:22	 7871.33	 7750.48	  120.85	  262.94	 4102.53	  977.64	 3124.89	  277.94	 7209.60
16:02:24	 7871.33	 7750.85	  120.48	  262.95	 4102.53	  977.64	 3124.89	  278.02	 7209.88
16:02:26	 7871.33	 7750.86	  120.47	  262.97	 4102.53	  977.64	 3124.89	  278.05	 7209.84
16:02:28	 7871.33	 7750.64	  120.70	  263.23	 4102.53	  977.64	 3124.89	  278.08	 7209.33
16:02:30	 7871.33	 7750.88	  120.45	  263.23	 4102.53	  977.64	 3124.89	  278.09	 7209.56
16:02:32	 7871.33	 7751.48	  119.85	  263.49	 4102.53	  977.64	 3124.89	  278.11	 7209.89
16:02:34	 7871.33	 7751.33	  120.00	  263.50	 4102.53	  977.64	 3124.89	  278.13	 7209.70
16:02:36	 7871.33	 7751.33	  120.00	  263.52	 4102.53	  977.64	 3124.89	  278.13	 7209.69
16:02:38	 7871.33	 7754.12	  117.21	  263.77	 4102.53	  977.64	 3124.89	  278.16	 7212.19
16:02:40	 7871.33	 7751.36	  119.97	  263.78	 4102.53	  977.64	 3124.89	  278.17	 7209.41
16:02:42	 7871.33	 7754.69	  116.64	  264.05	 4102.53	  977.64	 3124.89	  278.19	 7212.45
16:02:44	 7871.33	 7751.85	  119.48	  264.05	 4102.53	  977.64	 3124.89	  278.21	 7209.59
16:02:46	 7871.33	 7751.70	  119.64	  264.05	 4102.53	  977.64	 3124.89	  278.23	 7209.41
16:02:48	 7871.33	 7751.82	  119.52	  264.32	 4102.53	  977.64	 3124.89	  278.24	 7209.25
16:02:50	 7871.33	 7751.97	  119.36	  264.33	 4102.53	  977.64	 3124.89	  278.25	 7209.39
16:02:52	 7871.33	 7752.45	  118.88	  264.59	 4102.53	  977.64	 3124.89	  278.27	 7209.60
16:02:54	 7871.33	 7752.33	  119.00	  264.59	 4102.53	  977.64	 3124.89	  278.28	 7209.46
16:02:56	 7871.33	 7752.82	  118.52	  264.60	 4102.53	  977.64	 3124.89	  278.29	 7209.92
16:02:58	 7871.33	 7752.68	  118.65	  264.86	 4102.53	  977.64	 3124.89	  278.32	 7209.50
16:03:00	 7871.33	 7752.82	  118.52	  264.88	 4102.53	  977.64	 3124.89	  278.33	 7209.61
16:03:02	 7871.33	 7753.44	  117.89	  265.14	 4102.53	  977.64	 3124.89	  278.35	 7209.95
16:03:04	 7871.33	 7753.43	  117.90	  265.14	 4102.53	  977.64	 3124.89	  278.37	 7209.93
16:03:06	 7871.33	 7752.79	  118.54	  265.14	 4102.53	  977.64	 3124.89	  278.38	 7209.27
16:03:08	 7871.33	 7753.29	  118.05	  265.41	 4102.53	  977.64	 3124.89	  278.39	 7209.48
16:03:10	 7871.33	 7753.52	  117.81	  265.42	 4102.53	  977.64	 3124.89	  278.41	 7209.69
16:03:12	 7871.33	 7755.41	  115.93	  265.68	 4102.53	  977.64	 3124.89	  278.43	 7211.29
16:03:14	 7871.33	 7758.01	  113.32	  265.70	 4102.53	  977.64	 3124.89	  278.43	 7213.88
16:03:16	 7871.33	 7753.54	  117.79	  265.71	 4102.53	  977.64	 3124.89	  278.45	 7209.39
16:03:18	 7871.33	 7754.12	  117.21	  265.97	 4102.53	  977.64	 3124.89	  278.48	 7209.67
16:03:20	 7871.33	 7754.00	  117.34	  265.99	 4102.53	  977.64	 3124.89	  278.49	 7209.52
16:03:22	 7871.33	 7754.48	  116.85	  266.26	 4102.53	  977.64	 3124.89	  278.50	 7209.72
16:03:24	 7871.33	 7754.62	  116.71	  266.26	 4102.53	  977.64	 3124.89	  278.52	 7209.84
16:03:26	 7871.33	 7754.25	  117.08	  266.27	 4102.53	  977.64	 3124.89	  278.54	 7209.45
16:03:28	 7871.33	 7754.25	  117.08	  266.53	 4102.53	  977.64	 3124.89	  278.55	 7209.17
16:03:30	 7871.33	 7754.48	  116.85	  266.54	 4102.53	  977.64	 3124.89	  278.56	 7209.38
16:03:32	 7871.33	 7755.21	  116.12	  266.80	 4102.53	  977.64	 3124.89	  278.57	 7209.83
16:03:34	 7871.33	 7755.39	  115.94	  266.81	 4102.53	  977.64	 3124.89	  278.60	 7209.98
16:03:36	 7871.33	 7754.88	  116.45	  266.81	 4102.53	  977.64	 3124.89	  278.61	 7209.46
16:03:38	 7871.33	 7755.24	  116.09	  267.08	 4102.53	  977.64	 3124.89	  278.63	 7209.53
16:03:40	 7871.33	 7755.13	  116.20	  267.09	 4102.53	  977.64	 3124.89	  278.64	 7209.40
16:03:42	 7871.33	 7755.70	  115.63	  267.35	 4102.53	  977.64	 3124.89	  278.67	 7209.68
16:03:44	 7871.33	 7755.94	  115.39	  267.36	 4102.53	  977.64	 3124.89	  278.67	 7209.91
16:03:46	 7871.33	 7755.12	  116.21	  267.37	 4102.53	  977.64	 3124.89	  278.69	 7209.06
16:03:48	 7871.33	 7755.74	  115.59	  267.64	 4102.53	  977.64	 3124.89	  278.71	 7209.39
16:03:50	 7871.33	 7756.22	  115.11	  267.64	 4102.53	  977.64	 3124.89	  278.73	 7209.86
16:03:52	 7871.33	 7756.33	  115.00	  267.90	 4102.53	  977.64	 3124.89	  278.75	 7209.68
16:03:54	 7871.33	 7756.42	  114.91	  267.92	 4102.53	  977.64	 3124.89	  278.75	 7209.75
16:03:56	 7871.33	 7758.22	  113.11	  267.93	 4102.53	  977.64	 3124.89	  278.77	 7211.52
16:03:58	 7871.33	 7756.43	  114.90	  268.18	 4102.53	  977.64	 3124.89	  278.79	 7209.46
16:04:00	 7871.33	 7756.55	  114.78	  268.19	 4102.53	  977.64	 3124.89	  278.80	 7209.56
16:04:02	 7871.33	 7757.14	  114.19	  268.45	 4102.53	  977.64	 3124.89	  278.82	 7209.87
16:04:04	 7871.33	 7757.39	  113.95	  268.46	 4102.53	  977.64	 3124.89	  278.84	 7210.09
16:04:06	 7871.33	 7757.16	  114.17	  268.46	 4102.53	  977.64	 3124.89	  278.85	 7209.85
16:04:08	 7871.33	 7747.50	  123.83	  258.89	 4102.53	  977.64	 3124.89	  278.58	 7210.03
16:04:10	 7871.33	 7747.50	  123.83	  258.91	 4102.53	  977.64	 3124.89	  278.60	 7209.99
16:04:12	 7871.33	 7748.11	  123.22	  259.17	 4102.53	  977.64	 3124.89	  278.62	 7210.32
16:04:14	 7871.33	 7748.32	  123.01	  259.19	 4102.53	  977.64	 3124.89	  278.64	 7210.50
16:04:16	 7871.33	 7747.71	  123.62	  259.20	 4102.53	  977.64	 3124.89	  278.65	 7209.87
16:04:18	 7871.33	 7754.05	  117.28	  259.45	 4102.53	  977.64	 3124.89	  278.68	 7215.92
16:04:20	 7871.33	 7747.87	  123.46	  259.47	 4102.53	  977.64	 3124.89	  278.68	 7209.71
16:04:23	 7871.33	 7748.71	  122.62	  259.73	 4102.53	  977.64	 3124.89	  278.70	 7210.29
16:04:25	 7871.33	 7748.84	  122.50	  259.74	 4102.53	  977.64	 3124.89	  278.71	 7210.39
16:04:27	 7871.33	 7748.68	  122.65	  260.01	 4102.53	  977.64	 3124.89	  278.64	 7210.04
16:04:29	 7871.33	 7748.56	  122.77	  260.01	 4102.53	  977.64	 3124.89	  278.74	 7209.81
16:04:31	 7871.33	 7748.81	  122.52	  260.01	 4102.53	  977.64	 3124.89	  278.77	 7210.04
16:04:33	 7871.33	 7749.30	  122.03	  260.28	 4102.53	  977.64	 3124.89	  278.79	 7210.24
16:04:35	 7871.33	 7749.30	  122.03	  260.29	 4102.53	  977.64	 3124.89	  278.78	 7210.23
16:04:37	 7871.33	 7748.82	  122.51	  260.56	 4102.53	  977.64	 3124.89	  278.71	 7209.55
16:04:39	 7871.33	 7749.05	  122.29	  260.56	 4102.53	  977.64	 3124.89	  278.84	 7209.65
16:04:41	 7871.33	 7750.90	  120.43	  260.57	 4102.53	  977.64	 3124.89	  278.86	 7211.47
16:04:43	 7871.33	 7749.56	  121.77	  260.84	 4102.53	  977.64	 3124.89	  278.90	 7209.82
16:04:45	 7871.33	 7749.68	  121.65	  260.84	 4102.53	  977.64	 3124.89	  278.92	 7209.92
16:04:47	 7871.33	 7749.41	  121.92	  261.11	 4102.53	  977.64	 3124.89	  278.84	 7209.46
16:04:49	 7871.33	 7749.89	  121.44	  261.12	 4102.53	  977.64	 3124.89	  278.95	 7209.82
16:04:51	 7871.33	 7754.02	  117.32	  261.12	 4102.53	  977.64	 3124.89	  278.96	 7213.93
16:04:53	 7871.33	 7750.16	  121.17	  261.39	 4102.53	  977.64	 3124.89	  278.98	 7209.78
16:04:55	 7871.33	 7750.27	  121.06	  261.40	 4102.53	  977.64	 3124.89	  279.00	 7209.88
16:04:57	 7871.33	 7750.15	  121.18	  261.66	 4102.53	  977.64	 3124.89	  278.93	 7209.56
16:04:59	 7871.33	 7750.50	  120.83	  261.68	 4102.53	  977.64	 3124.89	  279.04	 7209.78
16:05:01	 7871.33	 7750.75	  120.58	  261.68	 4102.53	  977.64	 3124.89	  279.07	 7210.00
16:05:03	 7871.33	 7753.35	  117.98	  261.94	 4102.53	  977.64	 3124.89	  279.08	 7212.32
16:05:05	 7871.33	 7751.77	  119.57	  261.97	 4102.53	  977.64	 3124.89	  279.09	 7210.70
16:05:07	 7871.33	 7750.89	  120.44	  262.23	 4102.53	  977.64	 3124.89	  279.03	 7209.64
16:05:09	 7871.33	 7750.98	  120.35	  262.25	 4102.53	  977.64	 3124.89	  279.15	 7209.59
16:05:11	 7871.33	 7751.35	  119.98	  262.26	 4102.53	  977.64	 3124.89	  279.15	 7209.93
16:05:13	 7871.33	 7754.69	  116.64	  262.52	 4102.53	  977.64	 3124.89	  279.17	 7213.00
16:05:15	 7871.33	 7752.21	  119.12	  262.53	 4102.53	  977.64	 3124.89	  279.19	 7210.49
16:05:17	 7871.33	 7751.73	  119.61	  262.79	 4102.53	  977.64	 3124.89	  279.20	 7209.73
16:05:19	 7871.33	 7751.85	  119.48	  262.81	 4102.53	  977.64	 3124.89	  279.21	 7209.83
16:05:21	 7871.33	 7751.85	  119.48	  262.82	 4102.53	  977.64	 3124.89	  279.21	 7209.82
16:05:23	 7871.33	 7753.35	  117.98	  263.07	 4102.53	  977.64	 3124.89	  279.25	 7211.04
16:05:25	 7871.33	 7753.81	  117.52	  263.07	 4102.53	  977.64	 3124.89	  279.26	 7211.47
16:05:27	 7871.33	 7752.33	  119.00	  263.34	 4102.53	  977.64	 3124.89	  279.27	 7209.72
16:05:29	 7871.33	 7752.32	  119.02	  263.36	 4102.53	  977.64	 3124.89	  279.29	 7209.67
16:05:31	 7871.33	 7752.68	  118.65	  263.38	 4102.53	  977.64	 3124.89	  279.30	 7210.00
16:05:33	 7871.33	 7752.91	  118.42	  263.63	 4102.53	  977.64	 3124.89	  279.32	 7209.97
16:05:35	 7871.33	 7752.91	  118.42	  263.64	 4102.53	  977.64	 3124.89	  279.33	 7209.95
16:05:37	 7871.33	 7752.82	  118.51	  263.91	 4102.53	  977.64	 3124.89	  279.36	 7209.56
16:05:39	 7871.33	 7753.07	  118.27	  263.93	 4102.53	  977.64	 3124.89	  279.38	 7209.76
16:05:41	 7871.33	 7752.66	  118.67	  263.94	 4102.53	  977.64	 3124.89	  279.39	 7209.33
16:05:43	 7871.33	 7753.41	  117.92	  264.20	 4102.53	  977.64	 3124.89	  279.41	 7209.81
16:05:45	 7871.33	 7753.29	  118.05	  264.20	 4102.53	  977.64	 3124.89	  279.43	 7209.66
16:05:47	 7871.33	 7753.67	  117.66	  264.48	 4102.53	  977.64	 3124.89	  279.44	 7209.76
16:05:49	 7871.33	 7753.66	  117.68	  264.48	 4102.53	  977.64	 3124.89	  279.45	 7209.72
16:05:51	 7871.33	 7753.67	  117.66	  264.50	 4102.53	  977.64	 3124.89	  279.46	 7209.71
16:05:53	 7871.33	 7753.90	  117.43	  264.76	 4102.53	  977.64	 3124.89	  279.48	 7209.66
16:05:55	 7871.33	 7757.00	  114.34	  264.77	 4102.53	  977.64	 3124.89	  279.50	 7212.72
16:05:57	 7871.33	 7754.15	  117.18	  265.05	 4102.53	  977.64	 3124.89	  279.52	 7209.58
16:05:59	 7871.33	 7755.66	  115.68	  265.05	 4102.53	  977.64	 3124.89	  279.54	 7211.06
16:06:01	 7871.33	 7754.38	  116.95	  265.06	 4102.53	  977.64	 3124.89	  279.55	 7209.77
16:06:03	 7871.33	 7754.75	  116.59	  265.33	 4102.53	  977.64	 3124.89	  279.56	 7209.85
16:06:05	 7871.33	 7754.73	  116.60	  265.34	 4102.53	  977.64	 3124.89	  279.58	 7209.81
16:06:07	 7871.33	 7754.73	  116.60	  265.60	 4102.53	  977.64	 3124.89	  279.59	 7209.54
16:06:09	 7871.33	 7754.75	  116.59	  265.60	 4102.53	  977.64	 3124.89	  279.61	 7209.54
16:06:11	 7871.33	 7755.12	  116.21	  265.62	 4102.53	  977.64	 3124.89	  279.63	 7209.88
16:06:13	 7871.33	 7755.37	  115.96	  265.88	 4102.53	  977.64	 3124.89	  279.64	 7209.84
16:06:15	 7871.33	 7755.37	  115.96	  265.88	 4102.53	  977.64	 3124.89	  279.66	 7209.82
16:06:17	 7871.33	 7755.46	  115.88	  266.16	 4102.53	  977.64	 3124.89	  279.68	 7209.61
16:06:19	 7871.33	 7755.58	  115.75	  266.17	 4102.53	  977.64	 3124.89	  279.70	 7209.71
16:06:21	 7871.33	 7755.98	  115.35	  266.18	 4102.53	  977.64	 3124.89	  279.72	 7210.08
16:06:23	 7871.33	 7756.20	  115.13	  266.46	 4102.53	  977.64	 3124.89	  279.73	 7210.01
16:06:25	 7871.33	 7756.20	  115.13	  266.47	 4102.53	  977.64	 3124.89	  279.75	 7209.98
16:06:27	 7871.33	 7760.40	  110.93	  266.73	 4102.53	  977.64	 3124.89	  279.77	 7213.91
16:06:29	 7871.33	 7756.19	  115.14	  266.74	 4102.53	  977.64	 3124.89	  279.78	 7209.67
16:06:31	 7871.33	 7756.30	  115.03	  266.76	 4102.53	  977.64	 3124.89	  279.79	 7209.75
16:06:33	 7871.33	 7757.17	  114.16	  267.02	 4102.53	  977.64	 3124.89	  279.82	 7210.33
16:06:35	 7871.33	 7757.29	  114.04	  267.02	 4102.53	  977.64	 3124.89	  279.83	 7210.43
16:06:37	 7871.33	 7757.29	  114.04	  267.29	 4102.53	  977.64	 3124.89	  279.84	 7210.16
16:06:39	 7871.33	 7757.28	  114.05	  267.30	 4102.53	  977.64	 3124.89	  279.85	 7210.13
16:06:41	 7871.33	 7757.75	  113.58	  267.31	 4102.53	  977.64	 3124.89	  279.86	 7210.58
16:06:43	 7871.33	 7758.12	  113.21	  267.60	 4102.53	  977.64	 3124.89	  279.88	 7210.64
16:06:45	 7871.33	 7757.89	  113.44	  267.61	 4102.53	  977.64	 3124.89	  279.91	 7210.38
16:06:47	 7871.33	 7757.66	  113.67	  267.86	 4102.53	  977.64	 3124.89	  279.92	 7209.88
16:06:49	 7871.33	 7758.52	  112.82	  267.88	 4102.53	  977.64	 3124.89	  279.93	 7210.70
16:06:51	 7871.33	 7758.48	  112.85	  267.89	 4102.53	  977.64	 3124.89	  279.96	 7210.63
16:06:53	 7871.33	 7758.49	  112.84	  268.15	 4102.53	  977.64	 3124.89	  279.96	 7210.38
16:06:55	 7871.33	 7758.99	  112.34	  268.17	 4102.53	  977.64	 3124.89	  279.98	 7210.84
16:06:57	 7871.33	 7758.50	  112.83	  268.42	 4102.53	  977.64	 3124.89	  280.00	 7210.07
16:06:59	 7871.33	 7751.89	  119.44	  258.48	 4102.53	  977.64	 3124.89	  279.88	 7213.53
16:07:01	 7871.33	 7748.70	  122.63	  258.49	 4102.53	  977.64	 3124.89	  279.87	 7210.34
16:07:03	 7871.33	 7749.52	  121.81	  258.75	 4102.53	  977.64	 3124.89	  279.89	 7210.89
16:07:05	 7871.33	 7749.30	  122.04	  258.77	 4102.53	  977.64	 3124.89	  279.89	 7210.63
16:07:08	 7871.33	 7750.17	  121.16	  259.03	 4102.53	  977.64	 3124.89	  279.91	 7211.22
16:07:10	 7871.33	 7749.55	  121.78	  259.03	 4102.53	  977.64	 3124.89	  279.93	 7210.59
16:07:12	 7871.33	 7749.31	  122.02	  259.30	 4102.53	  977.64	 3124.89	  279.87	 7210.15
16:07:14	 7871.33	 7749.55	  121.78	  259.30	 4102.53	  977.64	 3124.89	  279.97	 7210.28
16:07:16	 7871.33	 7749.76	  121.57	  259.33	 4102.53	  977.64	 3124.89	  279.97	 7210.46
16:07:18	 7871.33	 7749.90	  121.43	  259.59	 4102.53	  977.64	 3124.89	  280.00	 7210.31
16:07:20	 7871.33	 7752.89	  118.45	  259.60	 4102.53	  977.64	 3124.89	  280.01	 7213.28
16:07:22	 7871.33	 7750.50	  120.83	  259.89	 4102.53	  977.64	 3124.89	  279.95	 7210.66
16:07:24	 7871.33	 7750.50	  120.83	  259.89	 4102.53	  977.64	 3124.89	  280.05	 7210.56
16:07:26	 7871.33	 7750.62	  120.71	  259.89	 4102.53	  977.64	 3124.89	  280.07	 7210.66
16:07:28	 7871.33	 7750.36	  120.97	  260.17	 4102.53	  977.64	 3124.89	  280.09	 7210.11
16:07:30	 7871.33	 7750.27	  121.07	  260.18	 4102.53	  977.64	 3124.89	  280.10	 7209.99
16:07:32	 7871.33	 7755.92	  115.41	  260.44	 4102.53	  977.64	 3124.89	  280.04	 7215.44
16:07:34	 7871.33	 7750.98	  120.35	  260.45	 4102.53	  977.64	 3124.89	  280.13	 7210.40
16:07:36	 7871.33	 7751.23	  120.11	  260.46	 4102.53	  977.64	 3124.89	  280.14	 7210.62
16:07:38	 7871.33	 7750.74	  120.59	  260.74	 4102.53	  977.64	 3124.89	  280.15	 7209.85
16:07:40	 7871.33	 7750.99	  120.34	  260.74	 4102.53	  977.64	 3124.89	  280.18	 7210.07
16:07:42	 7871.33	 7751.33	  120.00	  261.00	 4102.53	  977.64	 3124.89	  280.10	 7210.23
16:07:44	 7871.33	 7751.71	  119.62	  261.02	 4102.53	  977.64	 3124.89	  280.21	 7210.48
16:07:46	 7871.33	 7751.59	  119.74	  261.02	 4102.53	  977.64	 3124.89	  280.21	 7210.36
16:07:48	 7871.33	 7751.59	  119.74	  261.30	 4102.53	  977.64	 3124.89	  280.22	 7210.07
16:07:50	 7871.33	 7751.82	  119.52	  261.30	 4102.53	  977.64	 3124.89	  280.25	 7210.27
16:07:52	 7871.33	 7752.30	  119.03	  261.56	 4102.53	  977.64	 3124.89	  280.18	 7210.56
16:07:54	 7871.33	 7752.68	  118.65	  261.57	 4102.53	  977.64	 3124.89	  280.30	 7210.81
16:07:56	 7871.33	 7752.92	  118.41	  261.58	 4102.53	  977.64	 3124.89	  280.32	 7211.02
16:07:58	 7871.33	 7752.32	  119.02	  261.85	 4102.53	  977.64	 3124.89	  280.32	 7210.14
16:08:00	 7871.33	 7752.56	  118.77	  261.86	 4102.53	  977.64	 3124.89	  280.34	 7210.35
16:08:02	 7871.33	 7752.91	  118.43	  262.12	 4102.53	  977.64	 3124.89	  280.36	 7210.42
16:08:04	 7871.33	 7756.50	  114.83	  262.13	 4102.53	  977.64	 3124.89	  280.39	 7213.98
16:08:06	 7871.33	 7756.50	  114.84	  262.14	 4102.53	  977.64	 3124.89	  280.39	 7213.96
16:08:08	 7871.33	 7752.92	  118.41	  262.41	 4102.53	  977.64	 3124.89	  280.41	 7210.11
16:08:10	 7871.33	 7753.04	  118.29	  262.43	 4102.53	  977.64	 3124.89	  280.43	 7210.19
16:08:12	 7871.33	 7753.79	  117.54	  262.68	 4102.53	  977.64	 3124.89	  280.44	 7210.67
16:08:14	 7871.33	 7753.65	  117.68	  262.70	 4102.53	  977.64	 3124.89	  280.45	 7210.49
16:08:16	 7871.33	 7753.64	  117.69	  262.71	 4102.53	  977.64	 3124.89	  280.46	 7210.47
16:08:18	 7871.33	 7753.78	  117.55	  262.97	 4102.53	  977.64	 3124.89	  280.49	 7210.32
16:08:20	 7871.33	 7753.90	  117.43	  262.99	 4102.53	  977.64	 3124.89	  280.50	 7210.41
16:08:22	 7871.33	 7754.25	  117.09	  263.26	 4102.53	  977.64	 3124.89	  280.51	 7210.47
16:08:24	 7871.33	 7754.37	  116.96	  263.27	 4102.53	  977.64	 3124.89	  280.52	 7210.57
16:08:26	 7871.33	 7754.49	  116.84	  263.29	 4102.53	  977.64	 3124.89	  280.54	 7210.66
16:08:28	 7871.33	 7755.38	  115.95	  263.54	 4102.53	  977.64	 3124.89	  280.55	 7211.29
16:08:30	 7871.33	 7754.16	  117.17	  263.55	 4102.53	  977.64	 3124.89	  280.56	 7210.05
16:08:32	 7871.33	 7754.40	  116.93	  263.83	 4102.53	  977.64	 3124.89	  280.59	 7209.98
16:08:34	 7871.33	 7754.73	  116.60	  263.83	 4102.53	  977.64	 3124.89	  280.61	 7210.30
16:08:36	 7871.33	 7757.93	  113.40	  263.84	 4102.53	  977.64	 3124.89	  280.62	 7213.47
16:08:38	 7871.33	 7754.48	  116.85	  264.10	 4102.53	  977.64	 3124.89	  280.64	 7209.74
16:08:40	 7871.33	 7754.77	  116.56	  264.11	 4102.53	  977.64	 3124.89	  280.66	 7210.01
16:08:42	 7871.33	 7755.10	  116.23	  264.37	 4102.53	  977.64	 3124.89	  280.68	 7210.06
16:08:44	 7871.33	 7755.22	  116.11	  264.38	 4102.53	  977.64	 3124.89	  280.68	 7210.16
16:08:46	 7871.33	 7755.33	  116.00	  264.39	 4102.53	  977.64	 3124.89	  280.70	 7210.23
16:08:48	 7871.33	 7755.33	  116.00	  264.64	 4102.53	  977.64	 3124.89	  280.72	 7209.96
16:08:50	 7871.33	 7755.33	  116.00	  264.66	 4102.53	  977.64	 3124.89	  280.73	 7209.95
16:08:52	 7871.33	 7755.96	  115.37	  264.93	 4102.53	  977.64	 3124.89	  280.75	 7210.29
16:08:54	 7871.33	 7755.72	  115.61	  264.93	 4102.53	  977.64	 3124.89	  280.77	 7210.02
16:08:56	 7871.33	 7755.60	  115.73	  264.95	 4102.53	  977.64	 3124.89	  280.78	 7209.88
16:08:58	 7871.33	 7755.69	  115.64	  265.20	 4102.53	  977.64	 3124.89	  280.80	 7209.70
16:09:00	 7871.33	 7756.05	  115.28	  265.20	 4102.53	  977.64	 3124.89	  280.81	 7210.04
16:09:02	 7871.33	 7758.41	  112.92	  265.46	 4102.53	  977.64	 3124.89	  280.85	 7212.09
16:09:04	 7871.33	 7756.33	  115.00	  265.48	 4102.53	  977.64	 3124.89	  280.86	 7210.00
16:09:06	 7871.33	 7755.84	  115.49	  265.49	 4102.53	  977.64	 3124.89	  280.85	 7209.50
16:09:08	 7871.33	 7756.58	  114.75	  265.74	 4102.53	  977.64	 3124.89	  280.89	 7209.95
16:09:10	 7871.33	 7756.42	  114.91	  265.75	 4102.53	  977.64	 3124.89	  280.89	 7209.77
16:09:12	 7871.33	 7756.78	  114.55	  266.02	 4102.53	  977.64	 3124.89	  280.92	 7209.85
16:09:14	 7871.33	 7757.05	  114.28	  266.02	 4102.53	  977.64	 3124.89	  280.93	 7210.10
16:09:16	 7871.33	 7756.80	  114.53	  266.04	 4102.53	  977.64	 3124.89	  280.94	 7209.83
16:09:18	 7871.33	 7758.81	  112.52	  266.30	 4102.53	  977.64	 3124.89	  280.96	 7211.55
16:09:20	 7871.33	 7757.16	  114.17	  266.30	 4102.53	  977.64	 3124.89	  280.98	 7209.88
16:09:22	 7871.33	 7757.40	  113.93	  266.57	 4102.53	  977.64	 3124.89	  281.00	 7209.84
16:09:24	 7871.33	 7761.14	  110.19	  266.58	 4102.53	  977.64	 3124.89	  281.02	 7213.55
16:09:26	 7871.33	 7758.06	  113.27	  266.58	 4102.53	  977.64	 3124.89	  281.02	 7210.46
16:09:28	 7871.33	 7758.55	  112.79	  266.85	 4102.53	  977.64	 3124.89	  281.04	 7210.66
16:09:30	 7871.33	 7748.33	  123.00	  257.14	 4102.53	  977.64	 3124.89	  280.64	 7210.54
16:09:32	 7871.33	 7748.94	  122.39	  257.42	 4102.53	  977.64	 3124.89	  280.64	 7210.88
16:09:34	 7871.33	 7748.82	  122.51	  257.42	 4102.53	  977.64	 3124.89	  280.67	 7210.73
16:09:36	 7871.33	 7748.61	  122.72	  257.43	 4102.53	  977.64	 3124.89	  280.69	 7210.49
16:09:38	 7871.33	 7749.11	  122.22	  257.70	 4102.53	  977.64	 3124.89	  280.70	 7210.71
16:09:40	 7871.33	 7749.33	  122.00	  257.71	 4102.53	  977.64	 3124.89	  280.72	 7210.89
16:09:42	 7871.33	 7749.55	  121.79	  257.98	 4102.53	  977.64	 3124.89	  280.73	 7210.84
16:09:44	 7871.33	 7749.53	  121.80	  258.00	 4102.53	  977.64	 3124.89	  280.75	 7210.78
16:09:46	 7871.33	 7750.91	  120.42	  258.03	 4102.53	  977.64	 3124.89	  280.76	 7212.12
16:09:48	 7871.33	 7750.11	  121.22	  258.29	 4102.53	  977.64	 3124.89	  280.78	 7211.04
16:09:50	 7871.33	 7752.12	  119.21	  258.30	 4102.53	  977.64	 3124.89	  281.14	 7212.67
16:09:52	 7871.33	 7750.46	  120.87	  258.58	 4102.53	  977.64	 3124.89	  281.15	 7210.73
16:09:55	 7871.33	 7750.46	  120.87	  258.58	 4102.53	  977.64	 3124.89	  281.18	 7210.71
16:09:57	 7871.33	 7750.07	  121.26	  258.85	 4102.53	  977.64	 3124.89	  281.11	 7210.11
16:09:59	 7871.33	 7750.21	  121.12	  258.86	 4102.53	  977.64	 3124.89	  281.21	 7210.13
16:10:01	 7871.33	 7750.46	  120.87	  258.86	 4102.53	  977.64	 3124.89	  281.23	 7210.37
16:10:03	 7871.33	 7750.84	  120.50	  259.12	 4102.53	  977.64	 3124.89	  281.27	 7210.45
16:10:05	 7871.33	 7750.94	  120.39	  259.13	 4102.53	  977.64	 3124.89	  281.30	 7210.52
16:10:07	 7871.33	 7750.58	  120.75	  259.40	 4102.53	  977.64	 3124.89	  281.22	 7209.96
16:10:09	 7871.33	 7751.92	  119.41	  259.41	 4102.53	  977.64	 3124.89	  281.34	 7211.17
16:10:11	 7871.33	 7751.42	  119.91	  259.42	 4102.53	  977.64	 3124.89	  281.36	 7210.64
16:10:13	 7871.33	 7751.77	  119.56	  259.68	 4102.53	  977.64	 3124.89	  281.38	 7210.71
16:10:15	 7871.33	 7751.77	  119.56	  259.69	 4102.53	  977.64	 3124.89	  281.40	 7210.68
16:10:17	 7871.33	 7751.77	  119.57	  259.95	 4102.53	  977.64	 3124.89	  281.32	 7210.49
16:10:19	 7871.33	 7751.77	  119.57	  259.96	 4102.53	  977.64	 3124.89	  281.43	 7210.38
16:10:21	 7871.33	 7752.43	  118.91	  259.97	 4102.53	  977.64	 3124.89	  281.44	 7211.01
16:10:23	 7871.33	 7754.54	  116.79	  260.23	 4102.53	  977.64	 3124.89	  281.48	 7212.83
16:10:25	 7871.33	 7753.02	  118.32	  260.25	 4102.53	  977.64	 3124.89	  281.48	 7211.29
16:10:27	 7871.33	 7752.52	  118.82	  260.50	 4102.53	  977.64	 3124.89	  281.42	 7210.60
16:10:29	 7871.33	 7752.61	  118.72	  260.51	 4102.53	  977.64	 3124.89	  281.52	 7210.58
16:10:31	 7871.33	 7752.86	  118.48	  260.52	 4102.53	  977.64	 3124.89	  281.53	 7210.80
16:10:33	 7871.33	 7753.23	  118.10	  260.78	 4102.53	  977.64	 3124.89	  281.55	 7210.90
16:10:35	 7871.33	 7753.48	  117.86	  260.79	 4102.53	  977.64	 3124.89	  281.55	 7211.13
16:10:37	 7871.33	 7753.11	  118.22	  261.04	 4102.53	  977.64	 3124.89	  281.50	 7210.57
16:10:39	 7871.33	 7753.23	  118.10	  261.05	 4102.53	  977.64	 3124.89	  281.59	 7210.59
16:10:41	 7871.33	 7753.46	  117.87	  261.06	 4102.53	  977.64	 3124.89	  281.61	 7210.79
16:10:43	 7871.33	 7758.17	  113.16	  261.31	 4102.53	  977.64	 3124.89	  281.64	 7215.22
16:10:45	 7871.33	 7754.23	  117.10	  261.33	 4102.53	  977.64	 3124.89	  281.65	 7211.25
16:10:47	 7871.33	 7753.87	  117.46	  261.58	 4102.53	  977.64	 3124.89	  281.67	 7210.62
16:10:49	 7871.33	 7753.74	  117.59	  261.58	 4102.53	  977.64	 3124.89	  281.69	 7210.47
16:10:51	 7871.33	 7753.95	  117.39	  261.61	 4102.53	  977.64	 3124.89	  281.70	 7210.64
16:10:53	 7871.33	 7754.43	  116.90	  261.86	 4102.53	  977.64	 3124.89	  281.72	 7210.86
16:10:55	 7871.33	 7757.82	  113.52	  261.86	 4102.53	  977.64	 3124.89	  281.73	 7214.23
16:10:57	 7871.33	 7754.61	  116.73	  262.12	 4102.53	  977.64	 3124.89	  281.75	 7210.73
16:10:59	 7871.33	 7754.45	  116.88	  262.12	 4102.53	  977.64	 3124.89	  281.77	 7210.57
16:11:01	 7871.33	 7754.70	  116.64	  262.15	 4102.53	  977.64	 3124.89	  281.77	 7210.78
16:11:03	 7871.33	 7755.18	  116.15	  262.40	 4102.53	  977.64	 3124.89	  281.80	 7210.98
16:11:05	 7871.33	 7755.30	  116.03	  262.40	 4102.53	  977.64	 3124.89	  281.82	 7211.09
16:11:07	 7871.33	 7744.92	  126.41	  253.45	 4102.53	  977.64	 3124.89	  281.04	 7210.43
16:11:09	 7871.33	 7744.92	  126.41	  253.45	 4102.53	  977.64	 3124.89	  281.06	 7210.41
16:11:11	 7871.33	 7745.01	  126.32	  253.46	 4102.53	  977.64	 3124.89	  281.07	 7210.48
16:11:13	 7871.33	 7745.73	  125.60	  253.72	 4102.53	  977.64	 3124.89	  281.10	 7210.92
16:11:15	 7871.33	 7745.73	  125.60	  253.72	 4102.53	  977.64	 3124.89	  281.11	 7210.91
16:11:17	 7871.33	 7745.66	  125.67	  253.98	 4102.53	  977.64	 3124.89	  281.12	 7210.55
16:11:19	 7871.33	 7745.77	  125.57	  253.99	 4102.53	  977.64	 3124.89	  281.14	 7210.63
16:11:21	 7871.33	 7745.52	  125.81	  254.00	 4102.53	  977.64	 3124.89	  281.15	 7210.38
16:11:23	 7871.33	 7746.22	  125.11	  254.27	 4102.53	  977.64	 3124.89	  281.16	 7210.79
16:11:25	 7871.33	 7746.72	  124.61	  254.27	 4102.53	  977.64	 3124.89	  281.18	 7211.27
16:11:27	 7871.33	 7748.73	  122.60	  254.54	 4102.53	  977.64	 3124.89	  281.19	 7213.01
16:11:29	 7871.33	 7748.11	  123.22	  254.54	 4102.53	  977.64	 3124.89	  281.21	 7212.36
16:11:31	 7871.33	 7746.61	  124.73	  254.54	 4102.53	  977.64	 3124.89	  281.23	 7210.83
16:11:33	 7871.33	 7746.73	  124.61	  254.81	 4102.53	  977.64	 3124.89	  281.25	 7210.66
16:11:35	 7871.33	 7747.32	  124.01	  254.84	 4102.53	  977.64	 3124.89	  281.26	 7211.23
16:11:37	 7871.33	 7746.72	  124.61	  255.10	 4102.53	  977.64	 3124.89	  281.27	 7210.35
16:11:39	 7871.33	 7748.91	  122.42	  255.10	 4102.53	  977.64	 3124.89	  281.29	 7212.52
16:11:41	 7871.33	 7750.01	  121.32	  255.11	 4102.53	  977.64	 3124.89	  281.31	 7213.60
16:11:43	 7871.33	 7750.23	  121.10	  255.38	 4102.53	  977.64	 3124.89	  281.32	 7213.52
16:11:45	 7871.33	 7750.71	  120.62	  255.38	 4102.53	  977.64	 3124.89	  281.35	 7213.98
16:11:47	 7871.33	 7750.11	  121.22	  255.64	 4102.53	  977.64	 3124.89	  281.36	 7213.11
16:11:49	 7871.33	 7750.34	  121.00	  255.66	 4102.53	  977.64	 3124.89	  281.38	 7213.30
16:11:51	 7871.33	 7750.50	  120.83	  255.66	 4102.53	  977.64	 3124.89	  281.38	 7213.46
16:11:53	 7871.33	 7750.98	  120.35	  255.92	 4102.53	  977.64	 3124.89	  281.41	 7213.65
16:11:55	 7871.33	 7751.21	  120.12	  255.93	 4102.53	  977.64	 3124.89	  281.42	 7213.86
16:11:57	 7871.33	 7750.94	  120.39	  256.19	 4102.53	  977.64	 3124.89	  281.44	 7213.31
16:11:59	 7871.33	 7754.30	  117.03	  256.20	 4102.53	  977.64	 3124.89	  281.45	 7216.65
16:12:01	 7871.33	 7751.06	  120.27	  256.22	 4102.53	  977.64	 3124.89	  281.46	 7213.39
16:12:03	 7871.33	 7743.87	  127.46	  256.48	 4102.53	  977.64	 3124.89	  272.41	 7214.97
16:12:05	 7871.33	 7742.72	  128.61	  256.50	 4102.53	  977.64	 3124.89	  272.43	 7213.79
16:12:07	 7871.33	 7742.36	  128.97	  256.77	 4102.53	  977.64	 3124.89	  272.44	 7213.16
16:12:09	 7871.33	 7742.46	  128.87	  256.77	 4102.53	  977.64	 3124.89	  272.45	 7213.25
16:12:11	 7871.33	 7742.71	  128.62	  256.78	 4102.53	  977.64	 3124.89	  272.47	 7213.46
16:12:13	 7871.33	 7743.08	  128.25	  257.04	 4102.53	  977.64	 3124.89	  272.49	 7213.55
16:12:15	 7871.33	 7743.09	  128.25	  257.05	 4102.53	  977.64	 3124.89	  272.51	 7213.53
16:12:17	 7871.33	 7743.09	  128.25	  257.31	 4102.53	  977.64	 3124.89	  272.52	 7213.26
16:12:19	 7871.33	 7743.10	  128.23	  257.33	 4102.53	  977.64	 3124.89	  272.53	 7213.25
16:12:21	 7871.33	 7743.07	  128.26	  257.34	 4102.53	  977.64	 3124.89	  272.57	 7213.16
16:12:23	 7871.33	 7743.07	  128.26	  257.60	 4102.53	  977.64	 3124.89	  272.58	 7212.89
16:12:25	 7871.33	 7744.43	  126.91	  257.62	 4102.53	  977.64	 3124.89	  272.61	 7214.20
16:12:27	 7871.33	 7743.34	  128.00	  257.88	 4102.53	  977.64	 3124.89	  272.62	 7212.84
16:12:29	 7871.33	 7743.70	  127.63	  257.90	 4102.53	  977.64	 3124.89	  272.62	 7213.18
16:12:32	 7871.33	 7747.06	  124.27	  258.16	 4102.53	  977.64	 3124.89	  272.57	 7216.34
16:12:34	 7871.33	 7744.18	  127.16	  258.16	 4102.53	  977.64	 3124.89	  272.66	 7213.35
16:12:36	 7871.33	 7744.28	  127.05	  258.17	 4102.53	  977.64	 3124.89	  272.69	 7213.42
16:12:38	 7871.33	 7744.19	  127.14	  258.45	 4102.53	  977.64	 3124.89	  272.70	 7213.05
16:12:40	 7871.33	 7744.31	  127.02	  258.45	 4102.53	  977.64	 3124.89	  272.72	 7213.14
16:12:42	 7871.33	 7744.68	  126.66	  258.72	 4102.53	  977.64	 3124.89	  272.64	 7213.31
16:12:44	 7871.33	 7744.55	  126.78	  258.72	 4102.53	  977.64	 3124.89	  272.75	 7213.09
16:12:46	 7871.33	 7744.77	  126.57	  258.73	 4102.53	  977.64	 3124.89	  272.77	 7213.27
16:12:48	 7871.33	 7744.52	  126.81	  259.00	 4102.53	  977.64	 3124.89	  272.77	 7212.75
16:12:50	 7871.33	 7744.43	  126.91	  259.00	 4102.53	  977.64	 3124.89	  272.80	 7212.62
16:12:52	 7871.33	 7745.27	  126.06	  259.27	 4102.53	  977.64	 3124.89	  272.72	 7213.29
16:12:54	 7871.33	 7745.00	  126.33	  259.27	 4102.53	  977.64	 3124.89	  272.83	 7212.90
16:12:56	 7871.33	 7745.50	  125.83	  259.27	 4102.53	  977.64	 3124.89	  272.84	 7213.39
16:12:58	 7871.33	 7744.87	  126.46	  259.55	 4102.53	  977.64	 3124.89	  272.85	 7212.47
16:13:00	 7871.33	 7746.01	  125.32	  259.55	 4102.53	  977.64	 3124.89	  272.88	 7213.58
16:13:02	 7871.33	 7745.36	  125.97	  259.81	 4102.53	  977.64	 3124.89	  272.80	 7212.75
16:13:04	 7871.33	 7749.32	  122.01	  259.82	 4102.53	  977.64	 3124.89	  272.91	 7216.59
16:13:06	 7871.33	 7745.86	  125.48	  259.82	 4102.53	  977.64	 3124.89	  272.93	 7213.10
16:13:08	 7871.33	 7745.86	  125.48	  260.09	 4102.53	  977.64	 3124.89	  272.94	 7212.83
16:13:10	 7871.33	 7746.11	  125.22	  260.11	 4102.53	  977.64	 3124.89	  272.96	 7213.05
16:13:12	 7871.33	 7750.45	  120.88	  260.36	 4102.53	  977.64	 3124.89	  272.88	 7217.21
16:13:14	 7871.33	 7746.61	  124.72	  260.36	 4102.53	  977.64	 3124.89	  273.00	 7213.25
16:13:16	 7871.33	 7746.86	  124.48	  260.39	 4102.53	  977.64	 3124.89	  273.02	 7213.44
16:13:18	 7871.33	 7746.47	  124.86	  260.66	 4102.53	  977.64	 3124.89	  273.04	 7212.78
16:13:20	 7871.33	 7746.59	  124.74	  260.67	 4102.53	  977.64	 3124.89	  273.05	 7212.88
16:13:22	 7871.33	 7746.82	  124.51	  260.95	 4102.53	  977.64	 3124.89	  273.06	 7212.82
16:13:24	 7871.33	 7747.32	  124.02	  260.95	 4102.53	  977.64	 3124.89	  273.08	 7213.29
16:13:26	 7871.33	 7749.45	  121.89	  260.95	 4102.53	  977.64	 3124.89	  273.09	 7215.40
16:13:28	 7871.33	 7747.20	  124.14	  261.22	 4102.53	  977.64	 3124.89	  273.12	 7212.85
16:13:30	 7871.33	 7747.17	  124.16	  261.22	 4102.53	  977.64	 3124.89	  273.13	 7212.82
16:13:32	 7871.33	 7747.68	  123.65	  261.49	 4102.53	  977.64	 3124.89	  273.15	 7213.04
16:13:34	 7871.33	 7747.67	  123.66	  261.51	 4102.53	  977.64	 3124.89	  273.16	 7213.00
16:13:36	 7871.33	 7750.07	  121.26	  261.52	 4102.53	  977.64	 3124.89	  273.18	 7215.38
16:13:38	 7871.33	 7747.21	  124.12	  261.77	 4102.53	  977.64	 3124.89	  273.20	 7212.24
16:13:40	 7871.33	 7747.82	  123.52	  261.79	 4102.53	  977.64	 3124.89	  273.21	 7212.82
16:13:42	 7871.33	 7748.26	  123.07	  262.06	 4102.53	  977.64	 3124.89	  273.23	 7212.98
16:13:44	 7871.33	 7747.91	  123.43	  262.07	 4102.53	  977.64	 3124.89	  273.25	 7212.59
16:13:46	 7871.33	 7751.25	  120.08	  262.08	 4102.53	  977.64	 3124.89	  273.28	 7215.90
16:13:48	 7871.33	 7748.06	  123.27	  262.34	 4102.53	  977.64	 3124.89	  273.28	 7212.44
16:13:50	 7871.33	 7747.92	  123.41	  262.35	 4102.53	  977.64	 3124.89	  273.30	 7212.27
16:13:52	 7871.33	 7748.28	  123.05	  262.62	 4102.53	  977.64	 3124.89	  273.32	 7212.34
16:13:54	 7871.33	 7748.38	  122.95	  262.62	 4102.53	  977.64	 3124.89	  273.33	 7212.43
16:13:56	 7871.33	 7748.50	  122.83	  262.63	 4102.53	  977.64	 3124.89	  273.36	 7212.51
16:13:58	 7871.33	 7751.89	  119.44	  262.89	 4102.53	  977.64	 3124.89	  273.37	 7215.63
16:14:00	 7871.33	 7748.42	  122.91	  262.91	 4102.53	  977.64	 3124.89	  273.38	 7212.14
16:14:02	 7871.33	 7748.77	  122.56	  263.16	 4102.53	  977.64	 3124.89	  273.40	 7212.21
16:14:04	 7871.33	 7748.78	  122.55	  263.18	 4102.53	  977.64	 3124.89	  273.41	 7212.19
16:14:06	 7871.33	 7748.75	  122.58	  263.19	 4102.53	  977.64	 3124.89	  273.43	 7212.13
16:14:08	 7871.33	 7749.73	  121.60	  263.45	 4102.53	  977.64	 3124.89	  273.45	 7212.84
16:14:10	 7871.33	 7748.67	  122.66	  263.46	 4102.53	  977.64	 3124.89	  273.45	 7211.76
16:14:12	 7871.33	 7749.28	  122.05	  263.72	 4102.53	  977.64	 3124.89	  273.48	 7212.08
16:14:14	 7871.33	 7749.40	  121.93	  263.73	 4102.53	  977.64	 3124.89	  273.49	 7212.18
16:14:16	 7871.33	 7749.02	  122.31	  263.75	 4102.53	  977.64	 3124.89	  273.50	 7211.76
16:14:18	 7871.33	 7749.26	  122.07	  264.01	 4102.53	  977.64	 3124.89	  273.52	 7211.73
16:14:20	 7871.33	 7752.75	  118.58	  264.01	 4102.53	  977.64	 3124.89	  273.55	 7215.20
16:14:22	 7871.33	 7749.40	  121.93	  264.28	 4102.53	  977.64	 3124.89	  273.57	 7211.55
16:14:24	 7871.33	 7749.64	  121.69	  264.29	 4102.53	  977.64	 3124.89	  273.57	 7211.78
16:14:26	 7871.33	 7749.04	  122.30	  264.31	 4102.53	  977.64	 3124.89	  273.58	 7211.14
16:14:28	 7871.33	 7749.99	  121.34	  264.57	 4102.53	  977.64	 3124.89	  273.61	 7211.80
16:14:30	 7871.33	 7752.84	  118.49	  264.57	 4102.53	  977.64	 3124.89	  273.63	 7214.64
16:14:32	 7871.33	 7751.01	  120.32	  264.84	 4102.53	  977.64	 3124.89	  273.64	 7212.53
16:14:34	 7871.33	 7750.72	  120.61	  264.84	 4102.53	  977.64	 3124.89	  273.66	 7212.23
16:14:36	 7871.33	 7750.72	  120.61	  264.84	 4102.53	  977.64	 3124.89	  273.68	 7212.20
16:14:38	 7871.33	 7750.96	  120.37	  265.11	 4102.53	  977.64	 3124.89	  273.70	 7212.16
16:14:40	 7871.33	 7751.31	  120.02	  265.11	 4102.53	  977.64	 3124.89	  273.71	 7212.49
16:14:42	 7871.33	 7751.80	  119.54	  265.37	 4102.53	  977.64	 3124.89	  273.72	 7212.70
16:14:44	 7871.33	 7751.95	  119.38	  265.39	 4102.53	  977.64	 3124.89	  273.73	 7212.83
16:14:46	 7871.33	 7751.48	  119.85	  265.39	 4102.53	  977.64	 3124.89	  273.75	 7212.33
16:14:48	 7871.33	 7751.59	  119.75	  265.66	 4102.53	  977.64	 3124.89	  273.76	 7212.16
16:14:50	 7871.33	 7751.71	  119.62	  265.67	 4102.53	  977.64	 3124.89	  273.78	 7212.26
16:14:52	 7871.33	 7752.04	  119.29	  265.92	 4102.53	  977.64	 3124.89	  273.80	 7212.32
16:14:54	 7871.33	 7753.77	  117.57	  265.93	 4102.53	  977.64	 3124.89	  273.81	 7214.03
16:14:56	 7871.33	 7752.05	  119.28	  265.94	 4102.53	  977.64	 3124.89	  273.84	 7212.28
16:14:58	 7871.33	 7752.05	  119.28	  266.20	 4102.53	  977.64	 3124.89	  273.85	 7212.01
16:15:00	 7871.33	 7752.40	  118.93	  266.20	 4102.53	  977.64	 3124.89	  273.85	 7212.35
16:15:02	 7871.33	 7755.39	  115.95	  266.46	 4102.53	  977.64	 3124.89	  273.88	 7215.05
16:15:05	 7871.33	 7752.89	  118.45	  266.47	 4102.53	  977.64	 3124.89	  273.89	 7212.52
16:15:07	 7871.33	 7757.61	  113.73	  266.74	 4102.53	  977.64	 3124.89	  273.82	 7217.05
16:15:09	 7871.33	 7752.42	  118.91	  266.75	 4102.53	  977.64	 3124.89	  273.93	 7211.75
16:15:11	 7871.33	 7752.78	  118.55	  266.75	 4102.53	  977.64	 3124.89	  273.93	 7212.10
16:15:13	 7871.33	 7753.13	  118.20	  267.02	 4102.53	  977.64	 3124.89	  273.95	 7212.16
16:15:15	 7871.33	 7753.52	  117.81	  267.02	 4102.53	  977.64	 3124.89	  273.97	 7212.54
16:15:17	 7871.33	 7753.39	  117.94	  267.28	 4102.53	  977.64	 3124.89	  273.90	 7212.22
16:15:19	 7871.33	 7753.67	  117.66	  267.29	 4102.53	  977.64	 3124.89	  274.00	 7212.38
16:15:21	 7871.33	 7753.65	  117.68	  267.29	 4102.53	  977.64	 3124.89	  274.02	 7212.34
16:15:23	 7871.33	 7753.88	  117.45	  267.56	 4102.53	  977.64	 3124.89	  274.03	 7212.29
16:15:25	 7871.33	 7754.12	  117.21	  267.57	 4102.53	  977.64	 3124.89	  274.05	 7212.50
16:15:27	 7871.33	 7753.39	  117.94	  267.82	 4102.53	  977.64	 3124.89	  273.99	 7211.58
16:15:29	 7871.33	 7753.49	  117.84	  267.84	 4102.53	  977.64	 3124.89	  274.09	 7211.56
16:15:31	 7871.33	 7753.99	  117.34	  267.86	 4102.53	  977.64	 3124.89	  274.13	 7212.00
16:15:33	 7871.33	 7754.23	  117.10	  268.12	 4102.53	  977.64	 3124.89	  274.14	 7211.97
16:15:35	 7871.33	 7757.00	  114.33	  268.14	 4102.53	  977.64	 3124.89	  274.17	 7214.69
16:15:37	 7871.33	 7754.23	  117.10	  268.39	 4102.53	  977.64	 3124.89	  274.11	 7211.74
16:15:39	 7871.33	 7754.49	  116.84	  268.40	 4102.53	  977.64	 3124.89	  274.20	 7211.89
16:15:41	 7871.33	 7754.73	  116.60	  268.41	 4102.53	  977.64	 3124.89	  274.22	 7212.11
16:15:43	 7871.33	 7754.97	  116.36	  268.66	 4102.53	  977.64	 3124.89	  274.23	 7212.07
16:15:45	 7871.33	 7755.33	  116.00	  268.68	 4102.53	  977.64	 3124.89	  274.25	 7212.41
16:15:47	 7871.33	 7754.11	  117.23	  268.93	 4102.53	  977.64	 3124.89	  274.19	 7210.98
16:15:49	 7871.33	 7754.84	  116.49	  268.93	 4102.53	  977.64	 3124.89	  274.30	 7211.61
16:15:51	 7871.33	 7754.81	  116.52	  268.95	 4102.53	  977.64	 3124.89	  274.31	 7211.54
16:15:53	 7871.33	 7755.43	  115.90	  269.21	 4102.53	  977.64	 3124.89	  274.33	 7211.89
16:15:55	 7871.33	 7755.43	  115.90	  269.21	 4102.53	  977.64	 3124.89	  274.34	 7211.88
16:15:57	 7871.33	 7754.70	  116.63	  269.48	 4102.53	  977.64	 3124.89	  274.38	 7210.85
16:15:59	 7871.33	 7755.05	  116.28	  269.48	 4102.53	  977.64	 3124.89	  274.39	 7211.18
16:16:01	 7871.33	 7755.29	  116.04	  269.50	 4102.53	  977.64	 3124.89	  274.39	 7211.40
16:16:03	 7871.33	 7755.43	  115.90	  269.75	 4102.53	  977.64	 3124.89	  274.41	 7211.26
16:16:05	 7871.33	 7755.95	  115.39	  269.75	 4102.53	  977.64	 3124.89	  274.43	 7211.76
16:16:07	 7871.33	 7754.30	  117.03	  258.07	 4102.53	  977.64	 3124.89	  274.23	 7222.00
16:16:09	 7871.33	 7758.52	  112.81	  255.47	 4102.53	  977.64	 3124.89	  274.23	 7228.82
16:16:11	 7871.33	 7759.71	  111.62	  255.48	 4102.53	  977.64	 3124.89	  274.24	 7229.99
16:16:13	 7871.33	 7760.57	  110.76	  255.75	 4102.53	  977.64	 3124.89	  274.25	 7230.57
16:16:15	 7871.33	 7753.07	  118.26	  245.16	 4102.53	  977.64	 3124.89	  274.41	 7233.50
16:16:17	 7871.33	 7746.09	  125.25	  245.42	 4102.53	  977.64	 3124.89	  274.26	 7226.41
16:16:19	 7871.33	 7746.16	  125.17	  245.43	 4102.53	  977.64	 3124.89	  274.27	 7226.45
16:16:21	 7871.33	 7746.27	  125.06	  245.45	 4102.53	  977.64	 3124.89	  274.29	 7226.54
16:16:23	 7871.33	 7747.12	  124.21	  245.70	 4102.53	  977.64	 3124.89	  274.33	 7227.09
16:16:25	 7871.33	 7747.36	  123.97	  245.71	 4102.53	  977.64	 3124.89	  274.33	 7227.32
16:16:27	 7871.33	 7746.53	  124.80	  245.98	 4102.53	  977.64	 3124.89	  274.36	 7226.20
16:16:29	 7871.33	 7746.88	  124.45	  245.99	 4102.53	  977.64	 3124.89	  274.38	 7226.51
16:16:31	 7871.33	 7747.11	  124.23	  246.00	 4102.53	  977.64	 3124.89	  274.39	 7226.72
16:16:33	 7871.33	 7747.23	  124.11	  246.25	 4102.53	  977.64	 3124.89	  274.41	 7226.57
16:16:35	 7871.33	 7747.62	  123.71	  246.27	 4102.53	  977.64	 3124.89	  274.42	 7226.94
16:16:37	 7871.33	 7747.98	  123.35	  246.54	 4102.53	  977.64	 3124.89	  274.45	 7227.00
16:16:39	 7871.33	 7750.73	  120.61	  246.54	 4102.53	  977.64	 3124.89	  274.46	 7229.72
16:16:41	 7871.33	 7747.27	  124.06	  246.55	 4102.53	  977.64	 3124.89	  274.46	 7226.25
16:16:43	 7871.33	 7747.85	  123.48	  246.82	 4102.53	  977.64	 3124.89	  274.50	 7226.53
16:16:45	 7871.33	 7747.97	  123.36	  246.83	 4102.53	  977.64	 3124.89	  274.51	 7226.62
16:16:47	 7871.33	 7747.73	  123.60	  247.10	 4102.53	  977.64	 3124.89	  274.51	 7226.12
16:16:49	 7871.33	 7748.35	  122.98	  247.11	 4102.53	  977.64	 3124.89	  274.55	 7226.69
16:16:51	 7871.33	 7747.98	  123.36	  247.12	 4102.53	  977.64	 3124.89	  274.55	 7226.31
16:16:53	 7871.33	 7748.36	  122.98	  247.38	 4102.53	  977.64	 3124.89	  274.57	 7226.41
16:16:55	 7871.33	 7748.56	  122.77	  247.39	 4102.53	  977.64	 3124.89	  274.58	 7226.59
16:16:57	 7871.33	 7748.68	  122.65	  247.64	 4102.53	  977.64	 3124.89	  274.60	 7226.44
16:16:59	 7871.33	 7748.80	  122.53	  247.66	 4102.53	  977.64	 3124.89	  274.62	 7226.52
16:17:01	 7871.33	 7748.70	  122.64	  247.66	 4102.53	  977.64	 3124.89	  274.64	 7226.39
16:17:03	 7871.33	 7749.20	  122.14	  247.94	 4102.53	  977.64	 3124.89	  274.62	 7226.63
16:17:05	 7871.33	 7749.30	  122.03	  247.94	 4102.53	  977.64	 3124.89	  274.66	 7226.70
16:17:07	 7871.33	 7748.91	  122.42	  248.20	 4102.53	  977.64	 3124.89	  274.67	 7226.04
16:17:09	 7871.33	 7748.80	  122.53	  248.22	 4102.53	  977.64	 3124.89	  274.69	 7225.89
16:17:11	 7871.33	 7753.40	  117.93	  248.22	 4102.53	  977.64	 3124.89	  274.71	 7230.46
16:17:13	 7871.33	 7749.31	  122.02	  248.49	 4102.53	  977.64	 3124.89	  274.71	 7226.11
16:17:15	 7871.33	 7749.66	  121.68	  248.50	 4102.53	  977.64	 3124.89	  274.75	 7226.41
16:17:17	 7871.33	 7750.04	  121.29	  248.76	 4102.53	  977.64	 3124.89	  274.76	 7226.53
16:17:19	 7871.33	 7749.40	  121.93	  248.77	 4102.53	  977.64	 3124.89	  274.78	 7225.85
16:17:21	 7871.33	 7749.76	  121.57	  248.78	 4102.53	  977.64	 3124.89	  274.79	 7226.19
16:17:23	 7871.33	 7750.26	  121.07	  249.04	 4102.53	  977.64	 3124.89	  274.82	 7226.40
16:17:25	 7871.33	 7750.26	  121.07	  249.05	 4102.53	  977.64	 3124.89	  274.82	 7226.38
16:17:27	 7871.33	 7750.38	  120.96	  249.31	 4102.53	  977.64	 3124.89	  274.84	 7226.22
16:17:29	 7871.33	 7750.12	  121.21	  249.33	 4102.53	  977.64	 3124.89	  274.86	 7225.93
16:17:31	 7871.33	 7750.49	  120.84	  249.34	 4102.53	  977.64	 3124.89	  274.88	 7226.27
16:17:33	 7871.33	 7750.76	  120.57	  249.59	 4102.53	  977.64	 3124.89	  274.90	 7226.27
16:17:35	 7871.33	 7752.39	  118.94	  249.61	 4102.53	  977.64	 3124.89	  274.90	 7227.88
16:17:37	 7871.33	 7751.04	  120.30	  249.87	 4102.53	  977.64	 3124.89	  274.93	 7226.23
16:17:39	 7871.33	 7750.60	  120.73	  249.89	 4102.53	  977.64	 3124.89	  274.94	 7225.77
16:17:41	 7871.33	 7750.72	  120.61	  249.91	 4102.53	  977.64	 3124.89	  274.95	 7225.86
16:17:43	 7871.33	 7754.47	  116.86	  250.16	 4102.53	  977.64	 3124.89	  274.97	 7229.34
16:17:45	 7871.33	 7752.71	  118.62	  250.17	 4102.53	  977.64	 3124.89	  275.00	 7227.54
16:17:48	 7871.33	 7751.12	  120.21	  250.43	 4102.53	  977.64	 3124.89	  275.01	 7225.68
16:17:50	 7871.33	 7751.48	  119.85	  250.45	 4102.53	  977.64	 3124.89	  275.02	 7226.01
16:17:52	 7871.33	 7751.81	  119.52	  250.70	 4102.53	  977.64	 3124.89	  274.96	 7226.15
16:17:54	 7871.33	 7751.93	  119.40	  250.70	 4102.53	  977.64	 3124.89	  275.05	 7226.18
16:17:56	 7871.33	 7752.06	  119.27	  250.72	 4102.53	  977.64	 3124.89	  275.07	 7226.28
16:17:58	 7871.33	 7754.45	  116.88	  250.97	 4102.53	  977.64	 3124.89	  275.09	 7228.39
16:18:00	 7871.33	 7751.62	  119.71	  251.00	 4102.53	  977.64	 3124.89	  275.10	 7225.52
16:18:02	 7871.33	 7752.32	  119.01	  251.25	 4102.53	  977.64	 3124.89	  275.04	 7226.03
16:18:04	 7871.33	 7752.41	  118.92	  251.25	 4102.53	  977.64	 3124.89	  275.14	 7226.02
16:18:06	 7871.33	 7752.65	  118.68	  251.28	 4102.53	  977.64	 3124.89	  275.15	 7226.22
16:18:08	 7871.33	 7751.95	  119.38	  251.53	 4102.53	  977.64	 3124.89	  275.18	 7225.25
16:18:10	 7871.33	 7755.39	  115.95	  251.54	 4102.53	  977.64	 3124.89	  275.19	 7228.66
16:18:12	 7871.33	 7752.79	  118.54	  251.81	 4102.53	  977.64	 3124.89	  275.12	 7225.85
16:18:14	 7871.33	 7752.91	  118.42	  251.82	 4102.53	  977.64	 3124.89	  275.22	 7225.87
16:18:16	 7871.33	 7753.43	  117.91	  251.84	 4102.53	  977.64	 3124.89	  275.22	 7226.37
16:18:18	 7871.33	 7752.78	  118.55	  252.10	 4102.53	  977.64	 3124.89	  275.25	 7225.44
16:18:20	 7871.33	 7752.90	  118.43	  252.10	 4102.53	  977.64	 3124.89	  275.26	 7225.54
16:18:22	 7871.33	 7756.77	  114.57	  252.39	 4102.53	  977.64	 3124.89	  275.19	 7229.19
16:18:24	 7871.33	 7753.43	  117.91	  252.39	 4102.53	  977.64	 3124.89	  275.29	 7225.75
16:18:26	 7871.33	 7755.64	  115.69	  252.39	 4102.53	  977.64	 3124.89	  275.30	 7227.95
