    Time	  MemTotal	   MemUsed	   MemFree	   MemBuff	SwapTotal	SwapUsed	SwapFree	SwapCached	RealUsedMem
15:55:39	 7871.33	 7753.65	  117.68	  207.68	 4102.53	  939.52	 3163.01	  290.18	 7255.79
15:55:41	 7871.33	 7753.86	  117.47	  207.70	 4102.53	  939.52	 3163.01	  290.24	 7255.92
15:55:43	 7871.33	 7754.10	  117.23	  208.00	 4102.53	  939.52	 3163.01	  290.23	 7255.87
15:55:45	 7871.33	 7753.76	  117.57	  208.05	 4102.53	  939.52	 3163.01	  290.27	 7255.45
15:55:47	 7871.33	 7753.74	  117.59	  208.33	 4102.53	  939.52	 3163.01	  290.20	 7255.21
15:55:49	 7871.33	 7754.34	  117.00	  208.38	 4102.53	  939.52	 3163.01	  290.28	 7255.67
15:55:51	 7871.33	 7754.84	  116.50	  208.41	 4102.53	  939.52	 3163.01	  290.33	 7256.10
15:55:53	 7871.33	 7754.72	  116.61	  208.68	 4102.53	  939.52	 3163.01	  290.35	 7255.69
15:55:55	 7871.33	 7754.35	  116.98	  208.73	 4102.53	  939.52	 3163.01	  290.37	 7255.25
15:55:57	 7871.33	 7754.71	  116.62	  209.01	 4102.53	  939.52	 3163.01	  290.39	 7255.32
15:55:59	 7871.33	 7755.20	  116.13	  209.04	 4102.53	  939.52	 3163.01	  290.40	 7255.76
15:56:01	 7871.33	 7755.08	  116.25	  209.08	 4102.53	  939.52	 3163.01	  290.41	 7255.58
15:56:03	 7871.33	 7758.80	  112.54	  209.37	 4102.53	  939.52	 3163.01	  290.43	 7259.00
15:56:05	 7871.33	 7754.86	  116.47	  209.39	 4102.53	  939.52	 3163.01	  290.45	 7255.02
15:56:07	 7871.33	 7755.34	  115.99	  209.68	 4102.53	  939.52	 3163.01	  290.46	 7255.20
15:56:09	 7871.33	 7758.57	  112.76	  209.70	 4102.53	  939.52	 3163.01	  290.49	 7258.38
15:56:11	 7871.33	 7756.09	  115.25	  209.71	 4102.53	  939.52	 3163.01	  290.51	 7255.86
15:56:13	 7871.33	 7756.31	  115.02	  209.99	 4102.53	  939.52	 3163.01	  290.52	 7255.80
15:56:15	 7871.33	 7755.96	  115.37	  210.01	 4102.53	  939.52	 3163.01	  290.54	 7255.42
15:56:17	 7871.33	 7756.45	  114.88	  210.28	 4102.53	  939.52	 3163.01	  290.54	 7255.63
15:56:19	 7871.33	 7756.91	  114.42	  210.29	 4102.53	  939.52	 3163.01	  290.55	 7256.07
15:56:21	 7871.33	 7745.78	  125.55	  199.12	 4102.53	  939.52	 3163.01	  290.27	 7256.38
15:56:23	 7871.33	 7746.52	  124.81	  199.39	 4102.53	  939.52	 3163.01	  290.29	 7256.83
15:56:25	 7871.33	 7748.15	  123.18	  199.42	 4102.53	  939.52	 3163.01	  290.32	 7258.41
15:56:27	 7871.33	 7746.16	  125.18	  199.70	 4102.53	  939.52	 3163.01	  290.33	 7256.12
15:56:29	 7871.33	 7749.12	  122.21	  199.71	 4102.53	  939.52	 3163.01	  290.34	 7259.06
15:56:31	 7871.33	 7746.53	  124.80	  199.75	 4102.53	  939.52	 3163.01	  290.36	 7256.41
15:56:33	 7871.33	 7746.66	  124.67	  200.03	 4102.53	  939.52	 3163.01	  290.37	 7256.27
15:56:35	 7871.33	 7746.66	  124.68	  200.04	 4102.53	  939.52	 3163.01	  290.39	 7256.22
15:56:37	 7871.33	 7747.03	  124.30	  200.32	 4102.53	  939.52	 3163.01	  290.40	 7256.30
15:56:39	 7871.33	 7747.18	  124.15	  200.36	 4102.53	  939.52	 3163.01	  290.46	 7256.36
15:56:41	 7871.33	 7750.85	  120.48	  200.36	 4102.53	  939.52	 3163.01	  290.49	 7260.00
15:56:43	 7871.33	 7747.89	  123.44	  200.64	 4102.53	  939.52	 3163.01	  290.50	 7256.75
15:56:45	 7871.33	 7746.49	  124.84	  200.66	 4102.53	  939.52	 3163.01	  290.52	 7255.31
15:56:47	 7871.33	 7750.54	  120.79	  200.94	 4102.53	  939.52	 3163.01	  290.53	 7259.07
15:56:49	 7871.33	 7748.21	  123.12	  200.97	 4102.53	  939.52	 3163.01	  290.54	 7256.70
15:56:51	 7871.33	 7750.91	  120.42	  200.98	 4102.53	  939.52	 3163.01	  290.56	 7259.37
15:56:53	 7871.33	 7748.43	  122.91	  201.24	 4102.53	  939.52	 3163.01	  290.57	 7256.61
15:56:55	 7871.33	 7748.06	  123.27	  201.27	 4102.53	  939.52	 3163.01	  290.60	 7256.20
15:56:57	 7871.33	 7748.43	  122.90	  201.53	 4102.53	  939.52	 3163.01	  290.61	 7256.29
15:56:59	 7871.33	 7748.33	  123.00	  201.54	 4102.53	  939.52	 3163.01	  290.63	 7256.16
15:57:01	 7871.33	 7748.68	  122.66	  201.56	 4102.53	  939.52	 3163.01	  290.65	 7256.46
15:57:03	 7871.33	 7749.16	  122.17	  201.82	 4102.53	  939.52	 3163.01	  290.66	 7256.68
15:57:05	 7871.33	 7749.89	  121.45	  201.82	 4102.53	  939.52	 3163.01	  290.68	 7257.38
15:57:07	 7871.33	 7748.80	  122.54	  202.11	 4102.53	  939.52	 3163.01	  290.69	 7256.00
15:57:09	 7871.33	 7750.68	  120.65	  202.13	 4102.53	  939.52	 3163.01	  290.71	 7257.84
15:57:11	 7871.33	 7749.28	  122.05	  202.16	 4102.53	  939.52	 3163.01	  290.73	 7256.39
15:57:13	 7871.33	 7753.61	  117.73	  202.47	 4102.53	  939.52	 3163.01	  290.73	 7260.41
15:57:15	 7871.33	 7749.14	  122.19	  202.48	 4102.53	  939.52	 3163.01	  290.76	 7255.90
15:57:17	 7871.33	 7749.39	  121.95	  202.77	 4102.53	  939.52	 3163.01	  290.78	 7255.84
15:57:19	 7871.33	 7749.75	  121.58	  202.80	 4102.53	  939.52	 3163.01	  290.78	 7256.17
15:57:21	 7871.33	 7749.91	  121.42	  202.82	 4102.53	  939.52	 3163.01	  290.81	 7256.29
15:57:23	 7871.33	 7750.15	  121.18	  203.12	 4102.53	  939.52	 3163.01	  290.80	 7256.23
15:57:25	 7871.33	 7749.52	  121.82	  203.16	 4102.53	  939.52	 3163.01	  290.83	 7255.52
15:57:27	 7871.33	 7750.12	  121.21	  203.44	 4102.53	  939.52	 3163.01	  290.85	 7255.83
15:57:29	 7871.33	 7750.48	  120.86	  203.48	 4102.53	  939.52	 3163.01	  290.86	 7256.14
15:57:31	 7871.33	 7752.12	  119.21	  203.50	 4102.53	  939.52	 3163.01	  290.89	 7257.73
15:57:33	 7871.33	 7750.86	  120.48	  203.77	 4102.53	  939.52	 3163.01	  290.90	 7256.18
15:57:35	 7871.33	 7750.49	  120.84	  203.77	 4102.53	  939.52	 3163.01	  290.92	 7255.80
15:57:37	 7871.33	 7750.84	  120.49	  204.04	 4102.53	  939.52	 3163.01	  290.93	 7255.88
15:57:39	 7871.33	 7750.96	  120.37	  204.06	 4102.53	  939.52	 3163.01	  290.96	 7255.94
15:57:41	 7871.33	 7750.84	  120.49	  204.07	 4102.53	  939.52	 3163.01	  290.98	 7255.79
15:57:43	 7871.33	 7751.60	  119.73	  204.36	 4102.53	  939.52	 3163.01	  290.96	 7256.28
15:57:45	 7871.33	 7751.40	  119.93	  204.36	 4102.53	  939.52	 3163.01	  291.00	 7256.04
15:57:47	 7871.33	 7751.72	  119.61	  204.62	 4102.53	  939.52	 3163.01	  291.03	 7256.07
15:57:49	 7871.33	 7751.93	  119.40	  204.64	 4102.53	  939.52	 3163.01	  291.04	 7256.24
15:57:51	 7871.33	 7752.07	  119.27	  204.67	 4102.53	  939.52	 3163.01	  291.05	 7256.35
15:57:53	 7871.33	 7753.82	  117.51	  204.94	 4102.53	  939.52	 3163.01	  291.05	 7257.83
15:57:55	 7871.33	 7754.20	  117.14	  204.95	 4102.53	  939.52	 3163.01	  291.08	 7258.16
15:57:57	 7871.33	 7752.44	  118.89	  205.22	 4102.53	  939.52	 3163.01	  291.09	 7256.13
15:57:59	 7871.33	 7752.68	  118.65	  205.25	 4102.53	  939.52	 3163.01	  291.11	 7256.33
15:58:01	 7871.33	 7752.55	  118.78	  205.26	 4102.53	  939.52	 3163.01	  291.13	 7256.16
15:58:03	 7871.33	 7753.02	  118.31	  205.53	 4102.53	  939.52	 3163.01	  291.13	 7256.36
15:58:05	 7871.33	 7752.70	  118.64	  205.54	 4102.53	  939.52	 3163.01	  291.16	 7256.00
15:58:07	 7871.33	 7752.94	  118.39	  205.79	 4102.53	  939.52	 3163.01	  291.18	 7255.97
15:58:09	 7871.33	 7753.16	  118.17	  205.83	 4102.53	  939.52	 3163.01	  291.18	 7256.15
15:58:11	 7871.33	 7753.40	  117.93	  205.83	 4102.53	  939.52	 3163.01	  291.21	 7256.36
15:58:13	 7871.33	 7753.41	  117.93	  206.11	 4102.53	  939.52	 3163.01	  291.21	 7256.09
15:58:16	 7871.33	 7756.14	  115.19	  206.12	 4102.53	  939.52	 3163.01	  291.24	 7258.79
15:58:18	 7871.33	 7753.56	  117.77	  206.38	 4102.53	  939.52	 3163.01	  291.26	 7255.92
15:58:20	 7871.33	 7753.56	  117.77	  206.40	 4102.53	  939.52	 3163.01	  291.26	 7255.90
15:58:22	 7871.33	 7754.00	  117.33	  206.66	 4102.53	  939.52	 3163.01	  291.20	 7256.14
15:58:24	 7871.33	 7754.12	  117.21	  206.70	 4102.53	  939.52	 3163.01	  291.29	 7256.13
15:58:26	 7871.33	 7753.75	  117.58	  206.71	 4102.53	  939.52	 3163.01	  291.32	 7255.72
15:58:28	 7871.33	 7757.06	  114.27	  206.97	 4102.53	  939.52	 3163.01	  291.33	 7258.76
15:58:30	 7871.33	 7754.01	  117.32	  206.98	 4102.53	  939.52	 3163.01	  291.37	 7255.66
15:58:32	 7871.33	 7754.62	  116.71	  207.26	 4102.53	  939.52	 3163.01	  291.39	 7255.97
15:58:34	 7871.33	 7754.72	  116.61	  207.28	 4102.53	  939.52	 3163.01	  291.40	 7256.05
15:58:36	 7871.33	 7754.12	  117.21	  207.29	 4102.53	  939.52	 3163.01	  291.41	 7255.42
15:58:38	 7871.33	 7754.59	  116.74	  207.55	 4102.53	  939.52	 3163.01	  291.43	 7255.62
15:58:40	 7871.33	 7745.06	  126.27	  198.04	 4102.53	  939.52	 3163.01	  291.00	 7256.02
15:58:42	 7871.33	 7744.94	  126.39	  198.30	 4102.53	  939.52	 3163.01	  291.01	 7255.63
15:58:44	 7871.33	 7745.42	  125.91	  198.32	 4102.53	  939.52	 3163.01	  291.02	 7256.08
15:58:46	 7871.33	 7744.91	  126.43	  198.35	 4102.53	  939.52	 3163.01	  291.04	 7255.52
15:58:48	 7871.33	 7745.27	  126.06	  198.63	 4102.53	  939.52	 3163.01	  291.05	 7255.59
15:58:50	 7871.33	 7745.52	  125.81	  198.66	 4102.53	  939.52	 3163.01	  291.06	 7255.80
15:58:52	 7871.33	 7746.16	  125.18	  198.95	 4102.53	  939.52	 3163.01	  291.08	 7256.12
15:58:54	 7871.33	 7746.27	  125.06	  198.97	 4102.53	  939.52	 3163.01	  291.10	 7256.20
15:58:56	 7871.33	 7745.42	  125.91	  199.00	 4102.53	  939.52	 3163.01	  291.11	 7255.32
15:58:58	 7871.33	 7746.24	  125.09	  199.25	 4102.53	  939.52	 3163.01	  291.12	 7255.86
15:59:00	 7871.33	 7748.50	  122.84	  199.27	 4102.53	  939.52	 3163.01	  291.14	 7258.09
15:59:02	 7871.33	 7747.97	  123.36	  199.54	 4102.53	  939.52	 3163.01	  291.18	 7257.26
15:59:04	 7871.33	 7746.75	  124.58	  199.55	 4102.53	  939.52	 3163.01	  291.20	 7256.01
15:59:06	 7871.33	 7746.27	  125.06	  199.58	 4102.53	  939.52	 3163.01	  291.20	 7255.49
15:59:08	 7871.33	 7746.63	  124.70	  199.84	 4102.53	  939.52	 3163.01	  291.22	 7255.57
15:59:10	 7871.33	 7746.84	  124.49	  199.88	 4102.53	  939.52	 3163.01	  291.24	 7255.73
15:59:12	 7871.33	 7747.09	  124.25	  200.14	 4102.53	  939.52	 3163.01	  291.25	 7255.69
15:59:14	 7871.33	 7747.24	  124.09	  200.15	 4102.53	  939.52	 3163.01	  291.28	 7255.81
15:59:16	 7871.33	 7747.00	  124.33	  200.17	 4102.53	  939.52	 3163.01	  291.29	 7255.55
15:59:18	 7871.33	 7747.58	  123.75	  200.45	 4102.53	  939.52	 3163.01	  291.30	 7255.82
15:59:20	 7871.33	 7747.82	  123.51	  200.46	 4102.53	  939.52	 3163.01	  291.32	 7256.04
15:59:22	 7871.33	 7747.99	  123.34	  200.74	 4102.53	  939.52	 3163.01	  291.34	 7255.91
15:59:24	 7871.33	 7749.44	  121.89	  200.75	 4102.53	  939.52	 3163.01	  291.36	 7257.34
15:59:26	 7871.33	 7747.49	  123.84	  200.77	 4102.53	  939.52	 3163.01	  291.37	 7255.35
15:59:28	 7871.33	 7748.21	  123.12	  201.06	 4102.53	  939.52	 3163.01	  291.38	 7255.77
15:59:30	 7871.33	 7748.18	  123.15	  201.08	 4102.53	  939.52	 3163.01	  291.41	 7255.70
15:59:32	 7871.33	 7750.83	  120.50	  201.36	 4102.53	  939.52	 3163.01	  291.41	 7258.05
15:59:34	 7871.33	 7748.80	  122.53	  201.40	 4102.53	  939.52	 3163.01	  291.77	 7255.63
15:59:36	 7871.33	 7750.30	  121.04	  201.42	 4102.53	  939.52	 3163.01	  291.82	 7257.06
15:59:38	 7871.33	 7749.43	  121.91	  201.70	 4102.53	  939.52	 3163.01	  291.83	 7255.90
15:59:40	 7871.33	 7749.67	  121.66	  201.75	 4102.53	  939.52	 3163.01	  291.83	 7256.09
15:59:42	 7871.33	 7750.02	  121.31	  202.03	 4102.53	  939.52	 3163.01	  291.85	 7256.14
15:59:44	 7871.33	 7749.88	  121.45	  202.06	 4102.53	  939.52	 3163.01	  291.88	 7255.95
15:59:46	 7871.33	 7749.63	  121.70	  202.08	 4102.53	  939.52	 3163.01	  291.88	 7255.67
15:59:48	 7871.33	 7749.93	  121.41	  202.36	 4102.53	  939.52	 3163.01	  291.89	 7255.68
15:59:50	 7871.33	 7750.39	  120.95	  202.38	 4102.53	  939.52	 3163.01	  291.91	 7256.09
15:59:52	 7871.33	 7750.63	  120.70	  202.64	 4102.53	  939.52	 3163.01	  291.94	 7256.05
15:59:54	 7871.33	 7750.27	  121.07	  202.68	 4102.53	  939.52	 3163.01	  291.95	 7255.64
15:59:56	 7871.33	 7750.13	  121.20	  202.71	 4102.53	  939.52	 3163.01	  291.96	 7255.46
15:59:58	 7871.33	 7751.72	  119.61	  202.98	 4102.53	  939.52	 3163.01	  291.98	 7256.76
16:00:00	 7871.33	 7751.25	  120.08	  203.01	 4102.53	  939.52	 3163.01	  292.01	 7256.23
16:00:02	 7871.33	 7751.37	  119.96	  203.29	 4102.53	  939.52	 3163.01	  292.02	 7256.06
16:00:04	 7871.33	 7754.45	  116.89	  203.33	 4102.53	  939.52	 3163.01	  292.03	 7259.09
16:00:06	 7871.33	 7750.10	  121.23	  203.36	 4102.53	  939.52	 3163.01	  292.06	 7254.68
16:00:08	 7871.33	 7751.34	  119.99	  203.63	 4102.53	  939.52	 3163.01	  292.07	 7255.63
16:00:10	 7871.33	 7751.23	  120.11	  203.68	 4102.53	  939.52	 3163.01	  292.09	 7255.46
16:00:12	 7871.33	 7751.72	  119.61	  203.95	 4102.53	  939.52	 3163.01	  292.11	 7255.66
16:00:14	 7871.33	 7751.72	  119.61	  203.98	 4102.53	  939.52	 3163.01	  292.12	 7255.61
16:00:16	 7871.33	 7751.82	  119.52	  204.01	 4102.53	  939.52	 3163.01	  292.14	 7255.67
16:00:18	 7871.33	 7752.31	  119.02	  204.31	 4102.53	  939.52	 3163.01	  292.12	 7255.88
16:00:20	 7871.33	 7752.67	  118.66	  204.35	 4102.53	  939.52	 3163.01	  292.16	 7256.17
16:00:22	 7871.33	 7753.04	  118.29	  204.60	 4102.53	  939.52	 3163.01	  292.18	 7256.26
16:00:24	 7871.33	 7752.80	  118.53	  204.62	 4102.53	  939.52	 3163.01	  292.20	 7255.98
16:00:26	 7871.33	 7752.67	  118.66	  204.63	 4102.53	  939.52	 3163.01	  292.21	 7255.82
16:00:28	 7871.33	 7753.14	  118.19	  204.88	 4102.53	  939.52	 3163.01	  292.23	 7256.02
16:00:30	 7871.33	 7753.27	  118.06	  204.91	 4102.53	  939.52	 3163.01	  292.24	 7256.12
16:00:32	 7871.33	 7753.83	  117.50	  205.17	 4102.53	  939.52	 3163.01	  292.26	 7256.40
16:00:34	 7871.33	 7752.93	  118.40	  205.19	 4102.53	  939.52	 3163.01	  292.27	 7255.47
16:00:36	 7871.33	 7753.46	  117.87	  205.22	 4102.53	  939.52	 3163.01	  292.29	 7255.95
16:00:38	 7871.33	 7753.54	  117.80	  205.48	 4102.53	  939.52	 3163.01	  292.30	 7255.76
16:00:40	 7871.33	 7753.87	  117.46	  205.49	 4102.53	  939.52	 3163.01	  292.33	 7256.05
16:00:42	 7871.33	 7754.25	  117.08	  205.78	 4102.53	  939.52	 3163.01	  292.35	 7256.12
16:00:44	 7871.33	 7753.77	  117.56	  205.79	 4102.53	  939.52	 3163.01	  292.39	 7255.59
16:00:46	 7871.33	 7755.67	  115.66	  205.80	 4102.53	  939.52	 3163.01	  292.39	 7257.47
16:00:48	 7871.33	 7754.14	  117.19	  206.07	 4102.53	  939.52	 3163.01	  292.41	 7255.65
16:00:50	 7871.33	 7754.38	  116.96	  206.11	 4102.53	  939.52	 3163.01	  292.41	 7255.86
16:00:52	 7871.33	 7754.84	  116.49	  206.37	 4102.53	  939.52	 3163.01	  292.45	 7256.02
16:00:54	 7871.33	 7754.13	  117.20	  206.39	 4102.53	  939.52	 3163.01	  292.46	 7255.28
16:00:56	 7871.33	 7754.74	  116.59	  206.41	 4102.53	  939.52	 3163.01	  292.48	 7255.85
16:00:58	 7871.33	 7755.11	  116.22	  206.70	 4102.53	  939.52	 3163.01	  292.48	 7255.93
16:01:01	 7871.33	 7755.23	  116.10	  206.70	 4102.53	  939.52	 3163.01	  292.51	 7256.02
16:01:03	 7871.33	 7755.60	  115.73	  206.97	 4102.53	  939.52	 3163.01	  292.52	 7256.11
16:01:05	 7871.33	 7755.34	  115.99	  206.99	 4102.53	  939.52	 3163.01	  292.54	 7255.82
16:01:07	 7871.33	 7756.57	  114.76	  207.27	 4102.53	  939.52	 3163.01	  292.46	 7256.85
16:01:09	 7871.33	 7756.01	  115.32	  207.28	 4102.53	  939.52	 3163.01	  292.57	 7256.16
16:01:11	 7871.33	 7755.95	  115.38	  207.29	 4102.53	  939.52	 3163.01	  292.59	 7256.07
16:01:13	 7871.33	 7756.30	  115.03	  207.55	 4102.53	  939.52	 3163.01	  292.60	 7256.15
16:01:15	 7871.33	 7756.18	  115.16	  207.57	 4102.53	  939.52	 3163.01	  292.64	 7255.97
16:01:17	 7871.33	 7756.05	  115.28	  207.84	 4102.53	  939.52	 3163.01	  292.65	 7255.56
16:01:19	 7871.33	 7760.25	  111.08	  207.87	 4102.53	  939.52	 3163.01	  292.67	 7259.71
16:01:21	 7871.33	 7746.87	  124.46	  198.50	 4102.53	  939.52	 3163.01	  291.89	 7256.48
16:01:23	 7871.33	 7747.09	  124.24	  198.78	 4102.53	  939.52	 3163.01	  291.90	 7256.41
16:01:25	 7871.33	 7746.85	  124.48	  198.80	 4102.53	  939.52	 3163.01	  291.93	 7256.12
16:01:27	 7871.33	 7747.09	  124.24	  199.07	 4102.53	  939.52	 3163.01	  291.95	 7256.07
16:01:29	 7871.33	 7747.46	  123.88	  199.10	 4102.53	  939.52	 3163.01	  291.96	 7256.40
16:01:31	 7871.33	 7747.75	  123.58	  199.12	 4102.53	  939.52	 3163.01	  291.98	 7256.66
16:01:33	 7871.33	 7748.22	  123.11	  199.39	 4102.53	  939.52	 3163.01	  291.98	 7256.84
16:01:35	 7871.33	 7747.21	  124.12	  199.43	 4102.53	  939.52	 3163.01	  292.00	 7255.79
16:01:37	 7871.33	 7747.82	  123.51	  199.68	 4102.53	  939.52	 3163.01	  292.02	 7256.12
16:01:39	 7871.33	 7748.18	  123.15	  199.71	 4102.53	  939.52	 3163.01	  292.04	 7256.43
16:01:41	 7871.33	 7751.63	  119.70	  199.73	 4102.53	  939.52	 3163.01	  292.04	 7259.85
16:01:43	 7871.33	 7748.57	  122.76	  200.00	 4102.53	  939.52	 3163.01	  292.07	 7256.50
16:01:45	 7871.33	 7748.32	  123.01	  200.01	 4102.53	  939.52	 3163.01	  292.09	 7256.22
16:01:47	 7871.33	 7748.55	  122.79	  200.28	 4102.53	  939.52	 3163.01	  292.11	 7256.16
16:01:49	 7871.33	 7748.55	  122.79	  200.30	 4102.53	  939.52	 3163.01	  292.27	 7255.98
16:01:51	 7871.33	 7748.79	  122.54	  200.33	 4102.53	  939.52	 3163.01	  292.27	 7256.19
16:01:53	 7871.33	 7752.11	  119.22	  200.59	 4102.53	  939.52	 3163.01	  292.30	 7259.23
16:01:55	 7871.33	 7748.93	  122.41	  200.61	 4102.53	  939.52	 3163.01	  292.31	 7256.01
16:01:57	 7871.33	 7748.93	  122.41	  200.91	 4102.53	  939.52	 3163.01	  292.31	 7255.71
16:01:59	 7871.33	 7749.15	  122.18	  200.94	 4102.53	  939.52	 3163.01	  292.33	 7255.89
16:02:01	 7871.33	 7749.52	  121.82	  200.96	 4102.53	  939.52	 3163.01	  292.35	 7256.20
16:02:03	 7871.33	 7750.24	  121.09	  201.25	 4102.53	  939.52	 3163.01	  292.36	 7256.63
16:02:05	 7871.33	 7749.41	  121.92	  201.26	 4102.53	  939.52	 3163.01	  292.39	 7255.76
16:02:07	 7871.33	 7749.65	  121.68	  201.54	 4102.53	  939.52	 3163.01	  292.40	 7255.71
16:02:09	 7871.33	 7750.14	  121.20	  201.56	 4102.53	  939.52	 3163.01	  292.42	 7256.15
16:02:11	 7871.33	 7750.00	  121.33	  201.59	 4102.53	  939.52	 3163.01	  292.43	 7255.98
16:02:13	 7871.33	 7750.89	  120.44	  201.85	 4102.53	  939.52	 3163.01	  292.45	 7256.59
16:02:15	 7871.33	 7750.64	  120.70	  201.88	 4102.53	  939.52	 3163.01	  292.48	 7256.28
16:02:17	 7871.33	 7750.38	  120.95	  202.19	 4102.53	  939.52	 3163.01	  292.48	 7255.70
16:02:19	 7871.33	 7750.86	  120.47	  202.22	 4102.53	  939.52	 3163.01	  292.50	 7256.14
16:02:21	 7871.33	 7751.11	  120.23	  202.23	 4102.53	  939.52	 3163.01	  292.52	 7256.36
16:02:23	 7871.33	 7753.60	  117.73	  202.51	 4102.53	  939.52	 3163.01	  292.52	 7258.57
16:02:25	 7871.33	 7750.73	  120.61	  202.52	 4102.53	  939.52	 3163.01	  292.55	 7255.65
16:02:27	 7871.33	 7754.21	  117.12	  202.79	 4102.53	  939.52	 3163.01	  292.57	 7258.85
16:02:29	 7871.33	 7751.61	  119.73	  202.82	 4102.53	  939.52	 3163.01	  292.58	 7256.20
16:02:31	 7871.33	 7751.73	  119.60	  202.84	 4102.53	  939.52	 3163.01	  292.60	 7256.30
16:02:33	 7871.33	 7752.10	  119.23	  203.11	 4102.53	  939.52	 3163.01	  292.61	 7256.37
16:02:35	 7871.33	 7751.58	  119.75	  203.12	 4102.53	  939.52	 3163.01	  292.64	 7255.83
16:02:37	 7871.33	 7752.18	  119.15	  203.39	 4102.53	  939.52	 3163.01	  292.64	 7256.15
16:02:39	 7871.33	 7752.46	  118.87	  203.42	 4102.53	  939.52	 3163.01	  292.66	 7256.38
16:02:41	 7871.33	 7752.56	  118.77	  203.43	 4102.53	  939.52	 3163.01	  292.68	 7256.45
16:02:43	 7871.33	 7755.79	  115.55	  203.71	 4102.53	  939.52	 3163.01	  292.68	 7259.40
16:02:45	 7871.33	 7752.59	  118.74	  203.72	 4102.53	  939.52	 3163.01	  292.70	 7256.16
16:02:47	 7871.33	 7752.56	  118.77	  203.97	 4102.53	  939.52	 3163.01	  292.73	 7255.86
16:02:49	 7871.33	 7753.16	  118.17	  203.99	 4102.53	  939.52	 3163.01	  292.74	 7256.44
16:02:51	 7871.33	 7753.18	  118.15	  204.01	 4102.53	  939.52	 3163.01	  292.75	 7256.42
16:02:53	 7871.33	 7753.30	  118.03	  204.27	 4102.53	  939.52	 3163.01	  292.77	 7256.27
16:02:55	 7871.33	 7755.41	  115.93	  204.28	 4102.53	  939.52	 3163.01	  292.79	 7258.34
16:02:57	 7871.33	 7753.16	  118.17	  204.53	 4102.53	  939.52	 3163.01	  292.81	 7255.82
16:02:59	 7871.33	 7753.63	  117.70	  204.56	 4102.53	  939.52	 3163.01	  292.83	 7256.24
16:03:01	 7871.33	 7755.12	  116.21	  204.59	 4102.53	  939.52	 3163.01	  292.84	 7257.70
16:03:03	 7871.33	 7754.04	  117.30	  204.84	 4102.53	  939.52	 3163.01	  292.86	 7256.34
16:03:05	 7871.33	 7753.31	  118.02	  204.86	 4102.53	  939.52	 3163.01	  292.88	 7255.57
16:03:07	 7871.33	 7754.01	  117.32	  205.13	 4102.53	  939.52	 3163.01	  292.88	 7256.00
16:03:09	 7871.33	 7754.37	  116.96	  205.14	 4102.53	  939.52	 3163.01	  292.89	 7256.33
16:03:11	 7871.33	 7754.85	  116.48	  205.16	 4102.53	  939.52	 3163.01	  292.91	 7256.78
16:03:13	 7871.33	 7754.63	  116.70	  205.44	 4102.53	  939.52	 3163.01	  292.94	 7256.25
16:03:15	 7871.33	 7754.16	  117.18	  205.47	 4102.53	  939.52	 3163.01	  292.95	 7255.73
16:03:17	 7871.33	 7754.81	  116.52	  205.74	 4102.53	  939.52	 3163.01	  292.96	 7256.10
16:03:19	 7871.33	 7754.73	  116.60	  205.77	 4102.53	  939.52	 3163.01	  292.99	 7255.98
16:03:21	 7871.33	 7754.96	  116.37	  205.79	 4102.53	  939.52	 3163.01	  293.00	 7256.18
16:03:23	 7871.33	 7755.50	  115.84	  206.09	 4102.53	  939.52	 3163.01	  293.00	 7256.41
16:03:25	 7871.33	 7754.63	  116.70	  206.11	 4102.53	  939.52	 3163.01	  293.03	 7255.50
16:03:27	 7871.33	 7756.38	  114.96	  206.39	 4102.53	  939.52	 3163.01	  293.03	 7256.95
16:03:29	 7871.33	 7754.88	  116.46	  206.43	 4102.53	  939.52	 3163.01	  293.06	 7255.38
16:03:31	 7871.33	 7755.34	  115.99	  206.44	 4102.53	  939.52	 3163.01	  293.07	 7255.83
16:03:33	 7871.33	 7755.57	  115.76	  206.76	 4102.53	  939.52	 3163.01	  293.07	 7255.75
16:03:35	 7871.33	 7757.96	  113.38	  206.81	 4102.53	  939.52	 3163.01	  293.09	 7258.05
16:03:37	 7871.33	 7755.74	  115.59	  207.09	 4102.53	  939.52	 3163.01	  293.12	 7255.53
16:03:39	 7871.33	 7755.96	  115.37	  207.12	 4102.53	  939.52	 3163.01	  293.15	 7255.69
16:03:41	 7871.33	 7756.07	  115.26	  207.14	 4102.53	  939.52	 3163.01	  293.17	 7255.77
16:03:43	 7871.33	 7756.66	  114.67	  207.43	 4102.53	  939.52	 3163.01	  293.16	 7256.07
16:03:45	 7871.33	 7756.18	  115.15	  207.46	 4102.53	  939.52	 3163.01	  293.18	 7255.54
16:03:48	 7871.33	 7756.82	  114.51	  207.75	 4102.53	  939.52	 3163.01	  293.20	 7255.88
16:03:50	 7871.33	 7756.84	  114.50	  207.80	 4102.53	  939.52	 3163.01	  293.21	 7255.83
16:03:52	 7871.33	 7757.68	  113.66	  208.08	 4102.53	  939.52	 3163.01	  293.16	 7256.44
16:03:54	 7871.33	 7757.27	  114.06	  208.10	 4102.53	  939.52	 3163.01	  293.25	 7255.92
16:03:56	 7871.33	 7756.90	  114.43	  208.13	 4102.53	  939.52	 3163.01	  293.27	 7255.50
16:03:58	 7871.33	 7757.53	  113.80	  208.38	 4102.53	  939.52	 3163.01	  293.29	 7255.86
16:04:00	 7871.33	 7751.84	  119.49	  199.05	 4102.53	  939.52	 3163.01	  293.16	 7259.63
16:04:02	 7871.33	 7748.58	  122.75	  199.32	 4102.53	  939.52	 3163.01	  293.18	 7256.07
16:04:04	 7871.33	 7748.67	  122.66	  199.34	 4102.53	  939.52	 3163.01	  293.20	 7256.12
16:04:06	 7871.33	 7748.44	  122.89	  199.37	 4102.53	  939.52	 3163.01	  293.23	 7255.84
16:04:08	 7871.33	 7748.80	  122.53	  199.63	 4102.53	  939.52	 3163.01	  293.24	 7255.93
16:04:10	 7871.33	 7749.05	  122.29	  199.66	 4102.53	  939.52	 3163.01	  293.26	 7256.12
16:04:12	 7871.33	 7749.79	  121.54	  199.93	 4102.53	  939.52	 3163.01	  293.27	 7256.59
16:04:14	 7871.33	 7749.58	  121.75	  199.94	 4102.53	  939.52	 3163.01	  293.29	 7256.36
16:04:16	 7871.33	 7749.30	  122.03	  199.97	 4102.53	  939.52	 3163.01	  293.30	 7256.04
16:04:18	 7871.33	 7749.63	  121.70	  200.24	 4102.53	  939.52	 3163.01	  293.31	 7256.08
16:04:20	 7871.33	 7749.99	  121.34	  200.26	 4102.53	  939.52	 3163.01	  293.34	 7256.40
16:04:22	 7871.33	 7750.25	  121.08	  200.51	 4102.53	  939.52	 3163.01	  293.36	 7256.38
16:04:24	 7871.33	 7750.61	  120.72	  200.52	 4102.53	  939.52	 3163.01	  293.38	 7256.71
16:04:26	 7871.33	 7750.01	  121.32	  200.56	 4102.53	  939.52	 3163.01	  293.39	 7256.06
16:04:28	 7871.33	 7750.49	  120.84	  200.82	 4102.53	  939.52	 3163.01	  293.41	 7256.26
16:04:30	 7871.33	 7750.60	  120.73	  200.84	 4102.53	  939.52	 3163.01	  293.42	 7256.34
16:04:32	 7871.33	 7754.36	  116.97	  201.12	 4102.53	  939.52	 3163.01	  293.44	 7259.80
16:04:34	 7871.33	 7753.46	  117.87	  201.13	 4102.53	  939.52	 3163.01	  293.46	 7258.87
16:04:36	 7871.33	 7750.49	  120.84	  201.16	 4102.53	  939.52	 3163.01	  293.48	 7255.86
16:04:38	 7871.33	 7750.98	  120.36	  201.43	 4102.53	  939.52	 3163.01	  293.48	 7256.07
16:04:40	 7871.33	 7751.11	  120.22	  201.44	 4102.53	  939.52	 3163.01	  293.50	 7256.18
16:04:42	 7871.33	 7751.57	  119.76	  201.72	 4102.53	  939.52	 3163.01	  293.51	 7256.34
16:04:44	 7871.33	 7751.57	  119.76	  201.74	 4102.53	  939.52	 3163.01	  293.52	 7256.31
16:04:46	 7871.33	 7751.08	  120.25	  201.75	 4102.53	  939.52	 3163.01	  293.55	 7255.78
16:04:48	 7871.33	 7751.71	  119.62	  202.03	 4102.53	  939.52	 3163.01	  293.56	 7256.12
16:04:50	 7871.33	 7752.30	  119.03	  202.03	 4102.53	  939.52	 3163.01	  293.59	 7256.68
16:04:52	 7871.33	 7751.81	  119.52	  202.32	 4102.53	  939.52	 3163.01	  293.60	 7255.89
16:04:54	 7871.33	 7752.32	  119.01	  202.33	 4102.53	  939.52	 3163.01	  293.62	 7256.38
16:04:56	 7871.33	 7752.69	  118.64	  202.35	 4102.53	  939.52	 3163.01	  293.64	 7256.70
16:04:58	 7871.33	 7752.32	  119.01	  202.63	 4102.53	  939.52	 3163.01	  293.63	 7256.06
16:05:00	 7871.33	 7752.45	  118.89	  202.66	 4102.53	  939.52	 3163.01	  293.66	 7256.13
16:05:02	 7871.33	 7752.54	  118.80	  202.92	 4102.53	  939.52	 3163.01	  293.68	 7255.94
16:05:04	 7871.33	 7756.38	  114.96	  202.95	 4102.53	  939.52	 3163.01	  293.69	 7259.73
16:05:06	 7871.33	 7752.05	  119.28	  202.98	 4102.53	  939.52	 3163.01	  293.70	 7255.37
16:05:08	 7871.33	 7752.67	  118.66	  203.28	 4102.53	  939.52	 3163.01	  293.73	 7255.67
16:05:10	 7871.33	 7752.82	  118.52	  203.31	 4102.53	  939.52	 3163.01	  293.73	 7255.77
16:05:12	 7871.33	 7752.91	  118.42	  203.59	 4102.53	  939.52	 3163.01	  293.77	 7255.56
16:05:14	 7871.33	 7753.14	  118.19	  203.60	 4102.53	  939.52	 3163.01	  293.77	 7255.77
16:05:16	 7871.33	 7752.66	  118.67	  203.62	 4102.53	  939.52	 3163.01	  293.79	 7255.25
16:05:18	 7871.33	 7753.39	  117.94	  203.89	 4102.53	  939.52	 3163.01	  293.80	 7255.70
16:05:20	 7871.33	 7753.54	  117.80	  203.90	 4102.53	  939.52	 3163.01	  293.82	 7255.82
16:05:22	 7871.33	 7754.39	  116.94	  204.20	 4102.53	  939.52	 3163.01	  293.83	 7256.36
16:05:24	 7871.33	 7754.25	  117.08	  204.21	 4102.53	  939.52	 3163.01	  293.85	 7256.19
16:05:26	 7871.33	 7754.12	  117.21	  204.24	 4102.53	  939.52	 3163.01	  293.88	 7256.00
16:05:28	 7871.33	 7754.34	  116.99	  204.53	 4102.53	  939.52	 3163.01	  293.88	 7255.93
16:05:30	 7871.33	 7754.62	  116.71	  204.56	 4102.53	  939.52	 3163.01	  293.90	 7256.16
16:05:32	 7871.33	 7754.74	  116.59	  204.84	 4102.53	  939.52	 3163.01	  293.91	 7255.99
16:05:34	 7871.33	 7754.86	  116.47	  204.86	 4102.53	  939.52	 3163.01	  293.93	 7256.08
16:05:36	 7871.33	 7757.96	  113.38	  204.87	 4102.53	  939.52	 3163.01	  293.95	 7259.14
16:05:38	 7871.33	 7754.95	  116.38	  205.14	 4102.53	  939.52	 3163.01	  293.96	 7255.85
16:05:40	 7871.33	 7756.18	  115.16	  205.17	 4102.53	  939.52	 3163.01	  293.98	 7257.03
16:05:42	 7871.33	 7755.81	  115.52	  205.44	 4102.53	  939.52	 3163.01	  293.99	 7256.38
16:05:44	 7871.33	 7755.21	  116.12	  205.46	 4102.53	  939.52	 3163.01	  294.01	 7255.73
16:05:46	 7871.33	 7755.21	  116.12	  205.48	 4102.53	  939.52	 3163.01	  294.02	 7255.71
16:05:48	 7871.33	 7756.04	  115.29	  205.78	 4102.53	  939.52	 3163.01	  294.03	 7256.23
16:05:50	 7871.33	 7756.04	  115.29	  205.82	 4102.53	  939.52	 3163.01	  294.05	 7256.17
16:05:52	 7871.33	 7756.67	  114.66	  206.12	 4102.53	  939.52	 3163.01	  294.07	 7256.48
16:05:54	 7871.33	 7755.93	  115.40	  206.15	 4102.53	  939.52	 3163.01	  294.09	 7255.69
16:05:56	 7871.33	 7755.81	  115.52	  206.18	 4102.53	  939.52	 3163.01	  294.09	 7255.54
16:05:58	 7871.33	 7756.30	  115.04	  206.48	 4102.53	  939.52	 3163.01	  294.11	 7255.71
16:06:00	 7871.33	 7756.78	  114.55	  206.49	 4102.53	  939.52	 3163.01	  294.14	 7256.15
16:06:02	 7871.33	 7758.24	  113.09	  206.79	 4102.53	  939.52	 3163.01	  294.15	 7257.30
16:06:04	 7871.33	 7756.90	  114.43	  206.83	 4102.53	  939.52	 3163.01	  294.17	 7255.91
16:06:06	 7871.33	 7756.90	  114.43	  206.87	 4102.53	  939.52	 3163.01	  294.17	 7255.86
16:06:08	 7871.33	 7761.33	  110.00	  207.14	 4102.53	  939.52	 3163.01	  294.20	 7260.00
16:06:10	 7871.33	 7757.49	  113.84	  207.17	 4102.53	  939.52	 3163.01	  294.21	 7256.11
16:06:12	 7871.33	 7757.74	  113.59	  207.45	 4102.53	  939.52	 3163.01	  294.24	 7256.05
16:06:14	 7871.33	 7756.82	  114.51	  207.46	 4102.53	  939.52	 3163.01	  294.25	 7255.11
16:06:16	 7871.33	 7757.42	  113.91	  207.50	 4102.53	  939.52	 3163.01	  294.24	 7255.68
16:06:18	 7871.33	 7757.67	  113.66	  207.78	 4102.53	  939.52	 3163.01	  294.27	 7255.62
16:06:20	 7871.33	 7748.07	  123.26	  198.27	 4102.53	  939.52	 3163.01	  294.09	 7255.71
16:06:22	 7871.33	 7748.54	  122.79	  198.55	 4102.53	  939.52	 3163.01	  294.10	 7255.89
16:06:24	 7871.33	 7749.52	  121.81	  198.58	 4102.53	  939.52	 3163.01	  294.12	 7256.82
16:06:26	 7871.33	 7748.82	  122.51	  198.62	 4102.53	  939.52	 3163.01	  294.14	 7256.06
16:06:28	 7871.33	 7748.91	  122.42	  198.90	 4102.53	  939.52	 3163.01	  294.16	 7255.85
16:06:30	 7871.33	 7749.15	  122.18	  198.92	 4102.53	  939.52	 3163.01	  294.19	 7256.04
16:06:32	 7871.33	 7749.61	  121.72	  199.18	 4102.53	  939.52	 3163.01	  294.21	 7256.22
16:06:34	 7871.33	 7749.37	  121.96	  199.21	 4102.53	  939.52	 3163.01	  294.22	 7255.94
16:06:37	 7871.33	 7750.00	  121.33	  199.49	 4102.53	  939.52	 3163.01	  294.16	 7256.35
16:06:39	 7871.33	 7749.87	  121.46	  199.51	 4102.53	  939.52	 3163.01	  294.25	 7256.11
16:06:41	 7871.33	 7750.28	  121.05	  199.53	 4102.53	  939.52	 3163.01	  294.27	 7256.49
16:06:43	 7871.33	 7750.23	  121.10	  199.81	 4102.53	  939.52	 3163.01	  294.29	 7256.14
16:06:45	 7871.33	 7749.98	  121.36	  199.84	 4102.53	  939.52	 3163.01	  294.30	 7255.84
16:06:47	 7871.33	 7750.11	  121.23	  200.12	 4102.53	  939.52	 3163.01	  294.23	 7255.75
16:06:49	 7871.33	 7750.48	  120.86	  200.16	 4102.53	  939.52	 3163.01	  294.32	 7256.00
16:06:51	 7871.33	 7751.99	  119.34	  200.17	 4102.53	  939.52	 3163.01	  294.36	 7257.46
16:06:53	 7871.33	 7750.84	  120.49	  200.42	 4102.53	  939.52	 3163.01	  294.38	 7256.04
16:06:55	 7871.33	 7750.47	  120.86	  200.45	 4102.53	  939.52	 3163.01	  294.39	 7255.63
16:06:57	 7871.33	 7750.83	  120.50	  200.72	 4102.53	  939.52	 3163.01	  294.41	 7255.70
16:06:59	 7871.33	 7751.47	  119.86	  200.75	 4102.53	  939.52	 3163.01	  294.43	 7256.29
16:07:01	 7871.33	 7751.35	  119.98	  200.76	 4102.53	  939.52	 3163.01	  294.45	 7256.14
16:07:03	 7871.33	 7751.80	  119.53	  201.03	 4102.53	  939.52	 3163.01	  294.46	 7256.31
16:07:05	 7871.33	 7751.32	  120.02	  201.04	 4102.53	  939.52	 3163.01	  294.48	 7255.80
16:07:07	 7871.33	 7751.70	  119.63	  201.31	 4102.53	  939.52	 3163.01	  294.49	 7255.91
16:07:09	 7871.33	 7751.82	  119.52	  201.33	 4102.53	  939.52	 3163.01	  294.51	 7255.97
16:07:11	 7871.33	 7752.18	  119.15	  201.34	 4102.53	  939.52	 3163.01	  294.52	 7256.32
16:07:13	 7871.33	 7752.42	  118.91	  201.61	 4102.53	  939.52	 3163.01	  294.55	 7256.27
16:07:15	 7871.33	 7752.04	  119.29	  201.64	 4102.53	  939.52	 3163.01	  294.57	 7255.84
16:07:17	 7871.33	 7752.16	  119.17	  201.91	 4102.53	  939.52	 3163.01	  294.57	 7255.68
16:07:19	 7871.33	 7752.64	  118.69	  201.94	 4102.53	  939.52	 3163.01	  294.59	 7256.11
16:07:21	 7871.33	 7753.05	  118.28	  201.97	 4102.53	  939.52	 3163.01	  294.61	 7256.47
16:07:23	 7871.33	 7756.87	  114.46	  202.25	 4102.53	  939.52	 3163.01	  294.63	 7259.98
16:07:25	 7871.33	 7752.30	  119.03	  202.27	 4102.53	  939.52	 3163.01	  294.64	 7255.39
16:07:27	 7871.33	 7752.77	  118.56	  202.55	 4102.53	  939.52	 3163.01	  294.66	 7255.57
16:07:29	 7871.33	 7753.26	  118.07	  202.57	 4102.53	  939.52	 3163.01	  294.68	 7256.01
16:07:31	 7871.33	 7753.15	  118.18	  202.60	 4102.53	  939.52	 3163.01	  294.69	 7255.86
16:07:33	 7871.33	 7753.76	  117.57	  202.88	 4102.53	  939.52	 3163.01	  294.71	 7256.18
16:07:35	 7871.33	 7753.40	  117.93	  202.90	 4102.53	  939.52	 3163.01	  294.72	 7255.78
16:07:37	 7871.33	 7754.00	  117.33	  203.20	 4102.53	  939.52	 3163.01	  294.74	 7256.06
16:07:39	 7871.33	 7754.21	  117.12	  203.22	 4102.53	  939.52	 3163.01	  294.75	 7256.24
16:07:41	 7871.33	 7753.97	  117.36	  203.25	 4102.53	  939.52	 3163.01	  294.77	 7255.95
16:07:43	 7871.33	 7755.94	  115.39	  203.53	 4102.53	  939.52	 3163.01	  294.78	 7257.63
16:07:45	 7871.33	 7754.12	  117.21	  203.55	 4102.53	  939.52	 3163.01	  294.81	 7255.77
16:07:47	 7871.33	 7754.49	  116.84	  203.80	 4102.53	  939.52	 3163.01	  294.81	 7255.87
16:07:49	 7871.33	 7754.73	  116.60	  203.84	 4102.53	  939.52	 3163.01	  294.82	 7256.07
16:07:51	 7871.33	 7754.94	  116.39	  203.86	 4102.53	  939.52	 3163.01	  294.85	 7256.23
16:07:53	 7871.33	 7755.45	  115.88	  204.15	 4102.53	  939.52	 3163.01	  294.85	 7256.45
16:07:55	 7871.33	 7749.74	  121.59	  195.31	 4102.53	  939.52	 3163.01	  294.49	 7259.94
16:07:57	 7871.33	 7746.52	  124.81	  195.58	 4102.53	  939.52	 3163.01	  294.51	 7256.43
16:07:59	 7871.33	 7746.38	  124.96	  195.62	 4102.53	  939.52	 3163.01	  294.52	 7256.23
16:08:01	 7871.33	 7746.62	  124.71	  195.64	 4102.53	  939.52	 3163.01	  294.54	 7256.43
16:08:03	 7871.33	 7746.75	  124.59	  195.91	 4102.53	  939.52	 3163.01	  294.55	 7256.29
16:08:05	 7871.33	 7747.22	  124.11	  195.95	 4102.53	  939.52	 3163.01	  294.57	 7256.70
16:08:07	 7871.33	 7746.88	  124.45	  196.22	 4102.53	  939.52	 3163.01	  294.60	 7256.07
16:08:09	 7871.33	 7747.13	  124.20	  196.25	 4102.53	  939.52	 3163.01	  294.60	 7256.28
16:08:11	 7871.33	 7747.11	  124.22	  196.29	 4102.53	  939.52	 3163.01	  294.61	 7256.21
16:08:13	 7871.33	 7748.09	  123.25	  196.54	 4102.53	  939.52	 3163.01	  294.64	 7256.90
16:08:15	 7871.33	 7747.59	  123.74	  196.57	 4102.53	  939.52	 3163.01	  294.65	 7256.37
16:08:17	 7871.33	 7748.34	  123.00	  196.85	 4102.53	  939.52	 3163.01	  294.66	 7256.83
16:08:19	 7871.33	 7748.09	  123.24	  196.86	 4102.53	  939.52	 3163.01	  294.69	 7256.55
16:08:21	 7871.33	 7748.21	  123.12	  196.89	 4102.53	  939.52	 3163.01	  294.70	 7256.63
16:08:23	 7871.33	 7749.05	  122.28	  197.17	 4102.53	  939.52	 3163.01	  294.91	 7256.97
16:08:25	 7871.33	 7748.45	  122.88	  197.20	 4102.53	  939.52	 3163.01	  294.93	 7256.32
16:08:27	 7871.33	 7752.54	  118.79	  197.47	 4102.53	  939.52	 3163.01	  294.95	 7260.12
16:08:29	 7871.33	 7750.30	  121.04	  197.50	 4102.53	  939.52	 3163.01	  294.95	 7257.85
16:08:31	 7871.33	 7749.43	  121.90	  197.52	 4102.53	  939.52	 3163.01	  294.97	 7256.94
16:08:33	 7871.33	 7749.68	  121.66	  197.80	 4102.53	  939.52	 3163.01	  294.99	 7256.88
16:08:35	 7871.33	 7749.13	  122.20	  197.83	 4102.53	  939.52	 3163.01	  295.01	 7256.30
16:08:37	 7871.33	 7749.54	  121.79	  198.11	 4102.53	  939.52	 3163.01	  295.02	 7256.41
16:08:39	 7871.33	 7749.89	  121.44	  198.14	 4102.53	  939.52	 3163.01	  295.03	 7256.72
16:08:41	 7871.33	 7751.02	  120.32	  198.17	 4102.53	  939.52	 3163.01	  295.06	 7257.79
16:08:43	 7871.33	 7750.66	  120.68	  198.45	 4102.53	  939.52	 3163.01	  295.41	 7256.80
16:08:45	 7871.33	 7743.27	  128.06	  198.45	 4102.53	  939.52	 3163.01	  295.43	 7249.39
16:08:47	 7871.33	 7741.11	  130.22	  198.71	 4102.53	  939.52	 3163.01	  295.44	 7246.96
16:08:49	 7871.33	 7741.80	  129.53	  198.75	 4102.53	  939.52	 3163.01	  295.46	 7247.59
16:08:51	 7871.33	 7741.95	  129.38	  198.76	 4102.53	  939.52	 3163.01	  295.48	 7247.71
16:08:53	 7871.33	 7742.39	  128.94	  199.02	 4102.53	  939.52	 3163.01	  295.50	 7247.88
16:08:55	 7871.33	 7736.65	  134.68	  199.06	 4102.53	  939.52	 3163.01	  295.50	 7242.09
16:08:57	 7871.33	 7737.14	  134.20	  199.32	 4102.53	  939.52	 3163.01	  295.53	 7242.29
16:09:00	 7871.33	 7740.70	  130.63	  199.33	 4102.53	  939.52	 3163.01	  295.54	 7245.84
16:09:02	 7871.33	 7737.35	  133.98	  199.60	 4102.53	  939.52	 3163.01	  295.46	 7242.29
16:09:04	 7871.33	 7737.59	  133.74	  199.61	 4102.53	  939.52	 3163.01	  295.56	 7242.42
16:09:06	 7871.33	 7737.00	  134.33	  199.64	 4102.53	  939.52	 3163.01	  295.56	 7241.79
16:09:08	 7871.33	 7737.68	  133.66	  199.91	 4102.53	  939.52	 3163.01	  295.59	 7242.18
16:09:10	 7871.33	 7738.45	  132.88	  199.92	 4102.53	  939.52	 3163.01	  295.62	 7242.91
16:09:12	 7871.33	 7738.57	  132.76	  200.19	 4102.53	  939.52	 3163.01	  295.55	 7242.83
16:09:14	 7871.33	 7738.57	  132.76	  200.21	 4102.53	  939.52	 3163.01	  295.64	 7242.71
16:09:16	 7871.33	 7738.36	  132.97	  200.24	 4102.53	  939.52	 3163.01	  295.67	 7242.45
16:09:18	 7871.33	 7738.88	  132.46	  200.51	 4102.53	  939.52	 3163.01	  295.68	 7242.68
16:09:20	 7871.33	 7739.14	  132.19	  200.53	 4102.53	  939.52	 3163.01	  295.71	 7242.90
16:09:22	 7871.33	 7739.62	  131.71	  200.80	 4102.53	  939.52	 3163.01	  295.72	 7243.10
16:09:24	 7871.33	 7739.82	  131.51	  200.81	 4102.53	  939.52	 3163.01	  295.74	 7243.27
16:09:26	 7871.33	 7739.34	  131.99	  200.84	 4102.53	  939.52	 3163.01	  295.75	 7242.76
16:09:28	 7871.33	 7740.31	  131.02	  201.11	 4102.53	  939.52	 3163.01	  295.76	 7243.45
16:09:30	 7871.33	 7739.83	  131.50	  201.12	 4102.53	  939.52	 3163.01	  295.78	 7242.92
16:09:32	 7871.33	 7740.62	  130.71	  201.41	 4102.53	  939.52	 3163.01	  295.80	 7243.41
16:09:34	 7871.33	 7740.31	  131.02	  201.43	 4102.53	  939.52	 3163.01	  295.81	 7243.07
16:09:36	 7871.33	 7740.07	  131.26	  201.44	 4102.53	  939.52	 3163.01	  295.83	 7242.80
16:09:38	 7871.33	 7740.69	  130.64	  201.71	 4102.53	  939.52	 3163.01	  295.84	 7243.13
16:09:40	 7871.33	 7743.39	  127.94	  201.73	 4102.53	  939.52	 3163.01	  295.87	 7245.79
16:09:42	 7871.33	 7742.30	  129.04	  202.02	 4102.53	  939.52	 3163.01	  295.88	 7244.41
16:09:44	 7871.33	 7740.68	  130.65	  202.03	 4102.53	  939.52	 3163.01	  295.90	 7242.75
16:09:46	 7871.33	 7740.31	  131.02	  202.07	 4102.53	  939.52	 3163.01	  295.90	 7242.34
16:09:48	 7871.33	 7741.03	  130.30	  202.36	 4102.53	  939.52	 3163.01	  295.91	 7242.76
16:09:50	 7871.33	 7741.16	  130.17	  202.37	 4102.53	  939.52	 3163.01	  295.95	 7242.85
16:09:52	 7871.33	 7741.29	  130.04	  202.65	 4102.53	  939.52	 3163.01	  295.96	 7242.68
16:09:54	 7871.33	 7741.17	  130.16	  202.66	 4102.53	  939.52	 3163.01	  295.98	 7242.53
16:09:56	 7871.33	 7740.68	  130.65	  202.66	 4102.53	  939.52	 3163.01	  295.99	 7242.03
16:09:58	 7871.33	 7741.18	  130.15	  202.95	 4102.53	  939.52	 3163.01	  296.00	 7242.23
16:10:00	 7871.33	 7741.14	  130.20	  202.97	 4102.53	  939.52	 3163.01	  296.02	 7242.15
16:10:02	 7871.33	 7741.74	  129.59	  203.24	 4102.53	  939.52	 3163.01	  296.03	 7242.47
16:10:04	 7871.33	 7742.17	  129.16	  203.27	 4102.53	  939.52	 3163.01	  296.04	 7242.86
16:10:06	 7871.33	 7741.16	  130.17	  203.29	 4102.53	  939.52	 3163.01	  296.07	 7241.80
16:10:08	 7871.33	 7741.52	  129.81	  203.55	 4102.53	  939.52	 3163.01	  296.09	 7241.89
16:10:10	 7871.33	 7741.64	  129.70	  203.59	 4102.53	  939.52	 3163.01	  296.11	 7241.93
16:10:12	 7871.33	 7741.61	  129.72	  203.86	 4102.53	  939.52	 3163.01	  296.12	 7241.63
16:10:14	 7871.33	 7744.87	  126.46	  203.88	 4102.53	  939.52	 3163.01	  296.12	 7244.87
16:10:16	 7871.33	 7741.89	  129.44	  203.91	 4102.53	  939.52	 3163.01	  296.15	 7241.83
16:10:18	 7871.33	 7742.49	  128.84	  204.19	 4102.53	  939.52	 3163.01	  296.17	 7242.14
16:10:20	 7871.33	 7743.22	  128.11	  204.22	 4102.53	  939.52	 3163.01	  296.19	 7242.81
16:10:22	 7871.33	 7743.33	  128.00	  204.48	 4102.53	  939.52	 3163.01	  296.20	 7242.65
16:10:24	 7871.33	 7743.94	  127.39	  204.51	 4102.53	  939.52	 3163.01	  296.23	 7243.20
16:10:26	 7871.33	 7743.79	  127.54	  204.55	 4102.53	  939.52	 3163.01	  296.24	 7243.00
16:10:28	 7871.33	 7744.09	  127.24	  204.81	 4102.53	  939.52	 3163.01	  296.25	 7243.03
16:10:30	 7871.33	 7744.08	  127.25	  204.84	 4102.53	  939.52	 3163.01	  296.25	 7242.99
16:10:32	 7871.33	 7744.42	  126.91	  205.11	 4102.53	  939.52	 3163.01	  296.28	 7243.04
16:10:34	 7871.33	 7744.41	  126.92	  205.12	 4102.53	  939.52	 3163.01	  296.30	 7243.00
16:10:36	 7871.33	 7747.16	  124.18	  205.14	 4102.53	  939.52	 3163.01	  296.31	 7245.70
16:10:38	 7871.33	 7744.55	  126.78	  205.40	 4102.53	  939.52	 3163.01	  296.34	 7242.82
16:10:40	 7871.33	 7744.54	  126.79	  205.42	 4102.53	  939.52	 3163.01	  296.35	 7242.78
16:10:42	 7871.33	 7745.17	  126.16	  205.69	 4102.53	  939.52	 3163.01	  296.36	 7243.12
16:10:44	 7871.33	 7745.15	  126.18	  205.70	 4102.53	  939.52	 3163.01	  296.38	 7243.07
16:10:46	 7871.33	 7744.66	  126.67	  205.73	 4102.53	  939.52	 3163.01	  296.39	 7242.54
16:10:48	 7871.33	 7745.30	  126.03	  205.98	 4102.53	  939.52	 3163.01	  296.41	 7242.91
16:10:50	 7871.33	 7745.29	  126.05	  206.00	 4102.53	  939.52	 3163.01	  296.43	 7242.86
16:10:52	 7871.33	 7745.62	  125.71	  206.27	 4102.53	  939.52	 3163.01	  296.44	 7242.91
16:10:54	 7871.33	 7744.92	  126.41	  206.29	 4102.53	  939.52	 3163.01	  296.47	 7242.16
16:10:56	 7871.33	 7745.37	  125.96	  206.31	 4102.53	  939.52	 3163.01	  296.46	 7242.59
16:10:58	 7871.33	 7745.72	  125.61	  206.59	 4102.53	  939.52	 3163.01	  296.48	 7242.66
16:11:00	 7871.33	 7747.25	  124.09	  206.59	 4102.53	  939.52	 3163.01	  296.51	 7244.14
16:11:02	 7871.33	 7746.12	  125.21	  206.86	 4102.53	  939.52	 3163.01	  296.52	 7242.74
16:11:04	 7871.33	 7746.00	  125.34	  206.89	 4102.53	  939.52	 3163.01	  296.53	 7242.58
16:11:06	 7871.33	 7746.12	  125.21	  206.89	 4102.53	  939.52	 3163.01	  296.55	 7242.68
16:11:08	 7871.33	 7749.44	  121.89	  207.15	 4102.53	  939.52	 3163.01	  296.57	 7245.73
16:11:10	 7871.33	 7746.46	  124.88	  207.17	 4102.53	  939.52	 3163.01	  296.57	 7242.72
16:11:12	 7871.33	 7746.83	  124.50	  207.43	 4102.53	  939.52	 3163.01	  296.61	 7242.79
16:11:14	 7871.33	 7746.46	  124.87	  207.45	 4102.53	  939.52	 3163.01	  296.61	 7242.40
16:11:16	 7871.33	 7746.60	  124.73	  207.48	 4102.53	  939.52	 3163.01	  296.63	 7242.50
16:11:18	 7871.33	 7747.21	  124.12	  207.76	 4102.53	  939.52	 3163.01	  296.64	 7242.81
16:11:20	 7871.33	 7746.95	  124.38	  207.77	 4102.53	  939.52	 3163.01	  296.65	 7242.52
16:11:22	 7871.33	 7747.56	  123.77	  208.05	 4102.53	  939.52	 3163.01	  296.66	 7242.85
16:11:24	 7871.33	 7746.96	  124.37	  208.08	 4102.53	  939.52	 3163.01	  296.69	 7242.20
16:11:26	 7871.33	 7747.34	  124.00	  208.09	 4102.53	  939.52	 3163.01	  296.71	 7242.54
16:11:28	 7871.33	 7747.56	  123.77	  208.38	 4102.53	  939.52	 3163.01	  296.70	 7242.48
16:11:30	 7871.33	 7748.05	  123.29	  208.41	 4102.53	  939.52	 3163.01	  296.73	 7242.91
16:11:32	 7871.33	 7748.15	  123.18	  208.67	 4102.53	  939.52	 3163.01	  296.77	 7242.71
16:11:34	 7871.33	 7748.79	  122.54	  208.69	 4102.53	  939.52	 3163.01	  296.78	 7243.32
16:11:37	 7871.33	 7748.05	  123.29	  208.97	 4102.53	  939.52	 3163.01	  296.70	 7242.37
16:11:39	 7871.33	 7748.90	  122.43	  209.00	 4102.53	  939.52	 3163.01	  296.79	 7243.11
16:11:41	 7871.33	 7753.45	  117.88	  209.04	 4102.53	  939.52	 3163.01	  296.82	 7247.59
16:11:43	 7871.33	 7750.45	  120.88	  209.30	 4102.53	  939.52	 3163.01	  296.84	 7244.31
16:11:45	 7871.33	 7749.97	  121.36	  209.33	 4102.53	  939.52	 3163.01	  296.84	 7243.79
16:11:47	 7871.33	 7751.59	  119.74	  209.61	 4102.53	  939.52	 3163.01	  296.77	 7245.21
16:11:49	 7871.33	 7750.71	  120.62	  209.62	 4102.53	  939.52	 3163.01	  296.89	 7244.19
16:11:51	 7871.33	 7750.82	  120.52	  209.65	 4102.53	  939.52	 3163.01	  296.91	 7244.26
16:11:53	 7871.33	 7751.30	  120.03	  209.90	 4102.53	  939.52	 3163.01	  296.94	 7244.46
16:11:55	 7871.33	 7750.33	  121.00	  209.93	 4102.53	  939.52	 3163.01	  296.95	 7243.45
16:11:57	 7871.33	 7751.18	  120.15	  210.20	 4102.53	  939.52	 3163.01	  296.97	 7244.01
16:11:59	 7871.33	 7751.33	  120.00	  210.23	 4102.53	  939.52	 3163.01	  296.99	 7244.11
16:12:01	 7871.33	 7751.21	  120.12	  210.26	 4102.53	  939.52	 3163.01	  297.01	 7243.94
16:12:03	 7871.33	 7752.04	  119.30	  210.52	 4102.53	  939.52	 3163.01	  297.02	 7244.49
16:12:05	 7871.33	 7750.70	  120.63	  210.55	 4102.53	  939.52	 3163.01	  297.04	 7243.12
16:12:07	 7871.33	 7751.67	  119.66	  210.83	 4102.53	  939.52	 3163.01	  297.05	 7243.80
16:12:09	 7871.33	 7752.05	  119.28	  210.84	 4102.53	  939.52	 3163.01	  297.07	 7244.14
16:12:11	 7871.33	 7752.05	  119.28	  210.86	 4102.53	  939.52	 3163.01	  297.08	 7244.11
16:12:13	 7871.33	 7755.53	  115.80	  211.14	 4102.53	  939.52	 3163.01	  297.09	 7247.29
16:12:15	 7871.33	 7751.57	  119.77	  211.19	 4102.53	  939.52	 3163.01	  297.12	 7243.26
16:12:17	 7871.33	 7752.29	  119.04	  211.45	 4102.53	  939.52	 3163.01	  297.14	 7243.71
16:12:19	 7871.33	 7752.30	  119.03	  211.47	 4102.53	  939.52	 3163.01	  297.15	 7243.68
16:12:21	 7871.33	 7755.14	  116.19	  211.49	 4102.53	  939.52	 3163.01	  297.18	 7246.48
16:12:23	 7871.33	 7753.02	  118.31	  211.77	 4102.53	  939.52	 3163.01	  297.18	 7244.07
16:12:25	 7871.33	 7752.66	  118.68	  211.83	 4102.53	  939.52	 3163.01	  297.18	 7243.64
16:12:27	 7871.33	 7753.00	  118.33	  212.09	 4102.53	  939.52	 3163.01	  297.23	 7243.69
16:12:29	 7871.33	 7752.88	  118.46	  212.12	 4102.53	  939.52	 3163.01	  297.23	 7243.52
16:12:31	 7871.33	 7755.36	  115.97	  212.16	 4102.53	  939.52	 3163.01	  297.25	 7245.95
16:12:33	 7871.33	 7753.39	  117.94	  212.42	 4102.53	  939.52	 3163.01	  297.27	 7243.70
16:12:35	 7871.33	 7752.89	  118.44	  212.45	 4102.53	  939.52	 3163.01	  297.29	 7243.16
16:12:37	 7871.33	 7753.25	  118.08	  212.72	 4102.53	  939.52	 3163.01	  297.30	 7243.24
16:12:39	 7871.33	 7753.48	  117.85	  212.76	 4102.53	  939.52	 3163.01	  297.31	 7243.41
16:12:41	 7871.33	 7753.62	  117.71	  212.77	 4102.53	  939.52	 3163.01	  297.32	 7243.53
16:12:43	 7871.33	 7753.96	  117.37	  213.05	 4102.53	  939.52	 3163.01	  297.35	 7243.57
16:12:45	 7871.33	 7756.85	  114.48	  213.08	 4102.53	  939.52	 3163.01	  297.36	 7246.41
16:12:47	 7871.33	 7753.87	  117.46	  213.36	 4102.53	  939.52	 3163.01	  297.38	 7243.14
16:12:49	 7871.33	 7754.23	  117.10	  213.38	 4102.53	  939.52	 3163.01	  297.38	 7243.48
16:12:51	 7871.33	 7754.36	  116.97	  213.41	 4102.53	  939.52	 3163.01	  297.39	 7243.55
16:12:53	 7871.33	 7754.59	  116.74	  213.68	 4102.53	  939.52	 3163.01	  297.42	 7243.50
16:12:55	 7871.33	 7754.98	  116.35	  213.70	 4102.53	  939.52	 3163.01	  297.43	 7243.84
16:12:57	 7871.33	 7744.70	  126.64	  203.96	 4102.53	  939.52	 3163.01	  297.30	 7243.44
16:12:59	 7871.33	 7747.04	  124.30	  203.99	 4102.53	  939.52	 3163.01	  297.31	 7245.73
16:13:01	 7871.33	 7744.92	  126.41	  204.00	 4102.53	  939.52	 3163.01	  297.32	 7243.60
16:13:03	 7871.33	 7745.98	  125.35	  204.28	 4102.53	  939.52	 3163.01	  297.35	 7244.35
16:13:05	 7871.33	 7744.88	  126.46	  204.29	 4102.53	  939.52	 3163.01	  297.36	 7243.22
16:13:07	 7871.33	 7747.84	  123.49	  204.58	 4102.53	  939.52	 3163.01	  297.38	 7245.88
16:13:09	 7871.33	 7745.63	  125.70	  204.61	 4102.53	  939.52	 3163.01	  297.40	 7243.62
16:13:11	 7871.33	 7745.76	  125.57	  204.61	 4102.53	  939.52	 3163.01	  297.42	 7243.73
16:13:13	 7871.33	 7746.09	  125.25	  204.90	 4102.53	  939.52	 3163.01	  297.41	 7243.77
16:13:15	 7871.33	 7745.12	  126.21	  204.91	 4102.53	  939.52	 3163.01	  297.45	 7242.76
16:13:17	 7871.33	 7749.06	  122.27	  205.16	 4102.53	  939.52	 3163.01	  297.46	 7246.44
16:13:19	 7871.33	 7745.98	  125.35	  205.21	 4102.53	  939.52	 3163.01	  297.49	 7243.29
16:13:21	 7871.33	 7746.22	  125.11	  205.22	 4102.53	  939.52	 3163.01	  297.50	 7243.50
16:13:23	 7871.33	 7746.83	  124.50	  205.49	 4102.53	  939.52	 3163.01	  297.51	 7243.82
16:13:25	 7871.33	 7745.72	  125.61	  205.53	 4102.53	  939.52	 3163.01	  297.53	 7242.67
16:13:27	 7871.33	 7745.97	  125.36	  205.79	 4102.53	  939.52	 3163.01	  297.55	 7242.64
16:13:29	 7871.33	 7746.46	  124.87	  205.81	 4102.53	  939.52	 3163.01	  297.56	 7243.10
16:13:31	 7871.33	 7746.59	  124.74	  205.82	 4102.53	  939.52	 3163.01	  297.59	 7243.18
16:13:33	 7871.33	 7746.59	  124.74	  206.12	 4102.53	  939.52	 3163.01	  297.60	 7242.88
16:13:35	 7871.33	 7746.25	  125.09	  206.14	 4102.53	  939.52	 3163.01	  297.62	 7242.48
16:13:37	 7871.33	 7747.06	  124.27	  206.40	 4102.53	  939.52	 3163.01	  297.63	 7243.03
16:13:39	 7871.33	 7747.06	  124.27	  206.43	 4102.53	  939.52	 3163.01	  297.65	 7242.98
16:13:41	 7871.33	 7749.93	  121.41	  206.44	 4102.53	  939.52	 3163.01	  297.67	 7245.82
16:13:43	 7871.33	 7747.57	  123.76	  206.70	 4102.53	  939.52	 3163.01	  297.68	 7243.19
16:13:45	 7871.33	 7747.20	  124.13	  206.72	 4102.53	  939.52	 3163.01	  297.70	 7242.78
16:13:47	 7871.33	 7747.69	  123.64	  206.99	 4102.53	  939.52	 3163.01	  297.71	 7243.00
16:13:49	 7871.33	 7750.61	  120.72	  207.02	 4102.53	  939.52	 3163.01	  297.71	 7245.88
16:13:51	 7871.33	 7747.53	  123.80	  207.02	 4102.53	  939.52	 3163.01	  297.75	 7242.76
16:13:53	 7871.33	 7748.06	  123.27	  207.29	 4102.53	  939.52	 3163.01	  297.77	 7243.00
16:13:55	 7871.33	 7747.82	  123.51	  207.31	 4102.53	  939.52	 3163.01	  297.79	 7242.72
16:13:57	 7871.33	 7748.20	  123.13	  207.58	 4102.53	  939.52	 3163.01	  297.80	 7242.82
16:13:59	 7871.33	 7748.19	  123.14	  207.61	 4102.53	  939.52	 3163.01	  297.81	 7242.77
16:14:01	 7871.33	 7748.39	  122.94	  207.63	 4102.53	  939.52	 3163.01	  297.82	 7242.95
16:14:03	 7871.33	 7748.79	  122.54	  207.89	 4102.53	  939.52	 3163.01	  297.85	 7243.05
16:14:05	 7871.33	 7748.45	  122.88	  207.92	 4102.53	  939.52	 3163.01	  297.85	 7242.68
16:14:07	 7871.33	 7748.69	  122.64	  208.20	 4102.53	  939.52	 3163.01	  297.88	 7242.61
16:14:09	 7871.33	 7748.78	  122.55	  208.21	 4102.53	  939.52	 3163.01	  297.90	 7242.66
16:14:11	 7871.33	 7748.88	  122.45	  208.25	 4102.53	  939.52	 3163.01	  297.90	 7242.73
16:14:13	 7871.33	 7749.38	  121.95	  208.50	 4102.53	  939.52	 3163.01	  297.94	 7242.94
16:14:15	 7871.33	 7749.51	  121.82	  208.52	 4102.53	  939.52	 3163.01	  297.95	 7243.04
16:14:17	 7871.33	 7749.52	  121.81	  208.80	 4102.53	  939.52	 3163.01	  297.96	 7242.76
16:14:19	 7871.33	 7749.51	  121.82	  208.81	 4102.53	  939.52	 3163.01	  297.98	 7242.72
16:14:22	 7871.33	 7749.98	  121.35	  209.08	 4102.53	  939.52	 3163.01	  297.90	 7243.00
16:14:24	 7871.33	 7749.98	  121.36	  209.12	 4102.53	  939.52	 3163.01	  298.01	 7242.85
16:14:26	 7871.33	 7749.25	  122.08	  209.13	 4102.53	  939.52	 3163.01	  298.03	 7242.09
16:14:28	 7871.33	 7749.63	  121.70	  209.40	 4102.53	  939.52	 3163.01	  298.04	 7242.19
16:14:30	 7871.33	 7750.12	  121.21	  209.43	 4102.53	  939.52	 3163.01	  298.05	 7242.64
16:14:32	 7871.33	 7752.73	  118.61	  209.69	 4102.53	  939.52	 3163.01	  298.08	 7244.96
16:14:34	 7871.33	 7750.45	  120.88	  209.71	 4102.53	  939.52	 3163.01	  298.10	 7242.65
16:14:36	 7871.33	 7749.97	  121.36	  209.72	 4102.53	  939.52	 3163.01	  298.12	 7242.13
16:14:38	 7871.33	 7751.69	  119.64	  210.00	 4102.53	  939.52	 3163.01	  298.14	 7243.55
16:14:40	 7871.33	 7750.35	  120.98	  210.04	 4102.53	  939.52	 3163.01	  298.15	 7242.16
16:14:42	 7871.33	 7750.83	  120.50	  210.31	 4102.53	  939.52	 3163.01	  298.16	 7242.36
16:14:44	 7871.33	 7751.32	  120.02	  210.36	 4102.53	  939.52	 3163.01	  298.18	 7242.77
16:14:46	 7871.33	 7750.70	  120.64	  210.39	 4102.53	  939.52	 3163.01	  298.20	 7242.10
16:14:48	 7871.33	 7751.06	  120.27	  210.67	 4102.53	  939.52	 3163.01	  298.20	 7242.18
16:14:50	 7871.33	 7751.57	  119.76	  210.70	 4102.53	  939.52	 3163.01	  298.23	 7242.64
16:14:52	 7871.33	 7751.35	  119.98	  210.96	 4102.53	  939.52	 3163.01	  298.24	 7242.14
16:14:54	 7871.33	 7752.31	  119.02	  211.00	 4102.53	  939.52	 3163.01	  298.26	 7243.05
16:14:56	 7871.33	 7751.58	  119.75	  211.02	 4102.53	  939.52	 3163.01	  298.27	 7242.29
16:14:58	 7871.33	 7752.04	  119.30	  211.28	 4102.53	  939.52	 3163.01	  298.29	 7242.47
16:15:00	 7871.33	 7752.04	  119.30	  211.31	 4102.53	  939.52	 3163.01	  298.30	 7242.43
16:15:02	 7871.33	 7753.02	  118.31	  211.59	 4102.53	  939.52	 3163.01	  298.32	 7243.11
16:15:04	 7871.33	 7754.91	  116.42	  211.61	 4102.53	  939.52	 3163.01	  298.33	 7244.97
16:15:06	 7871.33	 7752.29	  119.04	  211.67	 4102.53	  939.52	 3163.01	  298.35	 7242.28
16:15:08	 7871.33	 7752.54	  118.80	  211.93	 4102.53	  939.52	 3163.01	  298.37	 7242.24
16:15:10	 7871.33	 7752.77	  118.56	  211.94	 4102.53	  939.52	 3163.01	  298.38	 7242.45
16:15:12	 7871.33	 7754.12	  117.21	  212.21	 4102.53	  939.52	 3163.01	  298.41	 7243.50
16:15:14	 7871.33	 7755.96	  115.37	  212.23	 4102.53	  939.52	 3163.01	  298.42	 7245.32
16:15:16	 7871.33	 7756.54	  114.80	  212.23	 4102.53	  939.52	 3163.01	  298.44	 7245.87
16:15:18	 7871.33	 7756.83	  114.50	  212.50	 4102.53	  939.52	 3163.01	  298.45	 7245.88
16:15:20	 7871.33	 7757.04	  114.29	  212.52	 4102.53	  939.52	 3163.01	  298.46	 7246.06
16:15:22	 7871.33	 7757.37	  113.96	  212.80	 4102.53	  939.52	 3163.01	  298.47	 7246.10
16:15:24	 7871.33	 7757.62	  113.71	  212.81	 4102.53	  939.52	 3163.01	  298.50	 7246.31
16:15:26	 7871.33	 7755.97	  115.36	  212.84	 4102.53	  939.52	 3163.01	  298.52	 7244.62
16:15:28	 7871.33	 7756.53	  114.80	  213.11	 4102.53	  939.52	 3163.01	  298.54	 7244.89
16:15:30	 7871.33	 7756.39	  114.94	  213.13	 4102.53	  939.52	 3163.01	  298.54	 7244.72
16:15:32	 7871.33	 7757.24	  114.09	  213.39	 4102.53	  939.52	 3163.01	  298.55	 7245.29
16:15:34	 7871.33	 7757.23	  114.10	  213.42	 4102.53	  939.52	 3163.01	  298.58	 7245.24
16:15:36	 7871.33	 7758.82	  112.51	  213.43	 4102.53	  939.52	 3163.01	  298.60	 7246.80
16:15:38	 7871.33	 7756.80	  114.54	  213.69	 4102.53	  939.52	 3163.01	  298.61	 7244.50
16:15:40	 7871.33	 7757.17	  114.16	  213.71	 4102.53	  939.52	 3163.01	  298.62	 7244.84
16:15:42	 7871.33	 7757.24	  114.09	  213.98	 4102.53	  939.52	 3163.01	  298.64	 7244.62
16:15:44	 7871.33	 7757.73	  113.60	  214.00	 4102.53	  939.52	 3163.01	  298.65	 7245.08
16:15:46	 7871.33	 7759.84	  111.49	  214.01	 4102.53	  939.52	 3163.01	  298.68	 7247.15
16:15:48	 7871.33	 7747.81	  123.52	  204.60	 4102.53	  939.52	 3163.01	  298.62	 7244.59
16:15:50	 7871.33	 7747.81	  123.52	  204.62	 4102.53	  939.52	 3163.01	  298.64	 7244.55
16:15:52	 7871.33	 7748.42	  122.91	  204.90	 4102.53	  939.52	 3163.01	  298.64	 7244.88
16:15:54	 7871.33	 7747.91	  123.42	  204.92	 4102.53	  939.52	 3163.01	  298.66	 7244.32
16:15:56	 7871.33	 7747.91	  123.42	  204.93	 4102.53	  939.52	 3163.01	  298.68	 7244.29
16:15:58	 7871.33	 7748.50	  122.83	  205.20	 4102.53	  939.52	 3163.01	  298.70	 7244.61
16:16:00	 7871.33	 7747.97	  123.36	  205.22	 4102.53	  939.52	 3163.01	  298.72	 7244.04
16:16:02	 7871.33	 7748.81	  122.52	  205.50	 4102.53	  939.52	 3163.01	  298.72	 7244.59
16:16:04	 7871.33	 7748.93	  122.41	  205.51	 4102.53	  939.52	 3163.01	  298.75	 7244.66
16:16:06	 7871.33	 7748.30	  123.03	  205.54	 4102.53	  939.52	 3163.01	  298.78	 7243.98
16:16:08	 7871.33	 7761.16	  110.17	  205.84	 4102.53	  939.52	 3163.01	  298.76	 7256.56
16:16:10	 7871.33	 7747.36	  123.98	  193.32	 4102.53	  939.52	 3163.01	  298.59	 7255.44
16:16:12	 7871.33	 7747.84	  123.50	  193.59	 4102.53	  939.52	 3163.01	  298.61	 7255.63
16:16:14	 7871.33	 7747.48	  123.86	  193.62	 4102.53	  939.52	 3163.01	  298.64	 7255.22
16:16:16	 7871.33	 7744.14	  127.19	  193.66	 4102.53	  939.52	 3163.01	  298.65	 7251.84
16:16:18	 7871.33	 7744.96	  126.37	  193.95	 4102.53	  939.52	 3163.01	  298.66	 7252.36
16:16:20	 7871.33	 7744.58	  126.75	  193.99	 4102.53	  939.52	 3163.01	  298.67	 7251.92
16:16:22	 7871.33	 7745.17	  126.16	  194.26	 4102.53	  939.52	 3163.01	  298.70	 7252.21
16:16:24	 7871.33	 7743.95	  127.38	  194.30	 4102.53	  939.52	 3163.01	  298.69	 7250.96
16:16:26	 7871.33	 7743.94	  127.39	  194.35	 4102.53	  939.52	 3163.01	  298.72	 7250.87
16:16:28	 7871.33	 7744.54	  126.80	  194.62	 4102.53	  939.52	 3163.01	  298.74	 7251.17
16:16:30	 7871.33	 7744.82	  126.51	  194.65	 4102.53	  939.52	 3163.01	  298.75	 7251.42
16:16:32	 7871.33	 7745.13	  126.20	  194.93	 4102.53	  939.52	 3163.01	  298.78	 7251.43
16:16:34	 7871.33	 7744.56	  126.77	  194.94	 4102.53	  939.52	 3163.01	  298.81	 7250.80
16:16:36	 7871.33	 7744.68	  126.65	  194.99	 4102.53	  939.52	 3163.01	  298.82	 7250.87
16:16:38	 7871.33	 7745.16	  126.17	  195.26	 4102.53	  939.52	 3163.01	  298.84	 7251.07
16:16:40	 7871.33	 7747.54	  123.79	  195.27	 4102.53	  939.52	 3163.01	  298.84	 7253.44
16:16:42	 7871.33	 7745.98	  125.35	  195.54	 4102.53	  939.52	 3163.01	  298.86	 7251.58
16:16:44	 7871.33	 7745.63	  125.70	  195.57	 4102.53	  939.52	 3163.01	  298.90	 7251.16
16:16:46	 7871.33	 7745.39	  125.94	  195.60	 4102.53	  939.52	 3163.01	  298.91	 7250.89
16:16:48	 7871.33	 7745.88	  125.46	  195.89	 4102.53	  939.52	 3163.01	  298.91	 7251.07
16:16:50	 7871.33	 7745.86	  125.47	  195.91	 4102.53	  939.52	 3163.01	  298.94	 7251.02
16:16:52	 7871.33	 7746.22	  125.11	  196.18	 4102.53	  939.52	 3163.01	  298.95	 7251.10
16:16:54	 7871.33	 7745.86	  125.47	  196.19	 4102.53	  939.52	 3163.01	  298.96	 7250.70
16:16:56	 7871.33	 7746.48	  124.85	  196.20	 4102.53	  939.52	 3163.01	  298.99	 7251.29
16:16:58	 7871.33	 7746.26	  125.07	  196.48	 4102.53	  939.52	 3163.01	  299.00	 7250.79
16:17:00	 7871.33	 7746.24	  125.09	  196.49	 4102.53	  939.52	 3163.01	  299.02	 7250.73
16:17:02	 7871.33	 7747.11	  124.22	  196.76	 4102.53	  939.52	 3163.01	  299.03	 7251.32
16:17:04	 7871.33	 7746.25	  125.09	  196.78	 4102.53	  939.52	 3163.01	  299.07	 7250.40
16:17:06	 7871.33	 7746.59	  124.74	  196.79	 4102.53	  939.52	 3163.01	  299.07	 7250.73
16:17:09	 7871.33	 7748.33	  123.00	  197.08	 4102.53	  939.52	 3163.01	  299.09	 7252.16
16:17:11	 7871.33	 7747.12	  124.21	  197.11	 4102.53	  939.52	 3163.01	  299.10	 7250.91
16:17:13	 7871.33	 7748.49	  122.84	  197.39	 4102.53	  939.52	 3163.01	  299.11	 7251.99
16:17:15	 7871.33	 7746.95	  124.38	  197.41	 4102.53	  939.52	 3163.01	  299.14	 7250.40
16:17:17	 7871.33	 7747.31	  124.02	  197.68	 4102.53	  939.52	 3163.01	  299.08	 7250.55
16:17:19	 7871.33	 7747.68	  123.65	  197.71	 4102.53	  939.52	 3163.01	  299.18	 7250.80
16:17:21	 7871.33	 7748.68	  122.66	  197.71	 4102.53	  939.52	 3163.01	  299.21	 7251.76
16:17:23	 7871.33	 7748.30	  123.04	  197.98	 4102.53	  939.52	 3163.01	  299.21	 7251.10
16:17:25	 7871.33	 7747.31	  124.02	  198.01	 4102.53	  939.52	 3163.01	  299.25	 7250.06
16:17:27	 7871.33	 7749.54	  121.79	  198.27	 4102.53	  939.52	 3163.01	  299.26	 7252.01
16:17:29	 7871.33	 7748.17	  123.16	  198.30	 4102.53	  939.52	 3163.01	  299.28	 7250.59
16:17:31	 7871.33	 7748.90	  122.43	  198.32	 4102.53	  939.52	 3163.01	  299.29	 7251.29
16:17:33	 7871.33	 7741.18	  130.15	  198.61	 4102.53	  939.52	 3163.01	  290.59	 7251.98
16:17:35	 7871.33	 7742.71	  128.62	  198.67	 4102.53	  939.52	 3163.01	  290.60	 7253.44
16:17:37	 7871.33	 7739.93	  131.41	  198.94	 4102.53	  939.52	 3163.01	  290.62	 7250.36
16:17:39	 7871.33	 7740.05	  131.29	  198.98	 4102.53	  939.52	 3163.01	  290.63	 7250.44
16:17:41	 7871.33	 7740.29	  131.04	  199.02	 4102.53	  939.52	 3163.01	  290.65	 7250.62
16:17:43	 7871.33	 7740.89	  130.44	  199.28	 4102.53	  939.52	 3163.01	  290.66	 7250.96
16:17:45	 7871.33	 7741.18	  130.15	  199.30	 4102.53	  939.52	 3163.01	  290.68	 7251.21
16:17:47	 7871.33	 7740.30	  131.03	  199.55	 4102.53	  939.52	 3163.01	  290.70	 7250.05
16:17:49	 7871.33	 7740.77	  130.56	  199.56	 4102.53	  939.52	 3163.01	  290.72	 7250.49
16:17:51	 7871.33	 7740.89	  130.44	  199.59	 4102.53	  939.52	 3163.01	  290.74	 7250.56
16:17:53	 7871.33	 7740.77	  130.56	  199.86	 4102.53	  939.52	 3163.01	  290.75	 7250.16
16:17:55	 7871.33	 7740.41	  130.92	  199.88	 4102.53	  939.52	 3163.01	  290.77	 7249.76
16:17:57	 7871.33	 7741.05	  130.29	  200.16	 4102.53	  939.52	 3163.01	  290.78	 7250.11
16:17:59	 7871.33	 7741.15	  130.18	  200.17	 4102.53	  939.52	 3163.01	  290.79	 7250.19
16:18:01	 7871.33	 7741.27	  130.06	  200.20	 4102.53	  939.52	 3163.01	  290.79	 7250.28
16:18:03	 7871.33	 7741.41	  129.92	  200.48	 4102.53	  939.52	 3163.01	  290.82	 7250.11
16:18:05	 7871.33	 7741.01	  130.32	  200.50	 4102.53	  939.52	 3163.01	  290.83	 7249.68
16:18:07	 7871.33	 7744.98	  126.36	  200.78	 4102.53	  939.52	 3163.01	  290.86	 7253.34
16:18:09	 7871.33	 7742.50	  128.83	  200.80	 4102.53	  939.52	 3163.01	  290.87	 7250.83
16:18:11	 7871.33	 7741.89	  129.45	  200.82	 4102.53	  939.52	 3163.01	  290.88	 7250.18
16:18:13	 7871.33	 7742.37	  128.96	  201.11	 4102.53	  939.52	 3163.01	  290.90	 7250.36
16:18:15	 7871.33	 7741.77	  129.56	  201.16	 4102.53	  939.52	 3163.01	  290.92	 7249.70
16:18:17	 7871.33	 7742.87	  128.46	  201.46	 4102.53	  939.52	 3163.01	  290.91	 7250.49
16:18:19	 7871.33	 7742.23	  129.10	  201.48	 4102.53	  939.52	 3163.01	  290.96	 7249.80
16:18:21	 7871.33	 7743.57	  127.76	  201.50	 4102.53	  939.52	 3163.01	  290.96	 7251.11
16:18:23	 7871.33	 7743.11	  128.23	  201.79	 4102.53	  939.52	 3163.01	  290.98	 7250.34
16:18:25	 7871.33	 7742.27	  129.07	  201.82	 4102.53	  939.52	 3163.01	  290.99	 7249.45
16:18:27	 7871.33	 7743.11	  128.23	  202.10	 4102.53	  939.52	 3163.01	  291.01	 7250.00
