    Time	  MemTotal	   MemUsed	   MemFree	   MemBuff	SwapTotal	SwapUsed	SwapFree	SwapCached	RealUsedMem
15:56:32	 7871.33	 7752.34	  119.00	  197.11	 4102.53	  839.82	 3262.71	  324.23	 7230.99
15:56:34	 7871.33	 7752.57	  118.76	  197.12	 4102.53	  839.82	 3262.71	  324.29	 7231.16
15:56:36	 7871.33	 7752.91	  118.42	  197.40	 4102.53	  839.82	 3262.71	  324.31	 7231.20
15:56:38	 7871.33	 7752.15	  119.18	  197.43	 4102.53	  839.82	 3262.71	  324.31	 7230.41
15:56:41	 7871.33	 7755.65	  115.68	  197.69	 4102.53	  839.82	 3262.71	  324.25	 7233.72
15:56:43	 7871.33	 7752.90	  118.43	  197.71	 4102.53	  839.82	 3262.71	  324.34	 7230.85
15:56:45	 7871.33	 7756.36	  114.97	  197.72	 4102.53	  839.82	 3262.71	  324.37	 7234.27
15:56:47	 7871.33	 7753.27	  118.07	  198.00	 4102.53	  839.82	 3262.71	  324.37	 7230.89
15:56:49	 7871.33	 7752.78	  118.55	  198.04	 4102.53	  839.82	 3262.71	  324.40	 7230.34
15:56:51	 7871.33	 7753.67	  117.66	  198.32	 4102.53	  839.82	 3262.71	  324.33	 7231.02
15:56:53	 7871.33	 7753.38	  117.95	  198.32	 4102.53	  839.82	 3262.71	  324.45	 7230.61
15:56:55	 7871.33	 7753.74	  117.59	  198.35	 4102.53	  839.82	 3262.71	  324.45	 7230.94
15:56:57	 7871.33	 7754.02	  117.32	  198.62	 4102.53	  839.82	 3262.71	  324.48	 7230.91
15:56:59	 7871.33	 7753.65	  117.68	  198.63	 4102.53	  839.82	 3262.71	  324.50	 7230.52
15:57:01	 7871.33	 7754.26	  117.07	  198.93	 4102.53	  839.82	 3262.71	  324.42	 7230.91
15:57:03	 7871.33	 7757.45	  113.89	  198.93	 4102.53	  839.82	 3262.71	  324.52	 7234.00
15:57:05	 7871.33	 7754.71	  116.62	  198.95	 4102.53	  839.82	 3262.71	  324.55	 7231.21
15:57:07	 7871.33	 7755.95	  115.38	  199.24	 4102.53	  839.82	 3262.71	  324.57	 7232.15
15:57:09	 7871.33	 7754.12	  117.21	  199.25	 4102.53	  839.82	 3262.71	  324.58	 7230.29
15:57:11	 7871.33	 7754.74	  116.59	  199.52	 4102.53	  839.82	 3262.71	  324.59	 7230.63
15:57:13	 7871.33	 7755.75	  115.58	  199.57	 4102.53	  839.82	 3262.71	  324.60	 7231.58
15:57:15	 7871.33	 7755.20	  116.14	  199.60	 4102.53	  839.82	 3262.71	  324.62	 7230.98
15:57:17	 7871.33	 7755.68	  115.65	  199.86	 4102.53	  839.82	 3262.71	  324.63	 7231.19
15:57:19	 7871.33	 7756.20	  115.13	  199.91	 4102.53	  839.82	 3262.71	  324.67	 7231.63
15:57:21	 7871.33	 7755.33	  116.00	  200.18	 4102.53	  839.82	 3262.71	  324.68	 7230.47
15:57:23	 7871.33	 7755.82	  115.51	  200.21	 4102.53	  839.82	 3262.71	  324.69	 7230.92
15:57:25	 7871.33	 7755.70	  115.64	  200.25	 4102.53	  839.82	 3262.71	  324.71	 7230.74
15:57:27	 7871.33	 7756.07	  115.27	  200.54	 4102.53	  839.82	 3262.71	  324.72	 7230.80
15:57:29	 7871.33	 7755.57	  115.76	  200.59	 4102.53	  839.82	 3262.71	  324.73	 7230.25
15:57:31	 7871.33	 7755.69	  115.64	  200.88	 4102.53	  839.82	 3262.71	  324.76	 7230.05
15:57:33	 7871.33	 7756.44	  114.89	  200.91	 4102.53	  839.82	 3262.71	  324.77	 7230.76
15:57:35	 7871.33	 7760.01	  111.32	  200.94	 4102.53	  839.82	 3262.71	  324.79	 7234.29
15:57:37	 7871.33	 7756.88	  114.45	  201.22	 4102.53	  839.82	 3262.71	  324.80	 7230.87
15:57:39	 7871.33	 7756.39	  114.94	  201.25	 4102.53	  839.82	 3262.71	  324.82	 7230.32
15:57:41	 7871.33	 7759.76	  111.57	  201.54	 4102.53	  839.82	 3262.71	  324.85	 7233.38
15:57:43	 7871.33	 7757.13	  114.20	  201.56	 4102.53	  839.82	 3262.71	  324.86	 7230.71
15:57:45	 7871.33	 7757.50	  113.84	  201.57	 4102.53	  839.82	 3262.71	  324.88	 7231.05
15:57:47	 7871.33	 7757.98	  113.35	  201.86	 4102.53	  839.82	 3262.71	  324.88	 7231.24
15:57:49	 7871.33	 7757.27	  114.06	  201.88	 4102.53	  839.82	 3262.71	  324.91	 7230.49
15:57:51	 7871.33	 7757.74	  113.59	  202.14	 4102.53	  839.82	 3262.71	  324.91	 7230.68
15:57:53	 7871.33	 7757.88	  113.45	  202.16	 4102.53	  839.82	 3262.71	  324.93	 7230.79
15:57:55	 7871.33	 7758.00	  113.34	  202.17	 4102.53	  839.82	 3262.71	  324.95	 7230.88
15:57:57	 7871.33	 7748.72	  122.61	  192.60	 4102.53	  839.82	 3262.71	  324.80	 7231.32
15:57:59	 7871.33	 7747.57	  123.76	  192.63	 4102.53	  839.82	 3262.71	  324.82	 7230.12
15:58:01	 7871.33	 7748.66	  122.67	  192.89	 4102.53	  839.82	 3262.71	  324.83	 7230.94
15:58:03	 7871.33	 7749.67	  121.66	  192.91	 4102.53	  839.82	 3262.71	  324.86	 7231.90
15:58:05	 7871.33	 7748.80	  122.53	  192.92	 4102.53	  839.82	 3262.71	  324.88	 7231.00
15:58:07	 7871.33	 7751.93	  119.40	  193.19	 4102.53	  839.82	 3262.71	  324.90	 7233.84
15:58:09	 7871.33	 7748.31	  123.02	  193.20	 4102.53	  839.82	 3262.71	  324.90	 7230.21
15:58:11	 7871.33	 7748.78	  122.55	  193.46	 4102.53	  839.82	 3262.71	  324.93	 7230.39
15:58:13	 7871.33	 7748.90	  122.43	  193.47	 4102.53	  839.82	 3262.71	  324.95	 7230.48
15:58:15	 7871.33	 7751.04	  120.29	  193.48	 4102.53	  839.82	 3262.71	  324.97	 7232.59
15:58:17	 7871.33	 7749.17	  122.16	  193.77	 4102.53	  839.82	 3262.71	  324.96	 7230.44
15:58:19	 7871.33	 7749.66	  121.67	  193.79	 4102.53	  839.82	 3262.71	  325.00	 7230.88
15:58:21	 7871.33	 7749.60	  121.73	  194.04	 4102.53	  839.82	 3262.71	  325.02	 7230.54
15:58:23	 7871.33	 7749.99	  121.34	  194.07	 4102.53	  839.82	 3262.71	  325.03	 7230.89
15:58:25	 7871.33	 7750.11	  121.22	  194.09	 4102.53	  839.82	 3262.71	  325.04	 7230.97
15:58:27	 7871.33	 7749.76	  121.57	  194.36	 4102.53	  839.82	 3262.71	  325.05	 7230.35
15:58:29	 7871.33	 7752.72	  118.61	  194.38	 4102.53	  839.82	 3262.71	  325.07	 7233.27
15:58:31	 7871.33	 7750.12	  121.21	  194.65	 4102.53	  839.82	 3262.71	  325.09	 7230.39
15:58:33	 7871.33	 7750.25	  121.08	  194.68	 4102.53	  839.82	 3262.71	  325.08	 7230.50
15:58:36	 7871.33	 7750.96	  120.38	  194.96	 4102.53	  839.82	 3262.71	  325.03	 7230.97
15:58:38	 7871.33	 7750.35	  120.98	  194.97	 4102.53	  839.82	 3262.71	  325.13	 7230.25
15:58:40	 7871.33	 7750.38	  120.96	  195.00	 4102.53	  839.82	 3262.71	  325.14	 7230.24
15:58:42	 7871.33	 7751.23	  120.10	  195.25	 4102.53	  839.82	 3262.71	  325.16	 7230.82
15:58:44	 7871.33	 7751.35	  119.98	  195.29	 4102.53	  839.82	 3262.71	  325.16	 7230.91
15:58:46	 7871.33	 7751.71	  119.62	  195.56	 4102.53	  839.82	 3262.71	  325.11	 7231.04
15:58:48	 7871.33	 7750.73	  120.60	  195.58	 4102.53	  839.82	 3262.71	  325.20	 7229.95
15:58:50	 7871.33	 7751.31	  120.02	  195.61	 4102.53	  839.82	 3262.71	  325.21	 7230.49
15:58:52	 7871.33	 7754.71	  116.62	  195.89	 4102.53	  839.82	 3262.71	  325.24	 7233.57
15:58:54	 7871.33	 7751.85	  119.48	  195.91	 4102.53	  839.82	 3262.71	  325.27	 7230.67
15:58:56	 7871.33	 7751.96	  119.37	  196.19	 4102.53	  839.82	 3262.71	  325.20	 7230.58
15:58:58	 7871.33	 7751.74	  119.59	  196.20	 4102.53	  839.82	 3262.71	  325.29	 7230.24
15:59:00	 7871.33	 7752.05	  119.28	  196.22	 4102.53	  839.82	 3262.71	  325.30	 7230.54
15:59:02	 7871.33	 7753.53	  117.80	  196.49	 4102.53	  839.82	 3262.71	  325.32	 7231.72
15:59:04	 7871.33	 7752.45	  118.88	  196.54	 4102.53	  839.82	 3262.71	  325.35	 7230.56
15:59:06	 7871.33	 7752.55	  118.78	  196.82	 4102.53	  839.82	 3262.71	  325.37	 7230.37
15:59:08	 7871.33	 7752.20	  119.13	  196.84	 4102.53	  839.82	 3262.71	  325.38	 7229.98
15:59:10	 7871.33	 7752.81	  118.52	  196.84	 4102.53	  839.82	 3262.71	  325.40	 7230.57
15:59:12	 7871.33	 7752.80	  118.54	  197.12	 4102.53	  839.82	 3262.71	  325.41	 7230.26
15:59:14	 7871.33	 7758.51	  112.82	  197.16	 4102.53	  839.82	 3262.71	  325.43	 7235.92
15:59:16	 7871.33	 7753.80	  117.54	  197.46	 4102.53	  839.82	 3262.71	  325.44	 7230.89
15:59:18	 7871.33	 7753.16	  118.17	  197.52	 4102.53	  839.82	 3262.71	  325.46	 7230.19
15:59:20	 7871.33	 7752.66	  118.67	  197.53	 4102.53	  839.82	 3262.71	  325.47	 7229.66
15:59:22	 7871.33	 7753.63	  117.70	  197.80	 4102.53	  839.82	 3262.71	  325.49	 7230.34
15:59:24	 7871.33	 7753.99	  117.34	  197.82	 4102.53	  839.82	 3262.71	  325.49	 7230.68
15:59:26	 7871.33	 7754.89	  116.44	  198.09	 4102.53	  839.82	 3262.71	  325.52	 7231.29
15:59:28	 7871.33	 7754.00	  117.33	  198.10	 4102.53	  839.82	 3262.71	  325.54	 7230.36
15:59:30	 7871.33	 7754.23	  117.11	  198.14	 4102.53	  839.82	 3262.71	  325.56	 7230.53
15:59:32	 7871.33	 7754.83	  116.50	  198.42	 4102.53	  839.82	 3262.71	  325.57	 7230.84
15:59:34	 7871.33	 7755.20	  116.14	  198.44	 4102.53	  839.82	 3262.71	  325.59	 7231.17
15:59:36	 7871.33	 7755.70	  115.63	  198.71	 4102.53	  839.82	 3262.71	  325.61	 7231.38
15:59:38	 7871.33	 7754.74	  116.59	  198.75	 4102.53	  839.82	 3262.71	  325.64	 7230.36
15:59:40	 7871.33	 7754.86	  116.47	  198.79	 4102.53	  839.82	 3262.71	  325.64	 7230.43
15:59:42	 7871.33	 7755.32	  116.02	  199.08	 4102.53	  839.82	 3262.71	  325.65	 7230.59
15:59:44	 7871.33	 7755.68	  115.65	  199.11	 4102.53	  839.82	 3262.71	  325.68	 7230.89
15:59:46	 7871.33	 7757.54	  113.80	  199.41	 4102.53	  839.82	 3262.71	  325.68	 7232.44
15:59:48	 7871.33	 7755.23	  116.11	  199.46	 4102.53	  839.82	 3262.71	  325.70	 7230.06
15:59:50	 7871.33	 7755.40	  115.93	  199.50	 4102.53	  839.82	 3262.71	  325.72	 7230.18
15:59:52	 7871.33	 7755.82	  115.51	  199.78	 4102.53	  839.82	 3262.71	  325.73	 7230.32
15:59:54	 7871.33	 7756.16	  115.18	  199.80	 4102.53	  839.82	 3262.71	  325.75	 7230.61
15:59:56	 7871.33	 7756.40	  114.93	  200.07	 4102.53	  839.82	 3262.71	  325.78	 7230.55
15:59:58	 7871.33	 7756.04	  115.30	  200.11	 4102.53	  839.82	 3262.71	  325.78	 7230.14
16:00:00	 7871.33	 7759.37	  111.96	  200.16	 4102.53	  839.82	 3262.71	  325.80	 7233.41
16:00:02	 7871.33	 7757.27	  114.06	  200.43	 4102.53	  839.82	 3262.71	  325.80	 7231.03
16:00:04	 7871.33	 7757.88	  113.46	  200.47	 4102.53	  839.82	 3262.71	  325.84	 7231.57
16:00:06	 7871.33	 7758.22	  113.11	  200.75	 4102.53	  839.82	 3262.71	  325.86	 7231.62
16:00:08	 7871.33	 7760.59	  110.74	  200.77	 4102.53	  839.82	 3262.71	  325.88	 7233.94
16:00:10	 7871.33	 7747.47	  123.86	  191.57	 4102.53	  839.82	 3262.71	  324.73	 7231.17
16:00:12	 7871.33	 7747.73	  123.61	  191.85	 4102.53	  839.82	 3262.71	  324.76	 7231.12
16:00:14	 7871.33	 7747.85	  123.48	  191.88	 4102.53	  839.82	 3262.71	  324.76	 7231.21
16:00:16	 7871.33	 7748.45	  122.89	  192.18	 4102.53	  839.82	 3262.71	  324.77	 7231.50
16:00:18	 7871.33	 7747.59	  123.74	  192.21	 4102.53	  839.82	 3262.71	  324.80	 7230.59
16:00:20	 7871.33	 7747.71	  123.62	  192.23	 4102.53	  839.82	 3262.71	  324.82	 7230.66
16:00:22	 7871.33	 7749.91	  121.43	  192.53	 4102.53	  839.82	 3262.71	  324.83	 7232.55
16:00:24	 7871.33	 7748.57	  122.76	  192.55	 4102.53	  839.82	 3262.71	  324.86	 7231.17
16:00:26	 7871.33	 7749.20	  122.14	  192.82	 4102.53	  839.82	 3262.71	  324.88	 7231.50
16:00:28	 7871.33	 7748.80	  122.53	  192.84	 4102.53	  839.82	 3262.71	  324.89	 7231.06
16:00:30	 7871.33	 7748.91	  122.43	  192.88	 4102.53	  839.82	 3262.71	  324.91	 7231.12
16:00:32	 7871.33	 7749.03	  122.30	  193.16	 4102.53	  839.82	 3262.71	  324.91	 7230.96
16:00:34	 7871.33	 7751.54	  119.80	  193.18	 4102.53	  839.82	 3262.71	  324.94	 7233.42
16:00:36	 7871.33	 7749.78	  121.55	  193.45	 4102.53	  839.82	 3262.71	  324.96	 7231.37
16:00:38	 7871.33	 7749.41	  121.92	  193.48	 4102.53	  839.82	 3262.71	  324.97	 7230.97
16:00:40	 7871.33	 7751.86	  119.47	  193.50	 4102.53	  839.82	 3262.71	  324.98	 7233.38
16:00:42	 7871.33	 7749.99	  121.34	  193.77	 4102.53	  839.82	 3262.71	  324.99	 7231.23
16:00:44	 7871.33	 7750.23	  121.10	  193.82	 4102.53	  839.82	 3262.71	  324.99	 7231.41
16:00:46	 7871.33	 7750.61	  120.72	  194.10	 4102.53	  839.82	 3262.71	  325.03	 7231.48
16:00:48	 7871.33	 7749.64	  121.69	  194.12	 4102.53	  839.82	 3262.71	  325.05	 7230.47
16:00:50	 7871.33	 7749.88	  121.45	  194.12	 4102.53	  839.82	 3262.71	  325.07	 7230.69
16:00:52	 7871.33	 7750.47	  120.86	  194.39	 4102.53	  839.82	 3262.71	  325.10	 7230.98
16:00:55	 7871.33	 7750.47	  120.86	  194.45	 4102.53	  839.82	 3262.71	  325.09	 7230.94
16:00:57	 7871.33	 7751.82	  119.51	  194.73	 4102.53	  839.82	 3262.71	  325.09	 7232.00
16:00:59	 7871.33	 7752.87	  118.46	  194.79	 4102.53	  839.82	 3262.71	  325.24	 7232.84
16:01:01	 7871.33	 7751.24	  120.09	  195.06	 4102.53	  839.82	 3262.71	  325.21	 7230.97
16:01:03	 7871.33	 7754.22	  117.11	  195.07	 4102.53	  839.82	 3262.71	  325.30	 7233.85
16:01:05	 7871.33	 7751.45	  119.88	  195.10	 4102.53	  839.82	 3262.71	  325.30	 7231.05
16:01:07	 7871.33	 7752.07	  119.26	  195.37	 4102.53	  839.82	 3262.71	  325.33	 7231.38
16:01:09	 7871.33	 7753.77	  117.56	  195.38	 4102.53	  839.82	 3262.71	  325.35	 7233.04
16:01:11	 7871.33	 7751.81	  119.52	  195.66	 4102.53	  839.82	 3262.71	  325.28	 7230.88
16:01:13	 7871.33	 7752.06	  119.27	  195.70	 4102.53	  839.82	 3262.71	  325.37	 7230.99
16:01:15	 7871.33	 7752.55	  118.79	  195.73	 4102.53	  839.82	 3262.71	  325.40	 7231.42
16:01:17	 7871.33	 7752.77	  118.56	  195.99	 4102.53	  839.82	 3262.71	  325.42	 7231.36
16:01:19	 7871.33	 7751.69	  119.64	  196.04	 4102.53	  839.82	 3262.71	  325.43	 7230.23
16:01:21	 7871.33	 7752.54	  118.79	  196.31	 4102.53	  839.82	 3262.71	  325.47	 7230.75
16:01:23	 7871.33	 7752.66	  118.67	  196.35	 4102.53	  839.82	 3262.71	  325.48	 7230.83
16:01:25	 7871.33	 7753.01	  118.32	  196.36	 4102.53	  839.82	 3262.71	  325.50	 7231.15
16:01:27	 7871.33	 7753.25	  118.08	  196.62	 4102.53	  839.82	 3262.71	  325.51	 7231.12
16:01:29	 7871.33	 7752.77	  118.57	  196.66	 4102.53	  839.82	 3262.71	  325.53	 7230.57
16:01:31	 7871.33	 7752.77	  118.57	  196.94	 4102.53	  839.82	 3262.71	  325.55	 7230.27
16:01:33	 7871.33	 7753.27	  118.07	  196.95	 4102.53	  839.82	 3262.71	  325.56	 7230.75
16:01:35	 7871.33	 7756.25	  115.08	  196.97	 4102.53	  839.82	 3262.71	  325.58	 7233.70
16:01:37	 7871.33	 7753.98	  117.36	  197.25	 4102.53	  839.82	 3262.71	  325.60	 7231.12
16:01:39	 7871.33	 7753.49	  117.84	  197.26	 4102.53	  839.82	 3262.71	  325.62	 7230.62
16:01:41	 7871.33	 7753.86	  117.48	  197.55	 4102.53	  839.82	 3262.71	  325.62	 7230.68
16:01:43	 7871.33	 7754.27	  117.07	  197.57	 4102.53	  839.82	 3262.71	  325.65	 7231.05
16:01:45	 7871.33	 7754.24	  117.09	  197.59	 4102.53	  839.82	 3262.71	  325.66	 7230.98
16:01:47	 7871.33	 7754.49	  116.84	  197.87	 4102.53	  839.82	 3262.71	  325.68	 7230.94
16:01:49	 7871.33	 7753.98	  117.35	  197.89	 4102.53	  839.82	 3262.71	  325.70	 7230.40
16:01:51	 7871.33	 7754.35	  116.98	  198.16	 4102.53	  839.82	 3262.71	  325.70	 7230.48
16:01:53	 7871.33	 7754.95	  116.38	  198.18	 4102.53	  839.82	 3262.71	  325.73	 7231.05
16:01:55	 7871.33	 7758.91	  112.43	  198.21	 4102.53	  839.82	 3262.71	  325.74	 7234.95
16:01:57	 7871.33	 7757.83	  113.50	  198.51	 4102.53	  839.82	 3262.71	  325.75	 7233.57
16:01:59	 7871.33	 7754.85	  116.48	  198.54	 4102.53	  839.82	 3262.71	  325.79	 7230.52
16:02:01	 7871.33	 7755.18	  116.15	  198.85	 4102.53	  839.82	 3262.71	  325.79	 7230.54
16:02:03	 7871.33	 7755.30	  116.03	  198.88	 4102.53	  839.82	 3262.71	  325.82	 7230.60
16:02:05	 7871.33	 7755.30	  116.03	  198.93	 4102.53	  839.82	 3262.71	  325.83	 7230.55
16:02:07	 7871.33	 7756.16	  115.17	  199.21	 4102.53	  839.82	 3262.71	  325.85	 7231.10
16:02:09	 7871.33	 7755.32	  116.02	  199.26	 4102.53	  839.82	 3262.71	  325.86	 7230.20
16:02:11	 7871.33	 7755.57	  115.77	  199.54	 4102.53	  839.82	 3262.71	  325.87	 7230.16
16:02:13	 7871.33	 7756.03	  115.30	  199.57	 4102.53	  839.82	 3262.71	  325.88	 7230.57
16:02:15	 7871.33	 7756.27	  115.06	  199.61	 4102.53	  839.82	 3262.71	  325.89	 7230.76
16:02:17	 7871.33	 7756.64	  114.69	  199.91	 4102.53	  839.82	 3262.71	  325.90	 7230.84
16:02:19	 7871.33	 7759.38	  111.96	  199.93	 4102.53	  839.82	 3262.71	  325.93	 7233.52
16:02:21	 7871.33	 7756.41	  114.93	  200.21	 4102.53	  839.82	 3262.71	  325.95	 7230.25
16:02:23	 7871.33	 7756.66	  114.67	  200.25	 4102.53	  839.82	 3262.71	  325.96	 7230.45
16:02:25	 7871.33	 7757.00	  114.34	  200.29	 4102.53	  839.82	 3262.71	  325.98	 7230.73
16:02:27	 7871.33	 7757.62	  113.71	  200.57	 4102.53	  839.82	 3262.71	  325.98	 7231.07
16:02:29	 7871.33	 7758.00	  113.34	  200.59	 4102.53	  839.82	 3262.71	  326.01	 7231.39
16:02:31	 7871.33	 7747.71	  123.62	  191.48	 4102.53	  839.82	 3262.71	  325.18	 7231.05
16:02:33	 7871.33	 7747.33	  124.00	  191.51	 4102.53	  839.82	 3262.71	  325.20	 7230.62
16:02:35	 7871.33	 7747.57	  123.76	  191.55	 4102.53	  839.82	 3262.71	  325.21	 7230.81
16:02:37	 7871.33	 7747.43	  123.90	  191.56	 4102.53	  839.82	 3262.71	  325.22	 7230.65
16:02:39	 7871.33	 7746.95	  124.38	  191.59	 4102.53	  839.82	 3262.71	  325.23	 7230.13
16:02:41	 7871.33	 7749.44	  121.89	  192.11	 4102.53	  839.82	 3262.71	  325.26	 7232.07
16:02:43	 7871.33	 7747.83	  123.50	  192.14	 4102.53	  839.82	 3262.71	  325.26	 7230.43
16:02:45	 7871.33	 7748.47	  122.86	  192.17	 4102.53	  839.82	 3262.71	  325.27	 7231.03
16:02:47	 7871.33	 7748.80	  122.54	  192.44	 4102.53	  839.82	 3262.71	  325.30	 7231.06
16:02:49	 7871.33	 7748.04	  123.29	  192.47	 4102.53	  839.82	 3262.71	  325.32	 7230.25
16:02:51	 7871.33	 7750.42	  120.91	  192.74	 4102.53	  839.82	 3262.71	  325.32	 7232.36
16:02:53	 7871.33	 7748.79	  122.54	  192.75	 4102.53	  839.82	 3262.71	  325.36	 7230.68
16:02:55	 7871.33	 7748.78	  122.55	  192.78	 4102.53	  839.82	 3262.71	  325.37	 7230.64
16:02:57	 7871.33	 7748.90	  122.43	  193.04	 4102.53	  839.82	 3262.71	  325.38	 7230.48
16:02:59	 7871.33	 7748.78	  122.55	  193.06	 4102.53	  839.82	 3262.71	  325.38	 7230.34
16:03:01	 7871.33	 7749.25	  122.08	  193.33	 4102.53	  839.82	 3262.71	  325.41	 7230.51
16:03:03	 7871.33	 7750.23	  121.11	  193.35	 4102.53	  839.82	 3262.71	  325.42	 7231.46
16:03:05	 7871.33	 7750.24	  121.09	  193.37	 4102.53	  839.82	 3262.71	  325.98	 7230.89
16:03:07	 7871.33	 7750.24	  121.09	  193.63	 4102.53	  839.82	 3262.71	  325.99	 7230.62
16:03:09	 7871.33	 7750.12	  121.21	  193.66	 4102.53	  839.82	 3262.71	  326.02	 7230.45
16:03:11	 7871.33	 7750.73	  120.61	  193.93	 4102.53	  839.82	 3262.71	  326.03	 7230.77
16:03:13	 7871.33	 7753.95	  117.39	  193.95	 4102.53	  839.82	 3262.71	  326.04	 7233.96
16:03:16	 7871.33	 7752.93	  118.40	  194.23	 4102.53	  839.82	 3262.71	  325.98	 7232.72
16:03:18	 7871.33	 7750.50	  120.83	  194.25	 4102.53	  839.82	 3262.71	  326.07	 7230.19
16:03:20	 7871.33	 7750.62	  120.71	  194.27	 4102.53	  839.82	 3262.71	  326.09	 7230.25
16:03:22	 7871.33	 7751.32	  120.02	  194.55	 4102.53	  839.82	 3262.71	  326.10	 7230.66
16:03:24	 7871.33	 7751.33	  120.00	  194.59	 4102.53	  839.82	 3262.71	  326.11	 7230.64
16:03:26	 7871.33	 7751.55	  119.78	  194.90	 4102.53	  839.82	 3262.71	  326.05	 7230.61
16:03:28	 7871.33	 7751.34	  119.99	  194.94	 4102.53	  839.82	 3262.71	  326.13	 7230.27
16:03:30	 7871.33	 7751.81	  119.52	  194.98	 4102.53	  839.82	 3262.71	  326.16	 7230.67
16:03:32	 7871.33	 7751.93	  119.40	  195.27	 4102.53	  839.82	 3262.71	  326.18	 7230.48
16:03:34	 7871.33	 7752.17	  119.16	  195.28	 4102.53	  839.82	 3262.71	  326.21	 7230.68
16:03:36	 7871.33	 7752.54	  118.79	  195.61	 4102.53	  839.82	 3262.71	  326.11	 7230.82
16:03:38	 7871.33	 7751.80	  119.53	  195.65	 4102.53	  839.82	 3262.71	  326.22	 7229.93
16:03:40	 7871.33	 7752.19	  119.14	  195.69	 4102.53	  839.82	 3262.71	  326.26	 7230.24
16:03:42	 7871.33	 7753.18	  118.15	  196.00	 4102.53	  839.82	 3262.71	  326.25	 7230.93
16:03:44	 7871.33	 7753.16	  118.18	  196.04	 4102.53	  839.82	 3262.71	  326.25	 7230.86
16:03:46	 7871.33	 7755.34	  115.99	  196.33	 4102.53	  839.82	 3262.71	  326.32	 7232.70
16:03:48	 7871.33	 7752.77	  118.56	  196.37	 4102.53	  839.82	 3262.71	  326.33	 7230.07
16:03:50	 7871.33	 7756.41	  114.93	  196.42	 4102.53	  839.82	 3262.71	  326.34	 7233.65
16:03:52	 7871.33	 7753.52	  117.81	  196.73	 4102.53	  839.82	 3262.71	  326.36	 7230.43
16:03:54	 7871.33	 7753.64	  117.69	  196.78	 4102.53	  839.82	 3262.71	  326.37	 7230.49
16:03:56	 7871.33	 7754.09	  117.24	  197.05	 4102.53	  839.82	 3262.71	  326.39	 7230.65
16:03:58	 7871.33	 7753.97	  117.36	  197.11	 4102.53	  839.82	 3262.71	  326.39	 7230.47
16:04:00	 7871.33	 7753.85	  117.48	  197.14	 4102.53	  839.82	 3262.71	  326.43	 7230.28
16:04:02	 7871.33	 7754.62	  116.71	  197.45	 4102.53	  839.82	 3262.71	  326.44	 7230.73
16:04:04	 7871.33	 7754.61	  116.72	  197.48	 4102.53	  839.82	 3262.71	  326.45	 7230.68
16:04:06	 7871.33	 7755.21	  116.12	  197.73	 4102.53	  839.82	 3262.71	  326.48	 7231.00
16:04:08	 7871.33	 7757.59	  113.74	  197.75	 4102.53	  839.82	 3262.71	  326.50	 7233.34
16:04:10	 7871.33	 7754.73	  116.60	  197.77	 4102.53	  839.82	 3262.71	  326.52	 7230.44
16:04:12	 7871.33	 7755.06	  116.27	  198.04	 4102.53	  839.82	 3262.71	  326.53	 7230.50
16:04:14	 7871.33	 7745.63	  125.70	  188.07	 4102.53	  839.82	 3262.71	  326.54	 7231.03
16:04:16	 7871.33	 7746.00	  125.34	  188.35	 4102.53	  839.82	 3262.71	  326.56	 7231.09
16:04:18	 7871.33	 7746.50	  124.83	  188.37	 4102.53	  839.82	 3262.71	  326.57	 7231.57
16:04:20	 7871.33	 7745.62	  125.71	  188.39	 4102.53	  839.82	 3262.71	  326.58	 7230.64
16:04:22	 7871.33	 7745.98	  125.35	  188.66	 4102.53	  839.82	 3262.71	  326.60	 7230.71
16:04:24	 7871.33	 7746.34	  124.99	  188.69	 4102.53	  839.82	 3262.71	  326.61	 7231.05
16:04:26	 7871.33	 7746.60	  124.73	  188.96	 4102.53	  839.82	 3262.71	  326.62	 7231.02
16:04:28	 7871.33	 7745.88	  125.46	  188.99	 4102.53	  839.82	 3262.71	  326.64	 7230.24
16:04:30	 7871.33	 7746.40	  124.93	  189.00	 4102.53	  839.82	 3262.71	  326.67	 7230.73
16:04:32	 7871.33	 7746.48	  124.85	  189.26	 4102.53	  839.82	 3262.71	  326.68	 7230.54
16:04:34	 7871.33	 7746.71	  124.62	  189.28	 4102.53	  839.82	 3262.71	  326.69	 7230.73
16:04:36	 7871.33	 7747.12	  124.21	  189.55	 4102.53	  839.82	 3262.71	  326.71	 7230.85
16:04:38	 7871.33	 7746.26	  125.07	  189.58	 4102.53	  839.82	 3262.71	  326.73	 7229.96
16:04:40	 7871.33	 7748.77	  122.56	  189.59	 4102.53	  839.82	 3262.71	  326.75	 7232.43
16:04:42	 7871.33	 7747.19	  124.14	  189.86	 4102.53	  839.82	 3262.71	  326.75	 7230.58
16:04:44	 7871.33	 7747.31	  124.02	  189.87	 4102.53	  839.82	 3262.71	  326.79	 7230.65
16:04:46	 7871.33	 7747.92	  123.41	  190.14	 4102.53	  839.82	 3262.71	  326.79	 7230.99
16:04:48	 7871.33	 7748.30	  123.03	  190.16	 4102.53	  839.82	 3262.71	  326.81	 7231.33
16:04:50	 7871.33	 7747.10	  124.23	  190.18	 4102.53	  839.82	 3262.71	  326.82	 7230.11
16:04:52	 7871.33	 7747.68	  123.65	  190.45	 4102.53	  839.82	 3262.71	  326.84	 7230.40
16:04:54	 7871.33	 7747.92	  123.41	  190.46	 4102.53	  839.82	 3262.71	  326.86	 7230.60
16:04:56	 7871.33	 7748.42	  122.91	  190.72	 4102.53	  839.82	 3262.71	  326.87	 7230.82
16:04:58	 7871.33	 7748.05	  123.28	  190.74	 4102.53	  839.82	 3262.71	  326.89	 7230.43
16:05:00	 7871.33	 7748.44	  122.89	  190.77	 4102.53	  839.82	 3262.71	  326.91	 7230.77
16:05:02	 7871.33	 7751.16	  120.17	  191.05	 4102.53	  839.82	 3262.71	  326.91	 7233.20
16:05:04	 7871.33	 7749.05	  122.29	  191.07	 4102.53	  839.82	 3262.71	  326.94	 7231.04
16:05:06	 7871.33	 7749.37	  121.96	  191.38	 4102.53	  839.82	 3262.71	  326.95	 7231.05
16:05:08	 7871.33	 7748.40	  122.93	  191.40	 4102.53	  839.82	 3262.71	  326.96	 7230.05
16:05:10	 7871.33	 7748.64	  122.69	  191.42	 4102.53	  839.82	 3262.71	  326.98	 7230.25
16:05:12	 7871.33	 7749.40	  121.93	  191.71	 4102.53	  839.82	 3262.71	  327.00	 7230.69
16:05:14	 7871.33	 7749.77	  121.57	  191.75	 4102.53	  839.82	 3262.71	  327.02	 7231.00
16:05:16	 7871.33	 7750.13	  121.20	  192.04	 4102.53	  839.82	 3262.71	  327.03	 7231.06
16:05:18	 7871.33	 7749.36	  121.97	  192.09	 4102.53	  839.82	 3262.71	  327.04	 7230.23
16:05:20	 7871.33	 7749.24	  122.09	  192.14	 4102.53	  839.82	 3262.71	  327.05	 7230.05
16:05:22	 7871.33	 7751.08	  120.25	  192.41	 4102.53	  839.82	 3262.71	  327.08	 7231.59
16:05:24	 7871.33	 7750.38	  120.95	  192.43	 4102.53	  839.82	 3262.71	  327.09	 7230.86
16:05:26	 7871.33	 7750.71	  120.62	  192.73	 4102.53	  839.82	 3262.71	  327.09	 7230.89
16:05:28	 7871.33	 7750.23	  121.11	  192.78	 4102.53	  839.82	 3262.71	  327.12	 7230.33
16:05:30	 7871.33	 7750.57	  120.76	  192.80	 4102.53	  839.82	 3262.71	  327.15	 7230.62
16:05:33	 7871.33	 7750.81	  120.52	  193.08	 4102.53	  839.82	 3262.71	  327.14	 7230.59
16:05:35	 7871.33	 7753.21	  118.12	  193.10	 4102.53	  839.82	 3262.71	  327.18	 7232.93
16:05:37	 7871.33	 7751.45	  119.89	  193.38	 4102.53	  839.82	 3262.71	  327.20	 7230.88
16:05:39	 7871.33	 7750.39	  120.95	  193.43	 4102.53	  839.82	 3262.71	  327.19	 7229.77
16:05:41	 7871.33	 7751.08	  120.25	  193.70	 4102.53	  839.82	 3262.71	  327.14	 7230.25
16:05:43	 7871.33	 7751.29	  120.04	  193.71	 4102.53	  839.82	 3262.71	  327.24	 7230.34
16:05:45	 7871.33	 7751.66	  119.68	  193.77	 4102.53	  839.82	 3262.71	  327.23	 7230.65
16:05:47	 7871.33	 7752.42	  118.91	  194.05	 4102.53	  839.82	 3262.71	  327.27	 7231.10
16:05:49	 7871.33	 7751.33	  120.00	  194.08	 4102.53	  839.82	 3262.71	  327.28	 7229.97
16:05:51	 7871.33	 7751.79	  119.54	  194.38	 4102.53	  839.82	 3262.71	  327.20	 7230.22
16:05:53	 7871.33	 7752.03	  119.30	  194.42	 4102.53	  839.82	 3262.71	  327.32	 7230.29
16:05:55	 7871.33	 7752.15	  119.18	  194.46	 4102.53	  839.82	 3262.71	  327.31	 7230.38
16:05:57	 7871.33	 7757.59	  113.74	  194.74	 4102.53	  839.82	 3262.71	  327.33	 7235.52
16:05:59	 7871.33	 7752.06	  119.27	  194.75	 4102.53	  839.82	 3262.71	  327.36	 7229.95
16:06:01	 7871.33	 7752.30	  119.03	  195.04	 4102.53	  839.82	 3262.71	  327.45	 7229.82
16:06:03	 7871.33	 7752.62	  118.71	  195.07	 4102.53	  839.82	 3262.71	  327.38	 7230.18
16:06:05	 7871.33	 7752.37	  118.96	  195.11	 4102.53	  839.82	 3262.71	  327.43	 7229.84
16:06:07	 7871.33	 7753.35	  117.98	  195.41	 4102.53	  839.82	 3262.71	  327.44	 7230.50
16:06:09	 7871.33	 7755.64	  115.69	  195.45	 4102.53	  839.82	 3262.71	  327.46	 7232.73
16:06:11	 7871.33	 7753.02	  118.31	  195.75	 4102.53	  839.82	 3262.71	  327.47	 7229.80
16:06:13	 7871.33	 7753.62	  117.71	  195.79	 4102.53	  839.82	 3262.71	  327.49	 7230.34
16:06:15	 7871.33	 7753.84	  117.50	  195.84	 4102.53	  839.82	 3262.71	  327.50	 7230.50
16:06:17	 7871.33	 7754.32	  117.01	  196.12	 4102.53	  839.82	 3262.71	  327.51	 7230.69
16:06:19	 7871.33	 7753.96	  117.38	  196.14	 4102.53	  839.82	 3262.71	  327.54	 7230.28
16:06:21	 7871.33	 7754.62	  116.71	  196.43	 4102.53	  839.82	 3262.71	  327.56	 7230.62
16:06:23	 7871.33	 7754.58	  116.75	  196.47	 4102.53	  839.82	 3262.71	  327.57	 7230.54
16:06:25	 7871.33	 7754.59	  116.75	  196.50	 4102.53	  839.82	 3262.71	  327.58	 7230.51
16:06:27	 7871.33	 7754.93	  116.40	  196.78	 4102.53	  839.82	 3262.71	  327.59	 7230.57
16:06:29	 7871.33	 7756.30	  115.03	  196.82	 4102.53	  839.82	 3262.71	  327.60	 7231.88
16:06:31	 7871.33	 7754.80	  116.53	  197.09	 4102.53	  839.82	 3262.71	  327.63	 7230.08
16:06:33	 7871.33	 7755.31	  116.02	  197.14	 4102.53	  839.82	 3262.71	  327.65	 7230.52
16:06:35	 7871.33	 7755.18	  116.15	  197.16	 4102.53	  839.82	 3262.71	  327.65	 7230.37
16:06:37	 7871.33	 7755.80	  115.54	  197.43	 4102.53	  839.82	 3262.71	  327.67	 7230.70
16:06:39	 7871.33	 7755.05	  116.29	  197.47	 4102.53	  839.82	 3262.71	  327.68	 7229.90
16:06:41	 7871.33	 7755.66	  115.67	  197.75	 4102.53	  839.82	 3262.71	  327.70	 7230.21
16:06:43	 7871.33	 7756.02	  115.31	  197.78	 4102.53	  839.82	 3262.71	  327.73	 7230.51
16:06:45	 7871.33	 7756.03	  115.30	  197.81	 4102.53	  839.82	 3262.71	  327.73	 7230.48
16:06:47	 7871.33	 7756.77	  114.57	  198.10	 4102.53	  839.82	 3262.71	  327.75	 7230.91
16:06:49	 7871.33	 7756.52	  114.82	  198.13	 4102.53	  839.82	 3262.71	  327.78	 7230.61
16:06:51	 7871.33	 7751.53	  119.80	  188.41	 4102.53	  839.82	 3262.71	  327.86	 7235.26
16:06:53	 7871.33	 7747.19	  124.14	  188.43	 4102.53	  839.82	 3262.71	  327.80	 7230.95
16:06:55	 7871.33	 7747.31	  124.02	  188.45	 4102.53	  839.82	 3262.71	  327.80	 7231.05
16:06:57	 7871.33	 7747.71	  123.62	  188.74	 4102.53	  839.82	 3262.71	  327.83	 7231.14
16:06:59	 7871.33	 7746.86	  124.47	  188.77	 4102.53	  839.82	 3262.71	  327.85	 7230.25
16:07:01	 7871.33	 7747.71	  123.62	  189.02	 4102.53	  839.82	 3262.71	  327.86	 7230.83
16:07:03	 7871.33	 7747.68	  123.66	  189.04	 4102.53	  839.82	 3262.71	  327.89	 7230.75
16:07:05	 7871.33	 7748.05	  123.29	  189.06	 4102.53	  839.82	 3262.71	  327.91	 7231.08
16:07:07	 7871.33	 7748.29	  123.04	  189.33	 4102.53	  839.82	 3262.71	  327.91	 7231.05
16:07:09	 7871.33	 7750.05	  121.28	  189.35	 4102.53	  839.82	 3262.71	  327.93	 7232.78
16:07:11	 7871.33	 7748.19	  123.14	  189.62	 4102.53	  839.82	 3262.71	  327.95	 7230.62
16:07:13	 7871.33	 7751.65	  119.68	  189.63	 4102.53	  839.82	 3262.71	  327.97	 7234.05
16:07:15	 7871.33	 7748.64	  122.69	  189.65	 4102.53	  839.82	 3262.71	  327.99	 7231.00
16:07:17	 7871.33	 7749.02	  122.32	  189.94	 4102.53	  839.82	 3262.71	  328.00	 7231.08
16:07:19	 7871.33	 7750.01	  121.32	  189.98	 4102.53	  839.82	 3262.71	  328.02	 7232.01
16:07:21	 7871.33	 7749.05	  122.29	  190.28	 4102.53	  839.82	 3262.71	  328.02	 7230.75
16:07:23	 7871.33	 7749.04	  122.29	  190.31	 4102.53	  839.82	 3262.71	  328.05	 7230.68
16:07:25	 7871.33	 7749.51	  121.82	  190.32	 4102.53	  839.82	 3262.71	  328.06	 7231.12
16:07:27	 7871.33	 7749.38	  121.95	  190.59	 4102.53	  839.82	 3262.71	  328.07	 7230.72
16:07:29	 7871.33	 7749.61	  121.72	  190.62	 4102.53	  839.82	 3262.71	  328.07	 7230.92
16:07:31	 7871.33	 7750.73	  120.61	  190.89	 4102.53	  839.82	 3262.71	  328.11	 7231.73
16:07:33	 7871.33	 7749.63	  121.70	  190.91	 4102.53	  839.82	 3262.71	  328.13	 7230.59
16:07:35	 7871.33	 7750.02	  121.31	  190.95	 4102.53	  839.82	 3262.71	  328.14	 7230.94
16:07:37	 7871.33	 7750.23	  121.10	  191.23	 4102.53	  839.82	 3262.71	  328.14	 7230.86
16:07:39	 7871.33	 7749.38	  121.95	  191.27	 4102.53	  839.82	 3262.71	  328.16	 7229.95
16:07:41	 7871.33	 7750.09	  121.24	  191.55	 4102.53	  839.82	 3262.71	  328.18	 7230.36
16:07:43	 7871.33	 7750.60	  120.73	  191.58	 4102.53	  839.82	 3262.71	  328.20	 7230.81
16:07:45	 7871.33	 7752.71	  118.62	  191.61	 4102.53	  839.82	 3262.71	  328.22	 7232.88
16:07:47	 7871.33	 7751.18	  120.15	  191.88	 4102.53	  839.82	 3262.71	  328.26	 7231.04
16:07:49	 7871.33	 7750.45	  120.88	  191.91	 4102.53	  839.82	 3262.71	  328.25	 7230.29
16:07:51	 7871.33	 7751.18	  120.15	  192.20	 4102.53	  839.82	 3262.71	  328.28	 7230.71
16:07:53	 7871.33	 7754.04	  117.29	  192.21	 4102.53	  839.82	 3262.71	  328.31	 7233.52
16:07:55	 7871.33	 7751.44	  119.89	  192.22	 4102.53	  839.82	 3262.71	  328.32	 7230.89
16:07:57	 7871.33	 7752.16	  119.17	  192.51	 4102.53	  839.82	 3262.71	  328.33	 7231.32
16:07:59	 7871.33	 7751.54	  119.79	  192.52	 4102.53	  839.82	 3262.71	  328.36	 7230.67
16:08:02	 7871.33	 7751.91	  119.43	  192.79	 4102.53	  839.82	 3262.71	  328.36	 7230.76
16:08:04	 7871.33	 7752.27	  119.06	  192.82	 4102.53	  839.82	 3262.71	  328.38	 7231.07
16:08:06	 7871.33	 7752.46	  118.87	  193.08	 4102.53	  839.82	 3262.71	  328.32	 7231.06
16:08:08	 7871.33	 7754.92	  116.41	  193.12	 4102.53	  839.82	 3262.71	  328.39	 7233.41
16:08:10	 7871.33	 7751.82	  119.52	  193.13	 4102.53	  839.82	 3262.71	  328.43	 7230.25
16:08:12	 7871.33	 7752.51	  118.82	  193.42	 4102.53	  839.82	 3262.71	  328.41	 7230.68
16:08:14	 7871.33	 7753.00	  118.33	  193.47	 4102.53	  839.82	 3262.71	  328.45	 7231.09
16:08:16	 7871.33	 7754.47	  116.86	  193.75	 4102.53	  839.82	 3262.71	  328.40	 7232.32
16:08:18	 7871.33	 7752.54	  118.80	  193.79	 4102.53	  839.82	 3262.71	  328.48	 7230.27
16:08:20	 7871.33	 7752.54	  118.79	  193.80	 4102.53	  839.82	 3262.71	  328.50	 7230.24
16:08:22	 7871.33	 7752.92	  118.41	  194.07	 4102.53	  839.82	 3262.71	  328.50	 7230.35
16:08:24	 7871.33	 7753.38	  117.96	  194.11	 4102.53	  839.82	 3262.71	  328.52	 7230.74
16:08:26	 7871.33	 7753.61	  117.72	  194.42	 4102.53	  839.82	 3262.71	  328.61	 7230.58
16:08:28	 7871.33	 7752.66	  118.68	  194.45	 4102.53	  839.82	 3262.71	  328.55	 7229.65
16:08:30	 7871.33	 7753.54	  117.79	  194.49	 4102.53	  839.82	 3262.71	  328.56	 7230.49
16:08:32	 7871.33	 7753.99	  117.34	  194.76	 4102.53	  839.82	 3262.71	  328.61	 7230.61
16:08:34	 7871.33	 7754.20	  117.13	  194.81	 4102.53	  839.82	 3262.71	  328.63	 7230.76
16:08:36	 7871.33	 7754.32	  117.01	  195.11	 4102.53	  839.82	 3262.71	  328.65	 7230.56
16:08:38	 7871.33	 7753.84	  117.50	  195.14	 4102.53	  839.82	 3262.71	  328.66	 7230.04
16:08:40	 7871.33	 7756.12	  115.21	  195.17	 4102.53	  839.82	 3262.71	  328.68	 7232.27
16:08:42	 7871.33	 7754.23	  117.10	  195.47	 4102.53	  839.82	 3262.71	  328.68	 7230.07
16:08:44	 7871.33	 7754.84	  116.50	  195.51	 4102.53	  839.82	 3262.71	  328.71	 7230.62
16:08:46	 7871.33	 7755.45	  115.88	  195.77	 4102.53	  839.82	 3262.71	  328.72	 7230.96
16:08:48	 7871.33	 7754.68	  116.65	  195.79	 4102.53	  839.82	 3262.71	  328.74	 7230.15
16:08:50	 7871.33	 7755.18	  116.15	  195.81	 4102.53	  839.82	 3262.71	  328.75	 7230.62
16:08:52	 7871.33	 7755.68	  115.66	  196.08	 4102.53	  839.82	 3262.71	  328.77	 7230.83
16:08:54	 7871.33	 7755.67	  115.66	  196.11	 4102.53	  839.82	 3262.71	  328.78	 7230.77
16:08:56	 7871.33	 7756.39	  114.95	  196.38	 4102.53	  839.82	 3262.71	  328.79	 7231.22
16:08:58	 7871.33	 7755.41	  115.92	  196.39	 4102.53	  839.82	 3262.71	  328.81	 7230.20
16:09:00	 7871.33	 7755.29	  116.04	  196.41	 4102.53	  839.82	 3262.71	  328.83	 7230.05
16:09:02	 7871.33	 7758.92	  112.41	  196.68	 4102.53	  839.82	 3262.71	  328.85	 7233.39
16:09:04	 7871.33	 7756.17	  115.16	  196.70	 4102.53	  839.82	 3262.71	  328.86	 7230.61
16:09:06	 7871.33	 7756.77	  114.56	  196.96	 4102.53	  839.82	 3262.71	  328.88	 7230.93
16:09:08	 7871.33	 7756.02	  115.32	  196.98	 4102.53	  839.82	 3262.71	  328.89	 7230.14
16:09:10	 7871.33	 7756.14	  115.20	  197.01	 4102.53	  839.82	 3262.71	  328.91	 7230.22
16:09:12	 7871.33	 7757.92	  113.41	  197.27	 4102.53	  839.82	 3262.71	  328.92	 7231.73
16:09:14	 7871.33	 7756.89	  114.44	  197.29	 4102.53	  839.82	 3262.71	  328.95	 7230.66
16:09:16	 7871.33	 7757.35	  113.98	  197.55	 4102.53	  839.82	 3262.71	  328.96	 7230.83
16:09:18	 7871.33	 7757.11	  114.23	  197.59	 4102.53	  839.82	 3262.71	  328.97	 7230.54
16:09:20	 7871.33	 7757.47	  113.86	  197.63	 4102.53	  839.82	 3262.71	  328.98	 7230.86
16:09:22	 7871.33	 7758.07	  113.26	  197.91	 4102.53	  839.82	 3262.71	  329.00	 7231.16
16:09:24	 7871.33	 7751.62	  119.71	  188.29	 4102.53	  839.82	 3262.71	  328.91	 7234.42
16:09:26	 7871.33	 7748.43	  122.91	  188.57	 4102.53	  839.82	 3262.71	  328.93	 7230.93
16:09:28	 7871.33	 7748.15	  123.18	  188.58	 4102.53	  839.82	 3262.71	  328.95	 7230.62
16:09:30	 7871.33	 7748.40	  122.93	  188.61	 4102.53	  839.82	 3262.71	  328.96	 7230.84
16:09:32	 7871.33	 7748.63	  122.70	  188.87	 4102.53	  839.82	 3262.71	  328.97	 7230.79
16:09:34	 7871.33	 7751.39	  119.95	  188.89	 4102.53	  839.82	 3262.71	  329.00	 7233.50
16:09:36	 7871.33	 7749.16	  122.17	  189.16	 4102.53	  839.82	 3262.71	  329.01	 7230.98
16:09:38	 7871.33	 7748.80	  122.54	  189.26	 4102.53	  839.82	 3262.71	  329.03	 7230.51
16:09:40	 7871.33	 7749.02	  122.32	  189.28	 4102.53	  839.82	 3262.71	  329.03	 7230.70
16:09:42	 7871.33	 7748.99	  122.34	  189.56	 4102.53	  839.82	 3262.71	  329.04	 7230.39
16:09:44	 7871.33	 7749.60	  121.73	  189.60	 4102.53	  839.82	 3262.71	  329.07	 7230.93
16:09:46	 7871.33	 7752.72	  118.61	  189.89	 4102.53	  839.82	 3262.71	  329.07	 7233.75
16:09:48	 7871.33	 7749.42	  121.91	  189.93	 4102.53	  839.82	 3262.71	  329.09	 7230.40
16:09:50	 7871.33	 7749.48	  121.85	  189.95	 4102.53	  839.82	 3262.71	  329.11	 7230.43
16:09:52	 7871.33	 7749.86	  121.47	  190.26	 4102.53	  839.82	 3262.71	  329.10	 7230.51
16:09:54	 7871.33	 7749.98	  121.35	  190.32	 4102.53	  839.82	 3262.71	  329.13	 7230.54
16:09:56	 7871.33	 7751.67	  119.66	  190.61	 4102.53	  839.82	 3262.71	  329.16	 7231.90
16:09:58	 7871.33	 7749.98	  121.35	  190.64	 4102.53	  839.82	 3262.71	  329.18	 7230.17
16:10:00	 7871.33	 7750.84	  120.49	  190.67	 4102.53	  839.82	 3262.71	  329.20	 7230.98
16:10:02	 7871.33	 7750.96	  120.37	  190.93	 4102.53	  839.82	 3262.71	  329.21	 7230.82
16:10:04	 7871.33	 7751.06	  120.27	  190.97	 4102.53	  839.82	 3262.71	  329.23	 7230.86
16:10:06	 7871.33	 7751.68	  119.65	  191.26	 4102.53	  839.82	 3262.71	  329.24	 7231.18
16:10:08	 7871.33	 7758.36	  112.97	  191.30	 4102.53	  839.82	 3262.71	  329.26	 7237.80
16:10:10	 7871.33	 7750.85	  120.48	  191.34	 4102.53	  839.82	 3262.71	  329.28	 7230.23
16:10:12	 7871.33	 7751.33	  120.00	  191.63	 4102.53	  839.82	 3262.71	  329.30	 7230.40
16:10:14	 7871.33	 7751.33	  120.00	  191.66	 4102.53	  839.82	 3262.71	  329.32	 7230.36
16:10:16	 7871.33	 7752.03	  119.30	  191.94	 4102.53	  839.82	 3262.71	  329.32	 7230.77
16:10:18	 7871.33	 7751.91	  119.43	  191.95	 4102.53	  839.82	 3262.71	  329.36	 7230.60
16:10:20	 7871.33	 7752.56	  118.77	  191.97	 4102.53	  839.82	 3262.71	  329.38	 7231.21
16:10:22	 7871.33	 7752.92	  118.41	  192.25	 4102.53	  839.82	 3262.71	  329.38	 7231.29
16:10:24	 7871.33	 7753.19	  118.14	  192.27	 4102.53	  839.82	 3262.71	  329.40	 7231.52
16:10:26	 7871.33	 7753.41	  117.93	  192.55	 4102.53	  839.82	 3262.71	  329.41	 7231.45
16:10:28	 7871.33	 7752.89	  118.44	  192.57	 4102.53	  839.82	 3262.71	  329.43	 7230.89
16:10:30	 7871.33	 7753.42	  117.91	  192.59	 4102.53	  839.82	 3262.71	  329.45	 7231.39
16:10:32	 7871.33	 7753.64	  117.69	  192.86	 4102.53	  839.82	 3262.71	  329.46	 7231.32
16:10:35	 7871.33	 7753.88	  117.45	  192.86	 4102.53	  839.82	 3262.71	  329.47	 7231.55
16:10:37	 7871.33	 7753.97	  117.36	  193.14	 4102.53	  839.82	 3262.71	  329.48	 7231.35
16:10:39	 7871.33	 7753.25	  118.09	  193.16	 4102.53	  839.82	 3262.71	  329.50	 7230.58
16:10:41	 7871.33	 7756.02	  115.31	  193.45	 4102.53	  839.82	 3262.71	  329.43	 7233.14
16:10:43	 7871.33	 7756.58	  114.75	  193.48	 4102.53	  839.82	 3262.71	  329.52	 7233.58
16:10:45	 7871.33	 7754.23	  117.10	  193.48	 4102.53	  839.82	 3262.71	  329.55	 7231.19
16:10:47	 7871.33	 7754.60	  116.73	  193.75	 4102.53	  839.82	 3262.71	  329.56	 7231.29
16:10:49	 7871.33	 7754.10	  117.23	  193.77	 4102.53	  839.82	 3262.71	  329.58	 7230.75
16:10:51	 7871.33	 7754.58	  116.75	  194.04	 4102.53	  839.82	 3262.71	  329.52	 7231.02
16:10:53	 7871.33	 7754.83	  116.50	  194.06	 4102.53	  839.82	 3262.71	  329.61	 7231.16
16:10:55	 7871.33	 7755.09	  116.24	  194.08	 4102.53	  839.82	 3262.71	  329.63	 7231.39
16:10:57	 7871.33	 7755.34	  116.00	  194.34	 4102.53	  839.82	 3262.71	  329.65	 7231.35
16:10:59	 7871.33	 7754.48	  116.85	  194.36	 4102.53	  839.82	 3262.71	  329.68	 7230.44
16:11:01	 7871.33	 7754.95	  116.38	  194.63	 4102.53	  839.82	 3262.71	  329.70	 7230.62
16:11:03	 7871.33	 7758.64	  112.70	  194.64	 4102.53	  839.82	 3262.71	  329.71	 7234.28
16:11:05	 7871.33	 7755.81	  115.52	  194.66	 4102.53	  839.82	 3262.71	  329.72	 7231.43
16:11:07	 7871.33	 7755.81	  115.52	  194.91	 4102.53	  839.82	 3262.71	  329.74	 7231.16
16:11:09	 7871.33	 7755.19	  116.14	  194.95	 4102.53	  839.82	 3262.71	  329.76	 7230.48
16:11:11	 7871.33	 7755.92	  115.41	  195.21	 4102.53	  839.82	 3262.71	  329.77	 7230.93
16:11:13	 7871.33	 7756.27	  115.07	  195.23	 4102.53	  839.82	 3262.71	  329.79	 7231.25
16:11:15	 7871.33	 7758.12	  113.21	  195.24	 4102.53	  839.82	 3262.71	  329.79	 7233.09
16:11:17	 7871.33	 7759.39	  111.94	  195.54	 4102.53	  839.82	 3262.71	  329.81	 7234.05
16:11:19	 7871.33	 7756.92	  114.41	  195.55	 4102.53	  839.82	 3262.71	  329.83	 7231.53
16:11:21	 7871.33	 7756.66	  114.67	  195.83	 4102.53	  839.82	 3262.71	  329.84	 7230.99
16:11:23	 7871.33	 7756.90	  114.43	  195.86	 4102.53	  839.82	 3262.71	  329.86	 7231.18
16:11:25	 7871.33	 7756.87	  114.46	  195.89	 4102.53	  839.82	 3262.71	  329.88	 7231.10
16:11:27	 7871.33	 7757.36	  113.98	  196.16	 4102.53	  839.82	 3262.71	  329.91	 7231.29
16:11:29	 7871.33	 7756.79	  114.54	  196.18	 4102.53	  839.82	 3262.71	  329.92	 7230.69
16:11:31	 7871.33	 7756.90	  114.43	  196.46	 4102.53	  839.82	 3262.71	  329.93	 7230.52
16:11:33	 7871.33	 7758.78	  112.55	  196.50	 4102.53	  839.82	 3262.71	  329.96	 7232.33
16:11:35	 7871.33	 7760.52	  110.82	  196.52	 4102.53	  839.82	 3262.71	  329.96	 7234.04
16:11:37	 7871.33	 7757.60	  113.73	  196.81	 4102.53	  839.82	 3262.71	  329.99	 7230.79
16:11:39	 7871.33	 7757.88	  113.45	  196.84	 4102.53	  839.82	 3262.71	  330.00	 7231.04
16:11:41	 7871.33	 7758.10	  113.23	  197.12	 4102.53	  839.82	 3262.71	  330.02	 7230.95
16:11:43	 7871.33	 7757.86	  113.47	  197.16	 4102.53	  839.82	 3262.71	  330.02	 7230.68
16:11:45	 7871.33	 7758.70	  112.64	  197.21	 4102.53	  839.82	 3262.71	  330.04	 7231.45
16:11:47	 7871.33	 7748.76	  122.57	  187.70	 4102.53	  839.82	 3262.71	  329.86	 7231.20
16:11:49	 7871.33	 7748.15	  123.18	  187.76	 4102.53	  839.82	 3262.71	  329.89	 7230.50
16:11:51	 7871.33	 7752.23	  119.10	  188.07	 4102.53	  839.82	 3262.71	  329.88	 7234.29
16:11:53	 7871.33	 7749.14	  122.19	  188.09	 4102.53	  839.82	 3262.71	  329.92	 7231.14
16:11:55	 7871.33	 7749.52	  121.82	  188.11	 4102.53	  839.82	 3262.71	  329.93	 7231.48
16:11:57	 7871.33	 7753.19	  118.14	  188.38	 4102.53	  839.82	 3262.71	  329.94	 7234.87
16:11:59	 7871.33	 7749.00	  122.33	  188.39	 4102.53	  839.82	 3262.71	  329.97	 7230.64
16:12:01	 7871.33	 7749.36	  121.98	  188.67	 4102.53	  839.82	 3262.71	  329.98	 7230.71
16:12:03	 7871.33	 7750.00	  121.33	  188.72	 4102.53	  839.82	 3262.71	  329.99	 7231.29
16:12:05	 7871.33	 7749.89	  121.44	  188.76	 4102.53	  839.82	 3262.71	  330.00	 7231.14
16:12:07	 7871.33	 7751.01	  120.32	  189.05	 4102.53	  839.82	 3262.71	  329.99	 7231.96
16:12:09	 7871.33	 7749.86	  121.48	  189.10	 4102.53	  839.82	 3262.71	  330.04	 7230.72
16:12:11	 7871.33	 7750.32	  121.01	  189.41	 4102.53	  839.82	 3262.71	  330.04	 7230.87
16:12:13	 7871.33	 7750.36	  120.97	  189.47	 4102.53	  839.82	 3262.71	  330.06	 7230.84
16:12:15	 7871.33	 7750.62	  120.71	  189.49	 4102.53	  839.82	 3262.71	  330.10	 7231.03
16:12:17	 7871.33	 7751.11	  120.23	  189.78	 4102.53	  839.82	 3262.71	  330.10	 7231.22
16:12:19	 7871.33	 7750.98	  120.36	  189.81	 4102.53	  839.82	 3262.71	  330.12	 7231.04
16:12:21	 7871.33	 7750.97	  120.36	  190.11	 4102.53	  839.82	 3262.71	  330.13	 7230.73
16:12:23	 7871.33	 7751.29	  120.04	  190.13	 4102.53	  839.82	 3262.71	  330.16	 7231.01
16:12:25	 7871.33	 7754.02	  117.31	  190.17	 4102.53	  839.82	 3262.71	  330.16	 7233.68
16:12:27	 7871.33	 7752.04	  119.30	  190.44	 4102.53	  839.82	 3262.71	  330.19	 7231.41
16:12:29	 7871.33	 7754.79	  116.55	  190.45	 4102.53	  839.82	 3262.71	  330.21	 7234.13
16:12:31	 7871.33	 7751.91	  119.43	  190.75	 4102.53	  839.82	 3262.71	  330.20	 7230.96
16:12:33	 7871.33	 7751.91	  119.43	  190.78	 4102.53	  839.82	 3262.71	  330.23	 7230.90
16:12:35	 7871.33	 7752.15	  119.18	  190.82	 4102.53	  839.82	 3262.71	  330.23	 7231.09
16:12:37	 7871.33	 7752.53	  118.80	  191.14	 4102.53	  839.82	 3262.71	  330.27	 7231.12
16:12:39	 7871.33	 7751.92	  119.41	  191.18	 4102.53	  839.82	 3262.71	  330.28	 7230.46
16:12:41	 7871.33	 7752.41	  118.93	  191.45	 4102.53	  839.82	 3262.71	  330.29	 7230.66
16:12:43	 7871.33	 7752.53	  118.80	  191.51	 4102.53	  839.82	 3262.71	  330.30	 7230.72
16:12:45	 7871.33	 7752.63	  118.70	  191.54	 4102.53	  839.82	 3262.71	  330.32	 7230.78
16:12:47	 7871.33	 7752.54	  118.80	  191.86	 4102.53	  839.82	 3262.71	  330.32	 7230.35
16:12:49	 7871.33	 7752.04	  119.30	  191.88	 4102.53	  839.82	 3262.71	  330.36	 7229.80
16:12:52	 7871.33	 7753.14	  118.19	  192.15	 4102.53	  839.82	 3262.71	  330.36	 7230.62
16:12:54	 7871.33	 7753.50	  117.84	  192.18	 4102.53	  839.82	 3262.71	  330.39	 7230.93
16:12:56	 7871.33	 7753.84	  117.50	  192.45	 4102.53	  839.82	 3262.71	  330.33	 7231.06
16:12:58	 7871.33	 7753.35	  117.98	  192.48	 4102.53	  839.82	 3262.71	  330.43	 7230.44
16:13:00	 7871.33	 7756.37	  114.96	  192.51	 4102.53	  839.82	 3262.71	  330.45	 7233.41
16:13:02	 7871.33	 7756.03	  115.30	  192.79	 4102.53	  839.82	 3262.71	  330.45	 7232.80
16:13:04	 7871.33	 7754.36	  116.97	  192.79	 4102.53	  839.82	 3262.71	  330.48	 7231.09
16:13:06	 7871.33	 7754.84	  116.49	  193.05	 4102.53	  839.82	 3262.71	  330.40	 7231.39
16:13:08	 7871.33	 7754.12	  117.21	  193.09	 4102.53	  839.82	 3262.71	  330.50	 7230.53
16:13:10	 7871.33	 7754.54	  116.80	  193.10	 4102.53	  839.82	 3262.71	  330.52	 7230.91
16:13:12	 7871.33	 7755.74	  115.59	  193.38	 4102.53	  839.82	 3262.71	  330.52	 7231.83
16:13:14	 7871.33	 7755.72	  115.61	  193.42	 4102.53	  839.82	 3262.71	  330.55	 7231.75
16:13:16	 7871.33	 7756.20	  115.13	  193.68	 4102.53	  839.82	 3262.71	  330.48	 7232.04
16:13:18	 7871.33	 7755.47	  115.86	  193.71	 4102.53	  839.82	 3262.71	  330.58	 7231.19
16:13:20	 7871.33	 7755.56	  115.77	  193.72	 4102.53	  839.82	 3262.71	  330.60	 7231.24
16:13:22	 7871.33	 7756.18	  115.16	  193.99	 4102.53	  839.82	 3262.71	  330.63	 7231.56
16:13:24	 7871.33	 7760.00	  111.33	  194.01	 4102.53	  839.82	 3262.71	  330.65	 7235.34
16:13:26	 7871.33	 7756.27	  115.06	  194.29	 4102.53	  839.82	 3262.71	  330.66	 7231.32
16:13:28	 7871.33	 7755.55	  115.79	  194.33	 4102.53	  839.82	 3262.71	  330.68	 7230.54
16:13:30	 7871.33	 7755.91	  115.42	  194.36	 4102.53	  839.82	 3262.71	  330.70	 7230.85
16:13:32	 7871.33	 7756.52	  114.81	  194.62	 4102.53	  839.82	 3262.71	  330.70	 7231.20
16:13:34	 7871.33	 7759.55	  111.79	  194.68	 4102.53	  839.82	 3262.71	  330.72	 7234.14
16:13:36	 7871.33	 7757.03	  114.30	  194.95	 4102.53	  839.82	 3262.71	  330.74	 7231.34
16:13:38	 7871.33	 7756.27	  115.06	  194.97	 4102.53	  839.82	 3262.71	  330.76	 7230.55
16:13:40	 7871.33	 7756.52	  114.82	  195.00	 4102.53	  839.82	 3262.71	  330.77	 7230.74
16:13:42	 7871.33	 7757.00	  114.33	  195.26	 4102.53	  839.82	 3262.71	  330.80	 7230.94
16:13:44	 7871.33	 7757.12	  114.21	  195.28	 4102.53	  839.82	 3262.71	  330.82	 7231.03
16:13:46	 7871.33	 7747.99	  123.34	  187.71	 4102.53	  839.82	 3262.71	  328.91	 7231.37
16:13:48	 7871.33	 7746.98	  124.35	  187.73	 4102.53	  839.82	 3262.71	  328.93	 7230.32
16:13:50	 7871.33	 7747.55	  123.78	  187.78	 4102.53	  839.82	 3262.71	  328.93	 7230.84
16:13:52	 7871.33	 7747.92	  123.41	  188.05	 4102.53	  839.82	 3262.71	  328.96	 7230.91
16:13:54	 7871.33	 7748.16	  123.17	  188.07	 4102.53	  839.82	 3262.71	  328.96	 7231.12
16:13:56	 7871.33	 7752.12	  119.21	  188.34	 4102.53	  839.82	 3262.71	  328.99	 7234.79
16:13:58	 7871.33	 7748.43	  122.90	  188.37	 4102.53	  839.82	 3262.71	  329.00	 7231.06
16:14:00	 7871.33	 7748.31	  123.02	  188.41	 4102.53	  839.82	 3262.71	  329.02	 7230.89
16:14:02	 7871.33	 7748.53	  122.80	  188.70	 4102.53	  839.82	 3262.71	  329.04	 7230.80
16:14:04	 7871.33	 7748.89	  122.44	  188.73	 4102.53	  839.82	 3262.71	  329.06	 7231.10
16:14:06	 7871.33	 7749.50	  121.83	  189.04	 4102.53	  839.82	 3262.71	  329.07	 7231.39
16:14:08	 7871.33	 7752.88	  118.45	  189.06	 4102.53	  839.82	 3262.71	  329.08	 7234.74
16:14:10	 7871.33	 7748.93	  122.41	  189.09	 4102.53	  839.82	 3262.71	  329.10	 7230.74
16:14:12	 7871.33	 7749.53	  121.80	  189.36	 4102.53	  839.82	 3262.71	  329.12	 7231.05
16:14:14	 7871.33	 7749.38	  121.95	  189.39	 4102.53	  839.82	 3262.71	  329.14	 7230.86
16:14:16	 7871.33	 7749.86	  121.47	  189.67	 4102.53	  839.82	 3262.71	  329.15	 7231.05
16:14:18	 7871.33	 7749.78	  121.55	  189.70	 4102.53	  839.82	 3262.71	  329.16	 7230.92
16:14:20	 7871.33	 7750.63	  120.70	  189.70	 4102.53	  839.82	 3262.71	  329.20	 7231.73
16:14:22	 7871.33	 7750.14	  121.19	  189.98	 4102.53	  839.82	 3262.71	  329.19	 7230.98
16:14:24	 7871.33	 7749.92	  121.41	  190.00	 4102.53	  839.82	 3262.71	  329.21	 7230.71
16:14:26	 7871.33	 7750.49	  120.84	  190.29	 4102.53	  839.82	 3262.71	  329.21	 7230.99
16:14:28	 7871.33	 7750.01	  121.32	  190.32	 4102.53	  839.82	 3262.71	  329.25	 7230.43
16:14:30	 7871.33	 7750.27	  121.07	  190.36	 4102.53	  839.82	 3262.71	  329.26	 7230.65
16:14:32	 7871.33	 7752.01	  119.32	  190.66	 4102.53	  839.82	 3262.71	  329.27	 7232.08
16:14:34	 7871.33	 7750.75	  120.58	  190.68	 4102.53	  839.82	 3262.71	  329.30	 7230.77
16:14:36	 7871.33	 7751.34	  119.99	  191.00	 4102.53	  839.82	 3262.71	  329.29	 7231.05
16:14:38	 7871.33	 7750.27	  121.07	  191.06	 4102.53	  839.82	 3262.71	  329.30	 7229.90
16:14:40	 7871.33	 7753.32	  118.02	  191.09	 4102.53	  839.82	 3262.71	  329.32	 7232.90
16:14:42	 7871.33	 7751.08	  120.25	  191.36	 4102.53	  839.82	 3262.71	  329.35	 7230.38
16:14:44	 7871.33	 7751.48	  119.86	  191.39	 4102.53	  839.82	 3262.71	  329.37	 7230.71
16:14:46	 7871.33	 7751.59	  119.74	  191.70	 4102.53	  839.82	 3262.71	  329.37	 7230.52
16:14:48	 7871.33	 7753.31	  118.02	  191.73	 4102.53	  839.82	 3262.71	  329.39	 7232.19
16:14:50	 7871.33	 7751.46	  119.87	  191.77	 4102.53	  839.82	 3262.71	  329.41	 7230.29
16:14:52	 7871.33	 7752.41	  118.92	  192.08	 4102.53	  839.82	 3262.71	  329.41	 7230.93
16:14:54	 7871.33	 7752.45	  118.89	  192.10	 4102.53	  839.82	 3262.71	  329.45	 7230.90
16:14:56	 7871.33	 7752.91	  118.42	  192.40	 4102.53	  839.82	 3262.71	  329.45	 7231.07
16:14:58	 7871.33	 7752.31	  119.02	  192.43	 4102.53	  839.82	 3262.71	  329.47	 7230.40
16:15:00	 7871.33	 7752.54	  118.80	  192.45	 4102.53	  839.82	 3262.71	  329.49	 7230.59
16:15:03	 7871.33	 7753.06	  118.27	  192.74	 4102.53	  839.82	 3262.71	  329.49	 7230.83
16:15:05	 7871.33	 7753.12	  118.21	  192.75	 4102.53	  839.82	 3262.71	  329.54	 7230.84
16:15:07	 7871.33	 7756.35	  114.98	  193.03	 4102.53	  839.82	 3262.71	  329.54	 7233.79
16:15:09	 7871.33	 7752.94	  118.39	  193.05	 4102.53	  839.82	 3262.71	  329.56	 7230.32
16:15:11	 7871.33	 7753.40	  117.93	  193.31	 4102.53	  839.82	 3262.71	  329.50	 7230.59
16:15:13	 7871.33	 7755.35	  115.98	  193.35	 4102.53	  839.82	 3262.71	  329.58	 7232.42
16:15:15	 7871.33	 7754.53	  116.80	  193.36	 4102.53	  839.82	 3262.71	  329.61	 7231.56
16:15:17	 7871.33	 7754.75	  116.59	  193.62	 4102.53	  839.82	 3262.71	  329.62	 7231.50
16:15:19	 7871.33	 7755.79	  115.55	  193.66	 4102.53	  839.82	 3262.71	  329.63	 7232.50
16:15:21	 7871.33	 7754.76	  116.57	  193.92	 4102.53	  839.82	 3262.71	  329.56	 7231.28
16:15:23	 7871.33	 7754.88	  116.45	  193.94	 4102.53	  839.82	 3262.71	  329.65	 7231.29
16:15:25	 7871.33	 7755.21	  116.12	  193.95	 4102.53	  839.82	 3262.71	  329.68	 7231.58
16:15:27	 7871.33	 7755.46	  115.88	  194.21	 4102.53	  839.82	 3262.71	  329.70	 7231.55
16:15:29	 7871.33	 7754.60	  116.73	  194.24	 4102.53	  839.82	 3262.71	  329.70	 7230.66
16:15:31	 7871.33	 7754.75	  116.59	  194.52	 4102.53	  839.82	 3262.71	  329.65	 7230.57
16:15:33	 7871.33	 7755.09	  116.24	  194.54	 4102.53	  839.82	 3262.71	  329.77	 7230.78
16:15:35	 7871.33	 7758.32	  113.01	  194.57	 4102.53	  839.82	 3262.71	  329.78	 7233.97
16:15:37	 7871.33	 7755.93	  115.41	  194.85	 4102.53	  839.82	 3262.71	  329.79	 7231.29
16:15:39	 7871.33	 7757.21	  114.12	  194.86	 4102.53	  839.82	 3262.71	  329.82	 7232.54
16:15:41	 7871.33	 7755.96	  115.37	  195.15	 4102.53	  839.82	 3262.71	  329.82	 7231.00
16:15:43	 7871.33	 7756.19	  115.14	  195.16	 4102.53	  839.82	 3262.71	  329.84	 7231.19
16:15:45	 7871.33	 7756.07	  115.26	  195.19	 4102.53	  839.82	 3262.71	  329.84	 7231.04
16:15:47	 7871.33	 7756.42	  114.91	  195.46	 4102.53	  839.82	 3262.71	  329.87	 7231.09
16:15:49	 7871.33	 7755.56	  115.77	  195.46	 4102.53	  839.82	 3262.71	  329.89	 7230.21
16:15:51	 7871.33	 7756.29	  115.04	  195.75	 4102.53	  839.82	 3262.71	  329.90	 7230.64
16:15:53	 7871.33	 7759.25	  112.08	  195.77	 4102.53	  839.82	 3262.71	  329.92	 7233.56
16:15:55	 7871.33	 7756.54	  114.79	  195.79	 4102.53	  839.82	 3262.71	  329.94	 7230.81
16:15:57	 7871.33	 7758.37	  112.96	  196.06	 4102.53	  839.82	 3262.71	  329.95	 7232.36
16:15:59	 7871.33	 7756.40	  114.93	  196.08	 4102.53	  839.82	 3262.71	  329.96	 7230.36
16:16:01	 7871.33	 7756.76	  114.57	  196.37	 4102.53	  839.82	 3262.71	  329.97	 7230.42
16:16:03	 7871.33	 7756.88	  114.45	  196.41	 4102.53	  839.82	 3262.71	  330.00	 7230.47
16:16:05	 7871.33	 7757.14	  114.20	  196.44	 4102.53	  839.82	 3262.71	  330.01	 7230.69
16:16:07	 7871.33	 7754.71	  116.62	  184.68	 4102.53	  839.82	 3262.71	  329.16	 7240.88
16:16:09	 7871.33	 7756.99	  114.34	  184.84	 4102.53	  839.82	 3262.71	  329.27	 7242.89
16:16:11	 7871.33	 7756.49	  114.84	  185.12	 4102.53	  839.82	 3262.71	  329.29	 7242.08
16:16:13	 7871.33	 7757.36	  113.97	  185.18	 4102.53	  839.82	 3262.71	  329.29	 7242.88
16:16:15	 7871.33	 7758.30	  113.03	  185.22	 4102.53	  839.82	 3262.71	  329.30	 7243.78
16:16:17	 7871.33	 7757.80	  113.54	  185.55	 4102.53	  839.82	 3262.71	  329.44	 7242.80
16:16:19	 7871.33	 7753.08	  118.25	  185.60	 4102.53	  839.82	 3262.71	  329.47	 7238.01
16:16:21	 7871.33	 7753.52	  117.81	  185.89	 4102.53	  839.82	 3262.71	  329.50	 7238.13
16:16:23	 7871.33	 7754.12	  117.21	  185.93	 4102.53	  839.82	 3262.71	  329.50	 7238.69
16:16:25	 7871.33	 7754.00	  117.34	  185.95	 4102.53	  839.82	 3262.71	  329.53	 7238.52
16:16:27	 7871.33	 7754.54	  116.80	  186.21	 4102.53	  839.82	 3262.71	  329.55	 7238.77
16:16:29	 7871.33	 7757.00	  114.34	  186.26	 4102.53	  839.82	 3262.71	  329.54	 7241.20
16:16:31	 7871.33	 7754.25	  117.08	  186.53	 4102.53	  839.82	 3262.71	  329.59	 7238.14
16:16:33	 7871.33	 7754.65	  116.68	  186.57	 4102.53	  839.82	 3262.71	  329.59	 7238.49
16:16:35	 7871.33	 7754.62	  116.71	  186.62	 4102.53	  839.82	 3262.71	  329.60	 7238.41
16:16:37	 7871.33	 7755.09	  116.24	  186.92	 4102.53	  839.82	 3262.71	  329.62	 7238.56
16:16:39	 7871.33	 7755.15	  116.18	  186.96	 4102.53	  839.82	 3262.71	  329.64	 7238.54
16:16:41	 7871.33	 7755.23	  116.10	  187.24	 4102.53	  839.82	 3262.71	  329.66	 7238.32
16:16:43	 7871.33	 7755.35	  115.98	  187.28	 4102.53	  839.82	 3262.71	  329.68	 7238.39
16:16:45	 7871.33	 7755.34	  116.00	  187.33	 4102.53	  839.82	 3262.71	  329.67	 7238.34
16:16:47	 7871.33	 7755.69	  115.64	  187.61	 4102.53	  839.82	 3262.71	  329.70	 7238.38
16:16:49	 7871.33	 7757.05	  114.29	  187.63	 4102.53	  839.82	 3262.71	  329.72	 7239.70
16:16:51	 7871.33	 7755.70	  115.63	  187.89	 4102.53	  839.82	 3262.71	  329.73	 7238.07
16:16:53	 7871.33	 7755.82	  115.51	  187.92	 4102.53	  839.82	 3262.71	  329.77	 7238.13
16:16:55	 7871.33	 7755.95	  115.38	  187.93	 4102.53	  839.82	 3262.71	  329.79	 7238.23
16:16:57	 7871.33	 7756.29	  115.04	  188.21	 4102.53	  839.82	 3262.71	  329.79	 7238.28
16:16:59	 7871.33	 7755.93	  115.41	  188.25	 4102.53	  839.82	 3262.71	  329.81	 7237.87
16:17:01	 7871.33	 7749.16	  122.17	  179.36	 4102.53	  839.82	 3262.71	  329.75	 7240.05
16:17:03	 7871.33	 7746.99	  124.34	  179.38	 4102.53	  839.82	 3262.71	  329.77	 7237.84
16:17:05	 7871.33	 7747.47	  123.86	  179.39	 4102.53	  839.82	 3262.71	  329.78	 7238.30
16:17:07	 7871.33	 7747.95	  123.38	  179.68	 4102.53	  839.82	 3262.71	  329.80	 7238.48
16:17:09	 7871.33	 7747.33	  124.00	  179.70	 4102.53	  839.82	 3262.71	  329.80	 7237.82
16:17:11	 7871.33	 7747.69	  123.64	  179.96	 4102.53	  839.82	 3262.71	  329.84	 7237.89
16:17:13	 7871.33	 7747.71	  123.62	  179.98	 4102.53	  839.82	 3262.71	  329.84	 7237.89
16:17:15	 7871.33	 7747.96	  123.37	  180.00	 4102.53	  839.82	 3262.71	  329.87	 7238.10
16:17:17	 7871.33	 7748.30	  123.03	  180.27	 4102.53	  839.82	 3262.71	  329.88	 7238.16
16:17:19	 7871.33	 7747.58	  123.75	  180.29	 4102.53	  839.82	 3262.71	  329.91	 7237.38
16:17:21	 7871.33	 7748.18	  123.15	  180.57	 4102.53	  839.82	 3262.71	  329.92	 7237.70
16:17:23	 7871.33	 7751.54	  119.79	  180.60	 4102.53	  839.82	 3262.71	  329.93	 7241.01
16:17:25	 7871.33	 7748.46	  122.87	  180.61	 4102.53	  839.82	 3262.71	  329.96	 7237.89
16:17:27	 7871.33	 7749.18	  122.15	  180.88	 4102.53	  839.82	 3262.71	  329.97	 7238.33
16:17:30	 7871.33	 7748.42	  122.91	  180.91	 4102.53	  839.82	 3262.71	  329.99	 7237.52
16:17:32	 7871.33	 7748.68	  122.66	  181.17	 4102.53	  839.82	 3262.71	  330.01	 7237.50
16:17:34	 7871.33	 7749.15	  122.18	  181.18	 4102.53	  839.82	 3262.71	  330.02	 7237.95
16:17:36	 7871.33	 7750.89	  120.45	  181.47	 4102.53	  839.82	 3262.71	  329.95	 7239.47
16:17:38	 7871.33	 7749.65	  121.68	  181.48	 4102.53	  839.82	 3262.71	  330.05	 7238.11
16:17:40	 7871.33	 7749.05	  122.29	  181.52	 4102.53	  839.82	 3262.71	  330.06	 7237.47
16:17:42	 7871.33	 7749.26	  122.07	  181.82	 4102.53	  839.82	 3262.71	  330.09	 7237.36
16:17:44	 7871.33	 7749.27	  122.07	  181.84	 4102.53	  839.82	 3262.71	  330.11	 7237.32
16:17:46	 7871.33	 7752.97	  118.36	  182.13	 4102.53	  839.82	 3262.71	  330.03	 7240.81
16:17:48	 7871.33	 7748.96	  122.38	  182.16	 4102.53	  839.82	 3262.71	  330.12	 7236.68
16:17:50	 7871.33	 7749.64	  121.70	  182.20	 4102.53	  839.82	 3262.71	  330.12	 7237.31
16:17:52	 7871.33	 7750.12	  121.21	  182.49	 4102.53	  839.82	 3262.71	  330.14	 7237.49
16:17:54	 7871.33	 7750.23	  121.11	  182.53	 4102.53	  839.82	 3262.71	  330.15	 7237.55
16:17:56	 7871.33	 7750.71	  120.62	  182.81	 4102.53	  839.82	 3262.71	  330.10	 7237.80
16:17:58	 7871.33	 7750.86	  120.47	  182.85	 4102.53	  839.82	 3262.71	  330.23	 7237.79
16:18:00	 7871.33	 7750.12	  121.21	  182.86	 4102.53	  839.82	 3262.71	  330.24	 7237.02
16:18:02	 7871.33	 7750.61	  120.73	  183.15	 4102.53	  839.82	 3262.71	  330.25	 7237.20
16:18:04	 7871.33	 7750.61	  120.73	  183.18	 4102.53	  839.82	 3262.71	  330.27	 7237.15
16:18:06	 7871.33	 7751.07	  120.27	  183.49	 4102.53	  839.82	 3262.71	  330.28	 7237.30
16:18:08	 7871.33	 7750.46	  120.87	  183.53	 4102.53	  839.82	 3262.71	  330.30	 7236.62
16:18:10	 7871.33	 7753.32	  118.01	  183.61	 4102.53	  839.82	 3262.71	  330.32	 7239.40
16:18:12	 7871.33	 7751.08	  120.25	  183.91	 4102.53	  839.82	 3262.71	  330.34	 7236.84
16:18:14	 7871.33	 7751.31	  120.02	  183.96	 4102.53	  839.82	 3262.71	  330.36	 7236.98
16:18:16	 7871.33	 7751.55	  119.78	  184.27	 4102.53	  839.82	 3262.71	  330.36	 7236.91
16:18:18	 7871.33	 7752.88	  118.45	  184.32	 4102.53	  839.82	 3262.71	  330.37	 7238.18
16:18:20	 7871.33	 7751.07	  120.26	  184.36	 4102.53	  839.82	 3262.71	  330.39	 7236.32
16:18:22	 7871.33	 7752.82	  118.51	  184.69	 4102.53	  839.82	 3262.71	  330.39	 7237.74
16:18:24	 7871.33	 7751.70	  119.63	  184.75	 4102.53	  839.82	 3262.71	  330.42	 7236.53
16:18:26	 7871.33	 7751.95	  119.39	  185.04	 4102.53	  839.82	 3262.71	  330.43	 7236.47
16:18:28	 7871.33	 7751.58	  119.75	  185.10	 4102.53	  839.82	 3262.71	  330.45	 7236.03
