    Time	  MemTotal	   MemUsed	   MemFree	   MemBuff	SwapTotal	SwapUsed	SwapFree	SwapCached	RealUsedMem
15:56:05	 7871.33	 7751.18	  120.15	  291.93	 4102.53	 1142.86	 2959.67	  238.38	 7220.86
15:56:07	 7871.33	 7751.92	  119.41	  291.94	 4102.53	 1142.86	 2959.67	  238.43	 7221.55
15:56:09	 7871.33	 7752.07	  119.26	  292.20	 4102.53	 1142.86	 2959.67	  238.52	 7221.36
15:56:11	 7871.33	 7752.41	  118.93	  292.23	 4102.53	 1142.86	 2959.67	  238.56	 7221.62
15:56:13	 7871.33	 7752.54	  118.80	  292.23	 4102.53	 1142.86	 2959.67	  238.58	 7221.73
15:56:15	 7871.33	 7752.78	  118.55	  292.49	 4102.53	 1142.86	 2959.67	  238.59	 7221.70
15:56:17	 7871.33	 7752.16	  119.18	  292.50	 4102.53	 1142.86	 2959.67	  238.62	 7221.04
15:56:19	 7871.33	 7752.40	  118.93	  292.75	 4102.53	 1142.86	 2959.67	  238.56	 7221.09
15:56:21	 7871.33	 7752.75	  118.58	  292.76	 4102.53	 1142.86	 2959.67	  238.66	 7221.33
15:56:23	 7871.33	 7752.75	  118.58	  292.77	 4102.53	 1142.86	 2959.67	  238.68	 7221.30
15:56:25	 7871.33	 7753.38	  117.96	  293.04	 4102.53	 1142.86	 2959.67	  238.68	 7221.66
15:56:27	 7871.33	 7756.21	  115.12	  293.05	 4102.53	 1142.86	 2959.67	  238.71	 7224.45
15:56:29	 7871.33	 7754.57	  116.76	  293.30	 4102.53	 1142.86	 2959.67	  238.65	 7222.62
15:56:31	 7871.33	 7753.34	  118.00	  293.31	 4102.53	 1142.86	 2959.67	  238.75	 7221.28
15:56:33	 7871.33	 7753.34	  118.00	  293.33	 4102.53	 1142.86	 2959.67	  238.76	 7221.25
15:56:35	 7871.33	 7753.83	  117.50	  293.58	 4102.53	 1142.86	 2959.67	  238.78	 7221.47
15:56:37	 7871.33	 7753.21	  118.12	  293.59	 4102.53	 1142.86	 2959.67	  238.80	 7220.82
15:56:39	 7871.33	 7753.58	  117.75	  293.86	 4102.53	 1142.86	 2959.67	  238.74	 7220.98
15:56:41	 7871.33	 7756.34	  115.00	  293.86	 4102.53	 1142.86	 2959.67	  238.83	 7223.64
15:56:43	 7871.33	 7753.71	  117.62	  293.88	 4102.53	 1142.86	 2959.67	  238.84	 7220.99
15:56:45	 7871.33	 7754.09	  117.24	  294.14	 4102.53	 1142.86	 2959.67	  238.87	 7221.08
15:56:47	 7871.33	 7753.85	  117.48	  294.15	 4102.53	 1142.86	 2959.67	  238.89	 7220.81
15:56:49	 7871.33	 7754.34	  117.00	  294.41	 4102.53	 1142.86	 2959.67	  238.82	 7221.11
15:56:51	 7871.33	 7754.29	  117.04	  294.43	 4102.53	 1142.86	 2959.67	  238.91	 7220.95
15:56:53	 7871.33	 7756.89	  114.44	  294.43	 4102.53	 1142.86	 2959.67	  238.95	 7223.52
15:56:55	 7871.33	 7754.67	  116.66	  294.70	 4102.53	 1142.86	 2959.67	  238.95	 7221.02
15:56:57	 7871.33	 7754.43	  116.91	  294.71	 4102.53	 1142.86	 2959.67	  238.98	 7220.73
15:56:59	 7871.33	 7757.15	  114.18	  294.96	 4102.53	 1142.86	 2959.67	  239.00	 7223.19
15:57:01	 7871.33	 7754.89	  116.44	  294.98	 4102.53	 1142.86	 2959.67	  239.02	 7220.90
15:57:03	 7871.33	 7754.89	  116.44	  294.98	 4102.53	 1142.86	 2959.67	  239.03	 7220.88
15:57:05	 7871.33	 7755.89	  115.44	  295.25	 4102.53	 1142.86	 2959.67	  239.06	 7221.59
15:57:07	 7871.33	 7754.79	  116.54	  295.26	 4102.53	 1142.86	 2959.67	  239.09	 7220.44
15:57:09	 7871.33	 7755.39	  115.94	  295.51	 4102.53	 1142.86	 2959.67	  239.11	 7220.78
15:57:11	 7871.33	 7755.38	  115.95	  295.52	 4102.53	 1142.86	 2959.67	  239.11	 7220.75
15:57:13	 7871.33	 7755.51	  115.82	  295.55	 4102.53	 1142.86	 2959.67	  239.13	 7220.83
15:57:15	 7871.33	 7755.98	  115.35	  295.80	 4102.53	 1142.86	 2959.67	  239.15	 7221.03
15:57:17	 7871.33	 7755.54	  115.79	  295.81	 4102.53	 1142.86	 2959.67	  239.17	 7220.56
15:57:19	 7871.33	 7756.02	  115.31	  296.08	 4102.53	 1142.86	 2959.67	  239.17	 7220.77
15:57:21	 7871.33	 7755.90	  115.43	  296.08	 4102.53	 1142.86	 2959.67	  239.20	 7220.62
15:57:23	 7871.33	 7756.24	  115.09	  296.08	 4102.53	 1142.86	 2959.67	  239.21	 7220.95
15:57:25	 7871.33	 7756.25	  115.08	  296.35	 4102.53	 1142.86	 2959.67	  239.23	 7220.68
15:57:27	 7871.33	 7756.39	  114.94	  296.36	 4102.53	 1142.86	 2959.67	  239.25	 7220.78
15:57:29	 7871.33	 7756.25	  115.08	  296.63	 4102.53	 1142.86	 2959.67	  239.26	 7220.36
15:57:31	 7871.33	 7759.60	  111.73	  296.63	 4102.53	 1142.86	 2959.67	  239.29	 7223.68
15:57:33	 7871.33	 7756.98	  114.36	  296.63	 4102.53	 1142.86	 2959.67	  239.29	 7221.05
15:57:35	 7871.33	 7757.20	  114.14	  296.90	 4102.53	 1142.86	 2959.67	  239.32	 7220.98
15:57:37	 7871.33	 7756.59	  114.74	  296.91	 4102.53	 1142.86	 2959.67	  239.35	 7220.33
15:57:39	 7871.33	 7758.44	  112.89	  297.18	 4102.53	 1142.86	 2959.67	  239.35	 7221.91
15:57:41	 7871.33	 7757.34	  113.99	  297.18	 4102.53	 1142.86	 2959.67	  239.37	 7220.79
15:57:43	 7871.33	 7757.21	  114.12	  297.18	 4102.53	 1142.86	 2959.67	  239.39	 7220.64
15:57:45	 7871.33	 7757.93	  113.40	  297.45	 4102.53	 1142.86	 2959.67	  239.41	 7221.07
15:57:47	 7871.33	 7757.32	  114.01	  297.46	 4102.53	 1142.86	 2959.67	  239.42	 7220.44
15:57:49	 7871.33	 7757.58	  113.75	  297.71	 4102.53	 1142.86	 2959.67	  239.43	 7220.43
15:57:51	 7871.33	 7758.61	  112.73	  297.73	 4102.53	 1142.86	 2959.67	  239.45	 7221.42
15:57:54	 7871.33	 7761.07	  110.26	  297.99	 4102.53	 1142.86	 2959.67	  239.39	 7223.70
15:57:56	 7871.33	 7758.18	  113.15	  298.00	 4102.53	 1142.86	 2959.67	  239.48	 7220.71
15:57:58	 7871.33	 7757.45	  113.88	  298.00	 4102.53	 1142.86	 2959.67	  239.51	 7219.94
15:58:00	 7871.33	 7758.06	  113.27	  298.26	 4102.53	 1142.86	 2959.67	  239.53	 7220.27
15:58:02	 7871.33	 7758.29	  113.04	  298.27	 4102.53	 1142.86	 2959.67	  239.54	 7220.48
15:58:04	 7871.33	 7758.68	  112.65	  298.53	 4102.53	 1142.86	 2959.67	  239.48	 7220.68
15:58:06	 7871.33	 7759.17	  112.16	  298.53	 4102.53	 1142.86	 2959.67	  239.58	 7221.07
15:58:08	 7871.33	 7758.45	  112.89	  298.54	 4102.53	 1142.86	 2959.67	  239.60	 7220.30
15:58:10	 7871.33	 7758.93	  112.40	  298.81	 4102.53	 1142.86	 2959.67	  239.61	 7220.52
15:58:12	 7871.33	 7759.04	  112.30	  298.82	 4102.53	 1142.86	 2959.67	  239.62	 7220.60
15:58:14	 7871.33	 7759.54	  111.79	  299.07	 4102.53	 1142.86	 2959.67	  239.57	 7220.91
15:58:16	 7871.33	 7750.08	  121.25	  289.54	 4102.53	 1142.86	 2959.67	  239.45	 7221.09
15:58:18	 7871.33	 7749.36	  121.98	  289.56	 4102.53	 1142.86	 2959.67	  239.47	 7220.33
15:58:20	 7871.33	 7749.82	  121.51	  289.82	 4102.53	 1142.86	 2959.67	  239.47	 7220.54
15:58:22	 7871.33	 7749.82	  121.51	  289.82	 4102.53	 1142.86	 2959.67	  239.50	 7220.50
15:58:24	 7871.33	 7750.55	  120.78	  290.09	 4102.53	 1142.86	 2959.67	  239.43	 7221.03
15:58:26	 7871.33	 7753.92	  117.41	  290.10	 4102.53	 1142.86	 2959.67	  239.53	 7224.29
15:58:28	 7871.33	 7750.70	  120.63	  290.11	 4102.53	 1142.86	 2959.67	  239.56	 7221.04
15:58:30	 7871.33	 7750.95	  120.39	  290.36	 4102.53	 1142.86	 2959.67	  239.57	 7221.01
15:58:32	 7871.33	 7751.04	  120.30	  290.38	 4102.53	 1142.86	 2959.67	  239.59	 7221.06
15:58:34	 7871.33	 7751.28	  120.05	  290.64	 4102.53	 1142.86	 2959.67	  239.53	 7221.11
15:58:36	 7871.33	 7751.28	  120.05	  290.64	 4102.53	 1142.86	 2959.67	  239.62	 7221.01
15:58:38	 7871.33	 7753.94	  117.39	  290.65	 4102.53	 1142.86	 2959.67	  239.64	 7223.64
15:58:40	 7871.33	 7751.41	  119.92	  290.91	 4102.53	 1142.86	 2959.67	  239.66	 7220.84
15:58:42	 7871.33	 7751.55	  119.78	  290.93	 4102.53	 1142.86	 2959.67	  239.66	 7220.96
15:58:44	 7871.33	 7751.76	  119.57	  291.19	 4102.53	 1142.86	 2959.67	  239.60	 7220.98
15:58:46	 7871.33	 7752.00	  119.33	  291.20	 4102.53	 1142.86	 2959.67	  239.69	 7221.12
15:58:48	 7871.33	 7755.23	  116.10	  291.21	 4102.53	 1142.86	 2959.67	  239.71	 7224.31
15:58:50	 7871.33	 7754.99	  116.34	  291.47	 4102.53	 1142.86	 2959.67	  239.74	 7223.78
15:58:52	 7871.33	 7752.40	  118.93	  291.47	 4102.53	 1142.86	 2959.67	  239.75	 7221.18
15:58:54	 7871.33	 7752.38	  118.95	  291.73	 4102.53	 1142.86	 2959.67	  239.68	 7220.96
15:58:56	 7871.33	 7752.73	  118.60	  291.74	 4102.53	 1142.86	 2959.67	  239.78	 7221.21
15:58:58	 7871.33	 7752.52	  118.81	  291.75	 4102.53	 1142.86	 2959.67	  239.79	 7220.98
15:59:00	 7871.33	 7753.10	  118.23	  292.00	 4102.53	 1142.86	 2959.67	  240.05	 7221.05
15:59:02	 7871.33	 7753.38	  117.95	  292.01	 4102.53	 1142.86	 2959.67	  240.07	 7221.30
15:59:04	 7871.33	 7754.25	  117.09	  292.28	 4102.53	 1142.86	 2959.67	  240.00	 7221.96
15:59:06	 7871.33	 7753.21	  118.12	  292.29	 4102.53	 1142.86	 2959.67	  240.10	 7220.82
15:59:08	 7871.33	 7753.34	  118.00	  292.30	 4102.53	 1142.86	 2959.67	  240.11	 7220.93
15:59:10	 7871.33	 7753.94	  117.39	  292.56	 4102.53	 1142.86	 2959.67	  240.14	 7221.25
15:59:12	 7871.33	 7754.57	  116.76	  292.57	 4102.53	 1142.86	 2959.67	  240.15	 7221.85
15:59:14	 7871.33	 7753.97	  117.36	  292.82	 4102.53	 1142.86	 2959.67	  240.07	 7221.07
15:59:16	 7871.33	 7753.97	  117.36	  292.84	 4102.53	 1142.86	 2959.67	  240.18	 7220.95
15:59:18	 7871.33	 7754.19	  117.14	  292.85	 4102.53	 1142.86	 2959.67	  240.20	 7221.14
15:59:20	 7871.33	 7758.11	  113.22	  293.11	 4102.53	 1142.86	 2959.67	  240.22	 7224.79
15:59:22	 7871.33	 7754.55	  116.79	  293.11	 4102.53	 1142.86	 2959.67	  240.23	 7221.20
15:59:24	 7871.33	 7755.30	  116.03	  293.37	 4102.53	 1142.86	 2959.67	  240.17	 7221.77
15:59:26	 7871.33	 7754.20	  117.13	  293.39	 4102.53	 1142.86	 2959.67	  240.27	 7220.54
15:59:28	 7871.33	 7755.30	  116.03	  293.39	 4102.53	 1142.86	 2959.67	  240.29	 7221.62
15:59:30	 7871.33	 7755.76	  115.57	  293.66	 4102.53	 1142.86	 2959.67	  240.30	 7221.80
15:59:32	 7871.33	 7755.76	  115.57	  293.67	 4102.53	 1142.86	 2959.67	  240.33	 7221.76
15:59:34	 7871.33	 7756.12	  115.21	  293.92	 4102.53	 1142.86	 2959.67	  240.35	 7221.85
15:59:36	 7871.33	 7755.79	  115.54	  293.94	 4102.53	 1142.86	 2959.67	  240.37	 7221.48
15:59:38	 7871.33	 7755.79	  115.54	  293.95	 4102.53	 1142.86	 2959.67	  240.39	 7221.45
15:59:40	 7871.33	 7756.39	  114.94	  294.21	 4102.53	 1142.86	 2959.67	  240.40	 7221.78
15:59:42	 7871.33	 7756.24	  115.09	  294.22	 4102.53	 1142.86	 2959.67	  240.43	 7221.59
15:59:44	 7871.33	 7756.85	  114.48	  294.47	 4102.53	 1142.86	 2959.67	  240.44	 7221.93
15:59:46	 7871.33	 7759.61	  111.73	  294.50	 4102.53	 1142.86	 2959.67	  240.45	 7224.66
15:59:48	 7871.33	 7756.88	  114.45	  294.50	 4102.53	 1142.86	 2959.67	  240.48	 7221.89
15:59:50	 7871.33	 7757.12	  114.21	  294.75	 4102.53	 1142.86	 2959.67	  240.50	 7221.87
15:59:52	 7871.33	 7760.20	  111.14	  294.78	 4102.53	 1142.86	 2959.67	  240.50	 7224.91
15:59:54	 7871.33	 7757.45	  113.88	  295.03	 4102.53	 1142.86	 2959.67	  240.52	 7221.90
15:59:56	 7871.33	 7757.48	  113.86	  295.03	 4102.53	 1142.86	 2959.67	  240.54	 7221.91
15:59:58	 7871.33	 7757.00	  114.33	  295.06	 4102.53	 1142.86	 2959.67	  240.55	 7221.39
16:00:00	 7871.33	 7757.86	  113.47	  295.31	 4102.53	 1142.86	 2959.68	  240.59	 7221.97
16:00:02	 7871.33	 7757.71	  113.62	  295.31	 4102.53	 1142.86	 2959.68	  240.60	 7221.80
16:00:04	 7871.33	 7758.32	  113.02	  295.58	 4102.53	 1142.86	 2959.68	  240.62	 7222.11
16:00:06	 7871.33	 7757.45	  113.88	  295.59	 4102.53	 1142.86	 2959.68	  240.64	 7221.23
16:00:08	 7871.33	 7758.95	  112.38	  295.61	 4102.53	 1142.86	 2959.68	  240.64	 7222.70
16:00:10	 7871.33	 7757.85	  113.48	  295.87	 4102.53	 1142.86	 2959.68	  240.69	 7221.29
16:00:12	 7871.33	 7758.09	  113.24	  295.87	 4102.53	 1142.86	 2959.68	  240.70	 7221.52
16:00:14	 7871.33	 7758.56	  112.77	  296.14	 4102.53	 1142.86	 2959.68	  240.71	 7221.71
16:00:16	 7871.33	 7758.44	  112.89	  296.14	 4102.53	 1142.86	 2959.68	  240.73	 7221.56
16:00:18	 7871.33	 7758.32	  113.02	  296.14	 4102.53	 1142.86	 2959.68	  240.74	 7221.43
16:00:20	 7871.33	 7761.43	  109.90	  296.42	 4102.53	 1142.86	 2959.68	  240.77	 7224.25
16:00:22	 7871.33	 7758.80	  112.53	  296.42	 4102.53	 1142.86	 2959.68	  240.78	 7221.61
16:00:24	 7871.33	 7761.62	  109.71	  296.68	 4102.53	 1142.86	 2959.68	  240.78	 7224.17
16:00:27	 7871.33	 7748.99	  122.34	  287.31	 4102.53	 1142.86	 2959.68	  240.43	 7221.25
16:00:29	 7871.33	 7750.09	  121.24	  287.57	 4102.53	 1142.86	 2959.68	  240.36	 7222.16
16:00:31	 7871.33	 7749.95	  121.38	  287.59	 4102.53	 1142.86	 2959.68	  240.47	 7221.89
16:00:33	 7871.33	 7750.36	  120.98	  287.59	 4102.53	 1142.86	 2959.68	  240.49	 7222.27
16:00:35	 7871.33	 7750.10	  121.23	  287.85	 4102.53	 1142.86	 2959.68	  240.50	 7221.75
16:00:37	 7871.33	 7749.49	  121.84	  287.87	 4102.53	 1142.86	 2959.68	  240.51	 7221.11
16:00:39	 7871.33	 7750.08	  121.25	  288.12	 4102.53	 1142.86	 2959.68	  240.45	 7221.52
16:00:41	 7871.33	 7750.08	  121.25	  288.14	 4102.53	 1142.86	 2959.68	  240.54	 7221.40
16:00:43	 7871.33	 7750.32	  121.01	  288.15	 4102.53	 1142.86	 2959.68	  240.57	 7221.61
16:00:45	 7871.33	 7750.58	  120.75	  288.41	 4102.53	 1142.86	 2959.68	  240.59	 7221.59
16:00:47	 7871.33	 7750.27	  121.07	  288.41	 4102.53	 1142.86	 2959.68	  240.61	 7221.25
16:00:49	 7871.33	 7750.34	  120.99	  288.67	 4102.53	 1142.86	 2959.68	  240.54	 7221.13
16:00:51	 7871.33	 7750.57	  120.77	  288.68	 4102.53	 1142.86	 2959.68	  240.64	 7221.25
16:00:53	 7871.33	 7750.56	  120.77	  288.70	 4102.53	 1142.86	 2959.68	  240.66	 7221.20
16:00:55	 7871.33	 7751.54	  119.79	  288.96	 4102.53	 1142.86	 2959.68	  240.68	 7221.91
16:00:57	 7871.33	 7752.60	  118.73	  288.97	 4102.53	 1142.86	 2959.68	  240.69	 7222.94
16:00:59	 7871.33	 7751.29	  120.04	  289.23	 4102.53	 1142.86	 2959.68	  240.62	 7221.44
16:01:01	 7871.33	 7751.41	  119.92	  289.23	 4102.53	 1142.86	 2959.68	  240.73	 7221.45
16:01:03	 7871.33	 7751.52	  119.81	  289.26	 4102.53	 1142.86	 2959.68	  240.74	 7221.52
16:01:05	 7871.33	 7752.67	  118.66	  289.52	 4102.53	 1142.86	 2959.68	  240.75	 7222.41
16:01:07	 7871.33	 7754.27	  117.06	  289.52	 4102.53	 1142.86	 2959.68	  240.78	 7223.97
16:01:09	 7871.33	 7752.08	  119.25	  289.79	 4102.53	 1142.86	 2959.68	  240.70	 7221.59
16:01:11	 7871.33	 7752.40	  118.93	  289.79	 4102.53	 1142.86	 2959.68	  240.82	 7221.78
16:01:13	 7871.33	 7752.55	  118.78	  289.80	 4102.53	 1142.86	 2959.68	  240.83	 7221.92
16:01:15	 7871.33	 7752.73	  118.60	  290.07	 4102.53	 1142.86	 2959.68	  240.85	 7221.82
16:01:17	 7871.33	 7752.12	  119.21	  290.07	 4102.53	 1142.86	 2959.68	  240.87	 7221.18
16:01:19	 7871.33	 7758.35	  112.98	  290.32	 4102.53	 1142.86	 2959.68	  240.80	 7227.23
16:01:21	 7871.33	 7752.90	  118.43	  290.34	 4102.53	 1142.86	 2959.68	  240.90	 7221.66
16:01:23	 7871.33	 7753.14	  118.19	  290.35	 4102.53	 1142.86	 2959.68	  240.92	 7221.87
16:01:25	 7871.33	 7756.10	  115.23	  290.62	 4102.53	 1142.86	 2959.68	  240.93	 7224.55
16:01:27	 7871.33	 7752.76	  118.57	  290.62	 4102.53	 1142.86	 2959.68	  240.95	 7221.19
16:01:29	 7871.33	 7753.25	  118.09	  290.88	 4102.53	 1142.86	 2959.68	  240.88	 7221.48
16:01:31	 7871.33	 7756.10	  115.23	  290.89	 4102.53	 1142.86	 2959.68	  240.99	 7224.21
16:01:33	 7871.33	 7753.50	  117.83	  290.90	 4102.53	 1142.86	 2959.68	  241.00	 7221.60
16:01:35	 7871.33	 7753.99	  117.34	  291.18	 4102.53	 1142.86	 2959.68	  241.01	 7221.80
16:01:37	 7871.33	 7753.38	  117.95	  291.18	 4102.53	 1142.86	 2959.68	  241.05	 7221.16
16:01:39	 7871.33	 7753.85	  117.48	  291.44	 4102.53	 1142.86	 2959.68	  240.97	 7221.45
16:01:41	 7871.33	 7757.40	  113.93	  291.46	 4102.53	 1142.86	 2959.68	  241.08	 7224.86
16:01:43	 7871.33	 7755.34	  116.00	  291.46	 4102.53	 1142.86	 2959.68	  241.10	 7222.78
16:01:45	 7871.33	 7754.59	  116.74	  291.72	 4102.53	 1142.86	 2959.68	  241.10	 7221.77
16:01:47	 7871.33	 7754.11	  117.22	  291.73	 4102.53	 1142.86	 2959.68	  241.13	 7221.25
16:01:49	 7871.33	 7754.49	  116.84	  291.98	 4102.53	 1142.86	 2959.68	  241.06	 7221.45
16:01:51	 7871.33	 7754.97	  116.36	  292.00	 4102.53	 1142.86	 2959.68	  241.16	 7221.82
16:01:53	 7871.33	 7755.31	  116.02	  292.01	 4102.53	 1142.86	 2959.68	  241.18	 7222.12
16:01:55	 7871.33	 7755.33	  116.00	  292.26	 4102.53	 1142.86	 2959.68	  241.21	 7221.86
16:01:57	 7871.33	 7754.96	  116.37	  292.29	 4102.53	 1142.86	 2959.68	  241.20	 7221.47
16:01:59	 7871.33	 7755.57	  115.76	  292.54	 4102.53	 1142.86	 2959.68	  241.23	 7221.80
16:02:01	 7871.33	 7755.42	  115.91	  292.55	 4102.53	 1142.86	 2959.68	  241.26	 7221.61
16:02:03	 7871.33	 7755.66	  115.67	  292.56	 4102.53	 1142.86	 2959.68	  241.27	 7221.82
16:02:05	 7871.33	 7756.92	  114.41	  292.82	 4102.53	 1142.86	 2959.68	  241.29	 7222.81
16:02:07	 7871.33	 7755.33	  116.00	  292.84	 4102.53	 1142.86	 2959.68	  241.30	 7221.18
16:02:09	 7871.33	 7755.45	  115.88	  293.10	 4102.53	 1142.86	 2959.68	  241.32	 7221.03
16:02:11	 7871.33	 7755.81	  115.52	  293.10	 4102.53	 1142.86	 2959.68	  241.34	 7221.37
16:02:13	 7871.33	 7756.31	  115.02	  293.12	 4102.53	 1142.86	 2959.68	  241.37	 7221.82
16:02:15	 7871.33	 7756.39	  114.95	  293.38	 4102.53	 1142.86	 2959.68	  241.38	 7221.62
16:02:17	 7871.33	 7758.52	  112.81	  293.38	 4102.53	 1142.86	 2959.68	  241.40	 7223.75
16:02:19	 7871.33	 7756.05	  115.28	  293.66	 4102.53	 1142.86	 2959.68	  241.41	 7220.98
16:02:21	 7871.33	 7756.51	  114.82	  293.66	 4102.53	 1142.86	 2959.68	  241.43	 7221.41
16:02:23	 7871.33	 7758.77	  112.57	  293.67	 4102.53	 1142.86	 2959.68	  241.45	 7223.65
16:02:25	 7871.33	 7757.11	  114.22	  293.93	 4102.53	 1142.86	 2959.68	  241.46	 7221.72
16:02:27	 7871.33	 7756.39	  114.95	  293.94	 4102.53	 1142.86	 2959.68	  241.48	 7220.97
16:02:29	 7871.33	 7757.02	  114.32	  294.21	 4102.53	 1142.86	 2959.68	  241.49	 7221.31
16:02:31	 7871.33	 7757.25	  114.08	  294.21	 4102.53	 1142.86	 2959.68	  241.52	 7221.52
16:02:33	 7871.33	 7757.11	  114.22	  294.23	 4102.53	 1142.86	 2959.68	  241.53	 7221.36
16:02:35	 7871.33	 7757.36	  113.97	  294.48	 4102.53	 1142.86	 2959.68	  241.55	 7221.33
16:02:37	 7871.33	 7757.11	  114.22	  294.48	 4102.53	 1142.86	 2959.68	  241.56	 7221.07
16:02:39	 7871.33	 7758.22	  113.11	  294.77	 4102.53	 1142.86	 2959.68	  241.56	 7221.89
16:02:41	 7871.33	 7757.75	  113.58	  294.77	 4102.53	 1142.86	 2959.68	  241.61	 7221.37
16:02:43	 7871.33	 7757.52	  113.82	  294.77	 4102.53	 1142.86	 2959.68	  241.62	 7221.13
16:02:45	 7871.33	 7758.50	  112.83	  295.03	 4102.53	 1142.86	 2959.68	  241.63	 7221.84
16:02:47	 7871.33	 7756.87	  114.46	  295.03	 4102.53	 1142.86	 2959.68	  241.66	 7220.18
16:02:49	 7871.33	 7756.73	  114.60	  295.29	 4102.53	 1142.86	 2959.68	  241.68	 7219.77
16:02:51	 7871.33	 7757.88	  113.45	  295.31	 4102.53	 1142.86	 2959.68	  241.70	 7220.86
16:02:54	 7871.33	 7758.48	  112.86	  295.56	 4102.53	 1142.86	 2959.68	  241.62	 7221.29
16:02:56	 7871.33	 7759.73	  111.61	  295.57	 4102.53	 1142.86	 2959.68	  241.73	 7222.43
16:02:58	 7871.33	 7758.45	  112.88	  295.58	 4102.53	 1142.86	 2959.68	  241.75	 7221.13
16:03:00	 7871.33	 7758.45	  112.88	  295.84	 4102.53	 1142.86	 2959.68	  241.76	 7220.86
16:03:02	 7871.33	 7758.81	  112.52	  295.86	 4102.53	 1142.86	 2959.68	  241.78	 7221.17
16:03:04	 7871.33	 7758.82	  112.51	  296.11	 4102.53	 1142.86	 2959.68	  241.71	 7221.00
16:03:06	 7871.33	 7759.45	  111.89	  296.12	 4102.53	 1142.86	 2959.68	  241.80	 7221.52
16:03:08	 7871.33	 7758.97	  112.36	  296.12	 4102.53	 1142.86	 2959.68	  241.82	 7221.02
16:03:10	 7871.33	 7758.70	  112.64	  296.38	 4102.53	 1142.86	 2959.68	  241.84	 7220.48
16:03:12	 7871.33	 7759.41	  111.92	  296.38	 4102.53	 1142.86	 2959.68	  241.86	 7221.17
16:03:14	 7871.33	 7750.01	  121.32	  286.89	 4102.53	 1142.86	 2959.68	  241.66	 7221.46
16:03:16	 7871.33	 7750.02	  121.32	  286.90	 4102.53	 1142.86	 2959.68	  241.66	 7221.46
16:03:18	 7871.33	 7749.74	  121.59	  286.90	 4102.53	 1142.86	 2959.68	  241.68	 7221.16
16:03:20	 7871.33	 7749.75	  121.58	  287.17	 4102.53	 1142.86	 2959.68	  241.69	 7220.89
16:03:22	 7871.33	 7750.10	  121.23	  287.18	 4102.53	 1142.86	 2959.68	  241.70	 7221.21
16:03:24	 7871.33	 7750.58	  120.75	  287.44	 4102.53	 1142.86	 2959.68	  241.65	 7221.49
16:03:26	 7871.33	 7750.86	  120.48	  287.46	 4102.53	 1142.86	 2959.68	  241.75	 7221.65
16:03:28	 7871.33	 7754.98	  116.35	  287.47	 4102.53	 1142.86	 2959.68	  241.76	 7225.75
16:03:30	 7871.33	 7750.35	  120.98	  287.73	 4102.53	 1142.86	 2959.68	  241.77	 7220.84
16:03:32	 7871.33	 7750.71	  120.62	  287.75	 4102.53	 1142.86	 2959.68	  241.79	 7221.18
16:03:34	 7871.33	 7750.83	  120.50	  288.00	 4102.53	 1142.86	 2959.68	  241.74	 7221.09
16:03:36	 7871.33	 7754.44	  116.89	  288.01	 4102.53	 1142.86	 2959.68	  241.83	 7224.60
16:03:38	 7871.33	 7750.62	  120.71	  288.03	 4102.53	 1142.86	 2959.68	  241.85	 7220.75
16:03:40	 7871.33	 7751.38	  119.95	  288.29	 4102.53	 1142.86	 2959.68	  241.86	 7221.23
16:03:42	 7871.33	 7751.09	  120.24	  288.29	 4102.53	 1142.86	 2959.68	  241.89	 7220.92
16:03:44	 7871.33	 7751.70	  119.63	  288.56	 4102.53	 1142.86	 2959.68	  241.81	 7221.33
16:03:46	 7871.33	 7751.68	  119.65	  288.57	 4102.53	 1142.86	 2959.68	  241.92	 7221.19
16:03:48	 7871.33	 7751.59	  119.74	  288.57	 4102.53	 1142.86	 2959.68	  241.94	 7221.07
16:03:50	 7871.33	 7755.06	  116.27	  288.83	 4102.53	 1142.86	 2959.68	  241.95	 7224.27
16:03:52	 7871.33	 7752.08	  119.25	  288.84	 4102.53	 1142.86	 2959.68	  241.97	 7221.27
16:03:54	 7871.33	 7752.16	  119.17	  289.10	 4102.53	 1142.86	 2959.68	  241.91	 7221.16
16:03:56	 7871.33	 7752.41	  118.93	  289.11	 4102.53	 1142.86	 2959.68	  242.01	 7221.28
16:03:58	 7871.33	 7751.92	  119.41	  289.12	 4102.53	 1142.86	 2959.68	  242.02	 7220.79
16:04:00	 7871.33	 7752.44	  118.89	  289.38	 4102.53	 1142.86	 2959.68	  242.04	 7221.02
16:04:02	 7871.33	 7752.80	  118.53	  289.38	 4102.53	 1142.86	 2959.68	  242.05	 7221.37
16:04:04	 7871.33	 7752.79	  118.54	  289.64	 4102.53	 1142.86	 2959.68	  241.99	 7221.16
16:04:06	 7871.33	 7753.04	  118.30	  289.66	 4102.53	 1142.86	 2959.68	  242.08	 7221.30
16:04:08	 7871.33	 7752.91	  118.42	  289.66	 4102.53	 1142.86	 2959.68	  242.10	 7221.15
16:04:10	 7871.33	 7754.12	  117.21	  289.93	 4102.53	 1142.86	 2959.68	  242.10	 7222.09
16:04:12	 7871.33	 7753.75	  117.59	  289.93	 4102.53	 1142.86	 2959.68	  242.13	 7221.68
16:04:14	 7871.33	 7753.87	  117.46	  290.20	 4102.53	 1142.86	 2959.68	  242.07	 7221.61
16:04:16	 7871.33	 7753.50	  117.83	  290.21	 4102.53	 1142.86	 2959.68	  242.18	 7221.12
16:04:18	 7871.33	 7753.84	  117.49	  290.22	 4102.53	 1142.86	 2959.68	  242.19	 7221.43
16:04:20	 7871.33	 7754.09	  117.25	  290.49	 4102.53	 1142.86	 2959.68	  242.18	 7221.41
16:04:22	 7871.33	 7759.69	  111.64	  290.49	 4102.53	 1142.86	 2959.68	  242.22	 7226.98
16:04:24	 7871.33	 7754.95	  116.38	  290.75	 4102.53	 1142.86	 2959.68	  242.16	 7222.04
16:04:26	 7871.33	 7754.34	  116.99	  290.76	 4102.53	 1142.86	 2959.68	  242.26	 7221.32
16:04:28	 7871.33	 7754.59	  116.75	  290.77	 4102.53	 1142.86	 2959.68	  242.27	 7221.54
16:04:30	 7871.33	 7755.05	  116.28	  291.02	 4102.53	 1142.86	 2959.68	  242.29	 7221.74
16:04:32	 7871.33	 7755.18	  116.16	  291.04	 4102.53	 1142.86	 2959.68	  242.32	 7221.82
16:04:34	 7871.33	 7749.87	  121.46	  282.55	 4102.53	 1142.86	 2959.68	  242.09	 7225.23
16:04:36	 7871.33	 7746.05	  125.28	  282.55	 4102.53	 1142.86	 2959.68	  242.10	 7221.40
16:04:38	 7871.33	 7746.17	  125.16	  282.57	 4102.53	 1142.86	 2959.68	  242.12	 7221.48
16:04:40	 7871.33	 7746.66	  124.67	  282.83	 4102.53	 1142.86	 2959.68	  242.13	 7221.70
16:04:42	 7871.33	 7747.00	  124.34	  282.84	 4102.53	 1142.86	 2959.68	  242.13	 7222.02
16:04:44	 7871.33	 7749.64	  121.69	  283.10	 4102.53	 1142.86	 2959.68	  242.16	 7224.39
16:04:46	 7871.33	 7746.76	  124.57	  283.10	 4102.53	 1142.86	 2959.68	  242.18	 7221.48
16:04:48	 7871.33	 7746.64	  124.69	  283.11	 4102.53	 1142.86	 2959.68	  242.20	 7221.34
16:04:50	 7871.33	 7747.23	  124.10	  283.38	 4102.53	 1142.86	 2959.68	  242.21	 7221.65
16:04:52	 7871.33	 7747.47	  123.86	  283.38	 4102.53	 1142.86	 2959.68	  242.22	 7221.87
16:04:54	 7871.33	 7747.83	  123.50	  283.65	 4102.53	 1142.86	 2959.68	  242.24	 7221.94
16:04:56	 7871.33	 7748.09	  123.25	  283.65	 4102.53	 1142.86	 2959.68	  242.26	 7222.17
16:04:58	 7871.33	 7747.61	  123.72	  283.67	 4102.53	 1142.86	 2959.68	  242.29	 7221.66
16:05:00	 7871.33	 7747.97	  123.36	  283.93	 4102.53	 1142.86	 2959.68	  242.30	 7221.73
16:05:02	 7871.33	 7748.20	  123.13	  283.94	 4102.53	 1142.86	 2959.68	  242.32	 7221.95
16:05:04	 7871.33	 7748.56	  122.77	  284.20	 4102.53	 1142.86	 2959.68	  242.34	 7222.02
16:05:06	 7871.33	 7751.05	  120.29	  284.21	 4102.53	 1142.86	 2959.68	  242.35	 7224.48
16:05:08	 7871.33	 7750.93	  120.40	  284.22	 4102.53	 1142.86	 2959.68	  242.38	 7224.34
16:05:10	 7871.33	 7748.69	  122.64	  284.48	 4102.53	 1142.86	 2959.68	  242.39	 7221.82
16:05:12	 7871.33	 7749.05	  122.28	  284.52	 4102.53	 1142.86	 2959.68	  242.39	 7222.14
16:05:14	 7871.33	 7748.92	  122.41	  284.78	 4102.53	 1142.86	 2959.68	  242.42	 7221.72
16:05:16	 7871.33	 7748.92	  122.41	  284.79	 4102.53	 1142.86	 2959.68	  242.44	 7221.70
16:05:18	 7871.33	 7748.92	  122.41	  284.79	 4102.53	 1142.86	 2959.68	  242.45	 7221.67
16:05:20	 7871.33	 7749.30	  122.03	  285.05	 4102.53	 1142.86	 2959.68	  242.47	 7221.79
16:05:23	 7871.33	 7749.55	  121.79	  285.07	 4102.53	 1142.86	 2959.68	  242.46	 7222.02
16:05:25	 7871.33	 7749.91	  121.42	  285.32	 4102.53	 1142.86	 2959.68	  242.51	 7222.08
16:05:27	 7871.33	 7749.53	  121.80	  285.34	 4102.53	 1142.86	 2959.68	  242.52	 7221.68
16:05:29	 7871.33	 7750.02	  121.32	  285.60	 4102.53	 1142.86	 2959.68	  242.45	 7221.96
16:05:31	 7871.33	 7750.02	  121.32	  285.61	 4102.53	 1142.86	 2959.68	  242.56	 7221.85
16:05:33	 7871.33	 7749.79	  121.54	  285.61	 4102.53	 1142.86	 2959.68	  242.57	 7221.61
16:05:35	 7871.33	 7750.39	  120.94	  285.88	 4102.53	 1142.86	 2959.68	  242.59	 7221.93
16:05:37	 7871.33	 7749.79	  121.54	  285.89	 4102.53	 1142.86	 2959.68	  242.61	 7221.29
16:05:39	 7871.33	 7753.22	  118.11	  286.14	 4102.53	 1142.86	 2959.68	  242.54	 7224.54
16:05:41	 7871.33	 7751.84	  119.49	  286.14	 4102.53	 1142.86	 2959.68	  242.64	 7223.05
16:05:43	 7871.33	 7751.86	  119.47	  286.15	 4102.53	 1142.86	 2959.68	  242.66	 7223.05
16:05:45	 7871.33	 7750.62	  120.71	  286.42	 4102.53	 1142.86	 2959.68	  242.67	 7221.53
16:05:47	 7871.33	 7750.38	  120.95	  286.42	 4102.53	 1142.86	 2959.68	  242.68	 7221.27
16:05:49	 7871.33	 7753.48	  117.85	  286.68	 4102.53	 1142.86	 2959.68	  242.62	 7224.19
16:05:51	 7871.33	 7750.98	  120.35	  286.69	 4102.53	 1142.86	 2959.68	  242.72	 7221.58
16:05:53	 7871.33	 7751.22	  120.11	  286.70	 4102.53	 1142.86	 2959.68	  242.74	 7221.78
16:05:55	 7871.33	 7751.61	  119.73	  286.97	 4102.53	 1142.86	 2959.68	  242.76	 7221.88
16:05:57	 7871.33	 7750.75	  120.58	  286.98	 4102.53	 1142.86	 2959.68	  242.78	 7220.99
16:05:59	 7871.33	 7751.23	  120.11	  287.24	 4102.53	 1142.86	 2959.68	  242.71	 7221.27
16:06:01	 7871.33	 7751.46	  119.87	  287.25	 4102.53	 1142.86	 2959.68	  242.81	 7221.40
16:06:03	 7871.33	 7751.45	  119.89	  287.27	 4102.53	 1142.86	 2959.68	  242.81	 7221.37
16:06:05	 7871.33	 7756.43	  114.90	  287.53	 4102.53	 1142.86	 2959.68	  242.84	 7226.06
16:06:07	 7871.33	 7751.35	  119.98	  287.54	 4102.53	 1142.86	 2959.68	  242.86	 7220.95
16:06:09	 7871.33	 7751.83	  119.50	  287.80	 4102.53	 1142.86	 2959.68	  242.80	 7221.23
16:06:11	 7871.33	 7755.38	  115.96	  287.81	 4102.53	 1142.86	 2959.68	  242.89	 7224.67
16:06:13	 7871.33	 7752.16	  119.17	  287.82	 4102.53	 1142.86	 2959.68	  242.90	 7221.45
16:06:15	 7871.33	 7752.54	  118.79	  288.09	 4102.53	 1142.86	 2959.68	  242.91	 7221.54
16:06:17	 7871.33	 7751.95	  119.38	  288.10	 4102.53	 1142.86	 2959.68	  242.95	 7220.91
16:06:19	 7871.33	 7752.45	  118.88	  288.36	 4102.53	 1142.86	 2959.68	  242.88	 7221.22
16:06:21	 7871.33	 7752.44	  118.89	  288.38	 4102.53	 1142.86	 2959.68	  242.96	 7221.10
16:06:23	 7871.33	 7752.91	  118.43	  288.38	 4102.53	 1142.86	 2959.68	  242.99	 7221.54
16:06:25	 7871.33	 7753.28	  118.05	  288.64	 4102.53	 1142.86	 2959.68	  242.99	 7221.64
16:06:27	 7871.33	 7752.93	  118.40	  288.65	 4102.53	 1142.86	 2959.68	  243.02	 7221.26
16:06:29	 7871.33	 7753.77	  117.56	  288.90	 4102.53	 1142.86	 2959.68	  242.96	 7221.91
16:06:31	 7871.33	 7753.17	  118.16	  288.91	 4102.53	 1142.86	 2959.68	  243.05	 7221.21
16:06:33	 7871.33	 7754.02	  117.31	  288.92	 4102.53	 1142.86	 2959.68	  243.07	 7222.03
16:06:35	 7871.33	 7754.23	  117.10	  289.19	 4102.53	 1142.86	 2959.68	  243.08	 7221.96
16:06:37	 7871.33	 7753.75	  117.59	  289.20	 4102.53	 1142.86	 2959.68	  243.12	 7221.42
16:06:39	 7871.33	 7757.46	  113.88	  289.45	 4102.53	 1142.86	 2959.68	  243.06	 7224.95
16:06:41	 7871.33	 7754.36	  116.97	  289.48	 4102.53	 1142.86	 2959.68	  243.15	 7221.73
16:06:43	 7871.33	 7757.70	  113.63	  289.48	 4102.53	 1142.86	 2959.68	  243.17	 7225.04
16:06:45	 7871.33	 7754.71	  116.62	  289.75	 4102.53	 1142.86	 2959.68	  243.20	 7221.76
16:06:47	 7871.33	 7754.22	  117.11	  289.77	 4102.53	 1142.86	 2959.68	  243.21	 7221.24
16:06:49	 7871.33	 7754.71	  116.62	  290.03	 4102.53	 1142.86	 2959.68	  243.23	 7221.46
16:06:51	 7871.33	 7755.59	  115.74	  290.04	 4102.53	 1142.86	 2959.68	  243.25	 7222.31
16:06:53	 7871.33	 7755.47	  115.86	  290.05	 4102.53	 1142.86	 2959.68	  243.26	 7222.16
16:06:55	 7871.33	 7755.96	  115.38	  290.31	 4102.53	 1142.86	 2959.68	  243.29	 7222.36
16:06:57	 7871.33	 7755.20	  116.13	  290.32	 4102.53	 1142.86	 2959.68	  243.29	 7221.59
16:06:59	 7871.33	 7755.93	  115.41	  290.59	 4102.53	 1142.86	 2959.68	  243.31	 7222.03
16:07:01	 7871.33	 7757.18	  114.15	  290.59	 4102.53	 1142.86	 2959.68	  243.34	 7223.25
16:07:03	 7871.33	 7756.20	  115.13	  290.60	 4102.53	 1142.86	 2959.68	  243.35	 7222.25
16:07:05	 7871.33	 7756.94	  114.39	  290.86	 4102.53	 1142.86	 2959.68	  243.36	 7222.72
16:07:07	 7871.33	 7756.20	  115.13	  290.87	 4102.53	 1142.86	 2959.68	  243.39	 7221.94
16:07:09	 7871.33	 7756.80	  114.54	  291.14	 4102.53	 1142.86	 2959.68	  243.41	 7222.25
16:07:11	 7871.33	 7756.92	  114.41	  291.14	 4102.53	 1142.86	 2959.68	  243.43	 7222.34
16:07:13	 7871.33	 7757.40	  113.93	  291.16	 4102.53	 1142.86	 2959.68	  243.45	 7222.79
16:07:15	 7871.33	 7760.27	  111.06	  291.41	 4102.53	 1142.86	 2959.68	  243.46	 7225.40
16:07:17	 7871.33	 7756.89	  114.45	  291.42	 4102.53	 1142.86	 2959.68	  243.49	 7221.98
16:07:19	 7871.33	 7757.01	  114.32	  291.69	 4102.53	 1142.86	 2959.68	  243.50	 7221.82
16:07:21	 7871.33	 7757.37	  113.96	  291.70	 4102.53	 1142.86	 2959.68	  243.51	 7222.16
16:07:23	 7871.33	 7757.13	  114.20	  291.71	 4102.53	 1142.86	 2959.68	  243.53	 7221.89
16:07:25	 7871.33	 7757.90	  113.43	  291.97	 4102.53	 1142.86	 2959.68	  243.54	 7222.39
16:07:27	 7871.33	 7757.18	  114.16	  291.98	 4102.53	 1142.86	 2959.68	  243.56	 7221.63
16:07:29	 7871.33	 7757.89	  113.44	  292.25	 4102.53	 1142.86	 2959.68	  243.57	 7222.08
16:07:31	 7871.33	 7757.98	  113.36	  292.25	 4102.53	 1142.86	 2959.68	  243.59	 7222.14
16:07:34	 7871.33	 7758.34	  112.99	  292.51	 4102.53	 1142.86	 2959.68	  243.52	 7222.31
16:07:36	 7871.33	 7761.57	  109.77	  292.52	 4102.53	 1142.86	 2959.68	  243.62	 7225.42
16:07:38	 7871.33	 7758.13	  113.20	  292.53	 4102.53	 1142.86	 2959.68	  243.65	 7221.95
16:07:40	 7871.33	 7758.36	  112.98	  292.80	 4102.53	 1142.86	 2959.68	  243.66	 7221.90
16:07:42	 7871.33	 7758.48	  112.86	  292.80	 4102.53	 1142.86	 2959.68	  243.68	 7222.00
16:07:44	 7871.33	 7758.95	  112.38	  293.06	 4102.53	 1142.86	 2959.68	  243.61	 7222.28
16:07:46	 7871.33	 7758.94	  112.39	  293.08	 4102.53	 1142.86	 2959.68	  243.71	 7222.15
16:07:48	 7871.33	 7760.89	  110.44	  293.08	 4102.53	 1142.86	 2959.68	  243.74	 7224.07
16:07:50	 7871.33	 7758.85	  112.48	  293.33	 4102.53	 1142.86	 2959.68	  243.75	 7221.77
16:07:52	 7871.33	 7760.82	  110.51	  293.35	 4102.53	 1142.86	 2959.68	  243.75	 7223.73
16:07:54	 7871.33	 7759.21	  112.12	  293.61	 4102.53	 1142.86	 2959.68	  243.69	 7221.91
16:07:56	 7871.33	 7759.33	  112.00	  293.62	 4102.53	 1142.86	 2959.68	  243.80	 7221.91
16:07:58	 7871.33	 7760.32	  111.02	  293.64	 4102.53	 1142.86	 2959.68	  243.81	 7222.86
16:08:00	 7871.33	 7749.07	  122.26	  283.91	 4102.53	 1142.86	 2959.68	  243.57	 7221.59
16:08:02	 7871.33	 7749.18	  122.16	  283.91	 4102.53	 1142.86	 2959.68	  243.58	 7221.68
16:08:04	 7871.33	 7749.64	  121.69	  284.17	 4102.53	 1142.86	 2959.68	  243.51	 7221.96
16:08:06	 7871.33	 7749.77	  121.57	  284.18	 4102.53	 1142.86	 2959.68	  243.61	 7221.98
16:08:08	 7871.33	 7749.28	  122.05	  284.19	 4102.53	 1142.86	 2959.68	  243.64	 7221.45
16:08:10	 7871.33	 7752.93	  118.40	  284.45	 4102.53	 1142.86	 2959.68	  243.66	 7224.83
16:08:12	 7871.33	 7751.18	  120.16	  284.46	 4102.53	 1142.86	 2959.68	  243.66	 7223.05
16:08:14	 7871.33	 7751.77	  119.56	  284.71	 4102.53	 1142.86	 2959.68	  243.61	 7223.45
16:08:16	 7871.33	 7752.34	  118.99	  284.73	 4102.53	 1142.86	 2959.68	  243.70	 7223.91
16:08:18	 7871.33	 7751.62	  119.71	  284.75	 4102.53	 1142.86	 2959.68	  243.73	 7223.15
16:08:20	 7871.33	 7752.21	  119.12	  285.01	 4102.53	 1142.86	 2959.68	  243.73	 7223.47
16:08:22	 7871.33	 7752.11	  119.23	  285.02	 4102.53	 1142.86	 2959.68	  243.75	 7223.34
16:08:24	 7871.33	 7752.72	  118.61	  285.27	 4102.53	 1142.86	 2959.68	  243.69	 7223.76
16:08:26	 7871.33	 7752.95	  118.38	  285.29	 4102.53	 1142.86	 2959.68	  243.78	 7223.88
16:08:28	 7871.33	 7752.34	  118.99	  285.30	 4102.53	 1142.86	 2959.68	  243.80	 7223.24
16:08:30	 7871.33	 7752.82	  118.52	  285.55	 4102.53	 1142.86	 2959.68	  243.82	 7223.45
16:08:32	 7871.33	 7755.94	  115.39	  285.56	 4102.53	 1142.86	 2959.68	  243.84	 7226.54
16:08:34	 7871.33	 7753.46	  117.87	  285.82	 4102.53	 1142.86	 2959.68	  243.77	 7223.87
16:08:36	 7871.33	 7753.58	  117.75	  285.82	 4102.53	 1142.86	 2959.68	  243.86	 7223.90
16:08:38	 7871.33	 7753.10	  118.23	  285.85	 4102.53	 1142.86	 2959.68	  243.88	 7223.37
16:08:40	 7871.33	 7753.55	  117.78	  286.10	 4102.53	 1142.86	 2959.68	  243.91	 7223.54
16:08:42	 7871.33	 7756.96	  114.38	  286.11	 4102.53	 1142.86	 2959.68	  244.08	 7226.77
16:08:44	 7871.33	 7753.52	  117.81	  286.38	 4102.53	 1142.86	 2959.68	  244.10	 7223.05
16:08:46	 7871.33	 7751.35	  119.98	  286.38	 4102.53	 1142.86	 2959.68	  244.20	 7220.77
16:08:48	 7871.33	 7744.79	  126.55	  286.40	 4102.53	 1142.86	 2959.68	  244.21	 7214.18
16:08:50	 7871.33	 7745.69	  125.64	  286.66	 4102.53	 1142.86	 2959.68	  244.41	 7214.62
16:08:52	 7871.33	 7745.95	  125.38	  286.66	 4102.53	 1142.86	 2959.68	  244.43	 7214.87
16:08:54	 7871.33	 7749.19	  122.14	  286.93	 4102.53	 1142.86	 2959.68	  244.36	 7217.91
16:08:56	 7871.33	 7745.96	  125.37	  286.94	 4102.53	 1142.86	 2959.68	  244.45	 7214.57
16:08:58	 7871.33	 7745.97	  125.36	  286.95	 4102.53	 1142.86	 2959.68	  244.47	 7214.55
16:09:00	 7871.33	 7747.99	  123.34	  287.21	 4102.53	 1142.86	 2959.68	  245.62	 7215.16
16:09:02	 7871.33	 7748.39	  122.94	  287.21	 4102.53	 1142.86	 2959.68	  245.64	 7215.54
16:09:04	 7871.33	 7748.36	  122.97	  287.48	 4102.53	 1142.86	 2959.68	  245.56	 7215.32
16:09:06	 7871.33	 7748.27	  123.06	  287.48	 4102.53	 1142.86	 2959.68	  245.68	 7215.11
16:09:08	 7871.33	 7748.79	  122.54	  287.49	 4102.53	 1142.86	 2959.68	  245.69	 7215.61
16:09:10	 7871.33	 7750.48	  120.85	  287.77	 4102.53	 1142.86	 2959.68	  245.70	 7217.02
16:09:12	 7871.33	 7753.11	  118.22	  276.28	 4102.53	 1142.86	 2959.68	  245.83	 7231.00
16:09:14	 7871.33	 7756.03	  115.30	  276.54	 4102.53	 1142.86	 2959.68	  245.69	 7233.80
16:09:16	 7871.33	 7743.88	  127.46	  276.55	 4102.53	 1142.86	 2959.68	  245.82	 7221.51
16:09:18	 7871.33	 7746.92	  124.41	  276.56	 4102.53	 1142.86	 2959.68	  246.42	 7223.94
16:09:20	 7871.33	 7755.03	  116.30	  276.83	 4102.53	 1142.86	 2959.68	  246.44	 7231.77
16:09:22	 7871.33	 7759.39	  111.94	  276.84	 4102.53	 1142.86	 2959.68	  246.45	 7236.10
16:09:24	 7871.33	 7755.46	  115.87	  266.36	 4102.53	 1142.86	 2959.68	  246.49	 7242.61
16:09:26	 7871.33	 7737.22	  134.11	  266.38	 4102.53	 1142.86	 2959.68	  246.50	 7224.34
16:09:28	 7871.33	 7742.93	  128.40	  266.39	 4102.53	 1142.86	 2959.68	  246.51	 7230.03
16:09:30	 7871.33	 7745.22	  126.11	  266.66	 4102.53	 1142.86	 2959.68	  246.54	 7232.02
16:09:32	 7871.33	 7745.95	  125.38	  266.66	 4102.53	 1142.86	 2959.68	  246.55	 7232.74
16:09:34	 7871.33	 7749.57	  121.77	  266.92	 4102.53	 1142.86	 2959.68	  246.56	 7236.08
16:09:36	 7871.33	 7739.39	  131.94	  266.94	 4102.53	 1142.86	 2959.68	  246.58	 7225.88
16:09:38	 7871.33	 7745.09	  126.25	  266.94	 4102.53	 1142.86	 2959.68	  246.61	 7231.54
16:09:40	 7871.33	 7747.52	  123.81	  267.21	 4102.53	 1142.86	 2959.68	  246.61	 7233.70
16:09:42	 7871.33	 7748.73	  122.60	  267.22	 4102.53	 1142.86	 2959.68	  246.63	 7234.88
16:09:44	 7871.33	 7753.20	  118.13	  267.47	 4102.53	 1142.86	 2959.68	  246.65	 7239.07
16:09:46	 7871.33	 7742.71	  128.62	  267.49	 4102.53	 1142.86	 2959.68	  246.68	 7228.55
16:09:48	 7871.33	 7743.03	  128.30	  267.50	 4102.53	 1142.86	 2959.68	  246.69	 7228.84
16:09:50	 7871.33	 7745.18	  126.15	  267.75	 4102.53	 1142.86	 2959.68	  246.71	 7230.72
16:09:52	 7871.33	 7747.24	  124.09	  267.78	 4102.53	 1142.86	 2959.68	  246.72	 7232.74
16:09:54	 7871.33	 7751.72	  119.61	  268.03	 4102.53	 1142.86	 2959.68	  246.73	 7236.95
16:09:56	 7871.33	 7749.61	  121.73	  268.04	 4102.53	 1142.86	 2959.68	  246.75	 7234.82
16:09:58	 7871.33	 7749.00	  122.33	  268.05	 4102.53	 1142.86	 2959.68	  246.79	 7234.16
16:10:00	 7871.33	 7749.85	  121.48	  268.30	 4102.53	 1142.86	 2959.68	  246.80	 7234.75
16:10:02	 7871.33	 7750.37	  120.96	  268.32	 4102.53	 1142.86	 2959.68	  246.81	 7235.23
16:10:04	 7871.33	 7751.12	  120.21	  268.58	 4102.53	 1142.86	 2959.68	  246.83	 7235.71
16:10:07	 7871.33	 7746.90	  124.43	  268.58	 4102.53	 1142.86	 2959.68	  246.86	 7231.46
16:10:09	 7871.33	 7748.02	  123.32	  268.84	 4102.53	 1142.86	 2959.68	  246.80	 7232.38
16:10:11	 7871.33	 7748.48	  122.85	  268.86	 4102.53	 1142.86	 2959.68	  246.91	 7232.71
16:10:13	 7871.33	 7752.67	  118.66	  268.88	 4102.53	 1142.86	 2959.68	  246.92	 7236.87
16:10:15	 7871.33	 7748.63	  122.70	  269.14	 4102.53	 1142.86	 2959.68	  246.94	 7232.55
16:10:17	 7871.33	 7748.37	  122.96	  269.16	 4102.53	 1142.86	 2959.68	  246.96	 7232.25
16:10:19	 7871.33	 7754.46	  116.87	  269.42	 4102.53	 1142.86	 2959.68	  246.90	 7238.14
16:10:21	 7871.33	 7753.44	  117.89	  269.43	 4102.53	 1142.86	 2959.68	  247.02	 7236.99
16:10:23	 7871.33	 7754.16	  117.18	  269.43	 4102.53	 1142.86	 2959.68	  247.03	 7237.69
16:10:25	 7871.33	 7756.17	  115.16	  269.71	 4102.53	 1142.86	 2959.68	  247.04	 7239.43
16:10:27	 7871.33	 7754.57	  116.76	  269.71	 4102.53	 1142.86	 2959.68	  247.06	 7237.81
16:10:29	 7871.33	 7755.30	  116.03	  269.97	 4102.53	 1142.86	 2959.68	  246.99	 7238.34
16:10:31	 7871.33	 7755.69	  115.64	  269.99	 4102.53	 1142.86	 2959.68	  247.09	 7238.61
16:10:33	 7871.33	 7755.85	  115.48	  269.99	 4102.53	 1142.86	 2959.68	  247.10	 7238.76
16:10:35	 7871.33	 7756.34	  115.00	  270.25	 4102.53	 1142.86	 2959.68	  247.11	 7238.97
16:10:37	 7871.33	 7754.90	  116.43	  270.27	 4102.53	 1142.86	 2959.68	  247.13	 7237.50
16:10:39	 7871.33	 7755.75	  115.59	  270.52	 4102.53	 1142.86	 2959.68	  247.05	 7238.17
16:10:41	 7871.33	 7757.60	  113.73	  270.52	 4102.53	 1142.86	 2959.68	  247.17	 7239.91
16:10:43	 7871.33	 7756.59	  114.74	  270.54	 4102.53	 1142.86	 2959.68	  247.18	 7238.88
16:10:45	 7871.33	 7757.05	  114.28	  270.80	 4102.53	 1142.86	 2959.68	  247.20	 7239.06
16:10:47	 7871.33	 7759.59	  111.74	  270.80	 4102.53	 1142.86	 2959.68	  247.22	 7241.57
16:10:49	 7871.33	 7757.35	  113.98	  271.06	 4102.53	 1142.86	 2959.68	  247.14	 7239.15
16:10:51	 7871.33	 7757.58	  113.75	  271.07	 4102.53	 1142.86	 2959.68	  247.27	 7239.24
16:10:53	 7871.33	 7760.88	  110.45	  271.07	 4102.53	 1142.86	 2959.68	  247.28	 7242.53
16:10:55	 7871.33	 7758.03	  113.30	  271.34	 4102.53	 1142.86	 2959.68	  247.28	 7239.41
16:10:57	 7871.33	 7757.18	  114.16	  271.35	 4102.53	 1142.86	 2959.68	  247.30	 7238.53
16:10:59	 7871.33	 7757.80	  113.54	  271.60	 4102.53	 1142.86	 2959.68	  247.24	 7238.96
16:11:01	 7871.33	 7758.28	  113.05	  271.61	 4102.53	 1142.86	 2959.68	  247.34	 7239.33
16:11:03	 7871.33	 7759.01	  112.32	  271.62	 4102.53	 1142.86	 2959.68	  247.35	 7240.04
16:11:05	 7871.33	 7750.32	  121.01	  262.86	 4102.53	 1142.86	 2959.68	  247.14	 7240.33
16:11:07	 7871.33	 7749.43	  121.91	  262.86	 4102.53	 1142.86	 2959.68	  247.16	 7239.41
16:11:09	 7871.33	 7751.03	  120.30	  263.12	 4102.53	 1142.86	 2959.68	  247.09	 7240.82
16:11:11	 7871.33	 7750.18	  121.15	  263.13	 4102.53	 1142.86	 2959.68	  247.20	 7239.86
16:11:13	 7871.33	 7750.30	  121.03	  263.14	 4102.53	 1142.86	 2959.68	  247.21	 7239.96
16:11:15	 7871.33	 7754.39	  116.94	  263.40	 4102.53	 1142.86	 2959.68	  247.22	 7243.78
16:11:17	 7871.33	 7750.27	  121.06	  263.41	 4102.53	 1142.86	 2959.68	  247.41	 7239.45
16:11:19	 7871.33	 7751.00	  120.33	  263.67	 4102.53	 1142.86	 2959.68	  247.45	 7239.88
16:11:21	 7871.33	 7754.11	  117.22	  263.68	 4102.53	 1142.86	 2959.68	  247.48	 7242.95
16:11:23	 7871.33	 7751.39	  119.94	  263.70	 4102.53	 1142.86	 2959.68	  247.50	 7240.20
16:11:25	 7871.33	 7751.53	  119.80	  263.95	 4102.53	 1142.86	 2959.68	  247.51	 7240.08
16:11:27	 7871.33	 7751.73	  119.61	  263.96	 4102.53	 1142.86	 2959.68	  247.52	 7240.25
16:11:29	 7871.33	 7751.86	  119.47	  264.21	 4102.53	 1142.86	 2959.68	  247.52	 7240.13
16:11:31	 7871.33	 7752.33	  119.00	  264.22	 4102.53	 1142.86	 2959.68	  247.55	 7240.56
16:11:33	 7871.33	 7752.34	  118.99	  264.23	 4102.53	 1142.86	 2959.68	  247.56	 7240.54
16:11:35	 7871.33	 7752.95	  118.39	  264.49	 4102.53	 1142.86	 2959.68	  247.58	 7240.88
16:11:37	 7871.33	 7754.50	  116.83	  264.50	 4102.53	 1142.86	 2959.68	  247.60	 7242.40
16:11:39	 7871.33	 7753.30	  118.03	  264.77	 4102.53	 1142.86	 2959.68	  247.61	 7240.92
16:11:41	 7871.33	 7753.79	  117.55	  264.77	 4102.53	 1142.86	 2959.68	  247.64	 7241.38
16:11:43	 7871.33	 7756.91	  114.43	  264.79	 4102.53	 1142.86	 2959.68	  247.64	 7244.47
16:11:45	 7871.33	 7754.07	  117.26	  265.06	 4102.53	 1142.86	 2959.68	  247.67	 7241.34
16:11:47	 7871.33	 7753.22	  118.11	  265.07	 4102.53	 1142.86	 2959.68	  247.68	 7240.46
16:11:49	 7871.33	 7756.68	  114.65	  265.34	 4102.53	 1142.86	 2959.68	  247.69	 7243.64
16:11:51	 7871.33	 7754.27	  117.06	  265.35	 4102.53	 1142.86	 2959.68	  247.72	 7241.20
16:11:53	 7871.33	 7754.03	  117.30	  265.36	 4102.53	 1142.86	 2959.68	  247.73	 7240.93
16:11:56	 7871.33	 7754.79	  116.55	  265.64	 4102.53	 1142.86	 2959.68	  247.76	 7241.39
16:11:58	 7871.33	 7753.70	  117.64	  265.64	 4102.53	 1142.86	 2959.68	  247.78	 7240.28
16:12:00	 7871.33	 7754.91	  116.42	  265.90	 4102.53	 1142.86	 2959.68	  247.78	 7241.23
16:12:02	 7871.33	 7754.75	  116.58	  265.91	 4102.53	 1142.86	 2959.68	  247.81	 7241.03
16:12:04	 7871.33	 7755.12	  116.21	  266.16	 4102.53	 1142.86	 2959.68	  247.74	 7241.21
16:12:06	 7871.33	 7755.16	  116.17	  266.18	 4102.53	 1142.86	 2959.68	  247.83	 7241.16
16:12:08	 7871.33	 7754.18	  117.15	  266.19	 4102.53	 1142.86	 2959.68	  247.84	 7240.15
16:12:10	 7871.33	 7754.66	  116.67	  266.45	 4102.53	 1142.86	 2959.68	  247.86	 7240.36
16:12:12	 7871.33	 7758.12	  113.21	  266.46	 4102.53	 1142.86	 2959.68	  247.88	 7243.78
16:12:14	 7871.33	 7755.49	  115.84	  266.71	 4102.53	 1142.86	 2959.68	  247.81	 7240.97
16:12:16	 7871.33	 7757.96	  113.38	  266.72	 4102.53	 1142.86	 2959.68	  247.92	 7243.32
16:12:18	 7871.33	 7757.36	  113.97	  266.74	 4102.53	 1142.86	 2959.68	  247.93	 7242.70
16:12:20	 7871.33	 7754.78	  116.55	  267.00	 4102.53	 1142.86	 2959.68	  247.95	 7239.83
16:12:22	 7871.33	 7755.39	  115.94	  267.01	 4102.53	 1142.86	 2959.68	  247.97	 7240.41
16:12:24	 7871.33	 7755.96	  115.37	  267.27	 4102.53	 1142.86	 2959.68	  247.91	 7240.79
16:12:26	 7871.33	 7755.84	  115.50	  267.28	 4102.53	 1142.86	 2959.68	  248.00	 7240.55
16:12:28	 7871.33	 7755.11	  116.22	  267.29	 4102.53	 1142.86	 2959.68	  248.02	 7239.80
16:12:30	 7871.33	 7755.88	  115.46	  267.55	 4102.53	 1142.86	 2959.68	  248.05	 7240.28
16:12:32	 7871.33	 7755.85	  115.48	  267.57	 4102.53	 1142.86	 2959.68	  248.06	 7240.23
16:12:34	 7871.33	 7758.36	  112.97	  267.82	 4102.53	 1142.86	 2959.68	  248.00	 7242.54
16:12:36	 7871.33	 7756.56	  114.77	  267.84	 4102.53	 1142.86	 2959.68	  248.09	 7240.63
16:12:38	 7871.33	 7755.71	  115.62	  267.85	 4102.53	 1142.86	 2959.68	  248.11	 7239.76
16:12:40	 7871.33	 7756.69	  114.64	  268.11	 4102.53	 1142.86	 2959.68	  248.12	 7240.46
16:12:42	 7871.33	 7756.47	  114.86	  268.11	 4102.53	 1142.86	 2959.68	  248.14	 7240.21
16:12:44	 7871.33	 7757.08	  114.25	  268.37	 4102.53	 1142.86	 2959.68	  248.08	 7240.62
16:12:46	 7871.33	 7760.30	  111.04	  268.38	 4102.53	 1142.86	 2959.68	  248.18	 7243.74
16:12:48	 7871.33	 7755.83	  115.50	  268.39	 4102.53	 1142.86	 2959.68	  248.19	 7239.25
16:12:50	 7871.33	 7756.07	  115.26	  268.66	 4102.53	 1142.86	 2959.68	  248.19	 7239.23
16:12:52	 7871.33	 7759.44	  111.89	  268.66	 4102.53	 1142.86	 2959.68	  248.21	 7242.57
16:12:54	 7871.33	 7756.71	  114.62	  268.92	 4102.53	 1142.86	 2959.68	  248.15	 7239.64
16:12:56	 7871.33	 7756.01	  115.32	  268.93	 4102.53	 1142.86	 2959.68	  248.25	 7238.83
16:12:58	 7871.33	 7757.20	  114.13	  268.93	 4102.53	 1142.86	 2959.68	  248.28	 7239.98
16:13:00	 7871.33	 7758.25	  113.08	  269.19	 4102.53	 1142.86	 2959.68	  248.29	 7240.77
16:13:02	 7871.33	 7758.61	  112.72	  269.20	 4102.53	 1142.86	 2959.68	  248.32	 7241.09
16:13:04	 7871.33	 7758.78	  112.55	  269.46	 4102.53	 1142.86	 2959.68	  248.33	 7240.99
16:13:06	 7871.33	 7758.18	  113.16	  269.46	 4102.53	 1142.86	 2959.68	  248.35	 7240.37
16:13:08	 7871.33	 7761.92	  109.41	  269.48	 4102.53	 1142.86	 2959.68	  248.36	 7244.08
16:13:10	 7871.33	 7749.70	  121.63	  260.80	 4102.53	 1142.86	 2959.68	  247.68	 7241.21
16:13:12	 7871.33	 7750.27	  121.06	  260.80	 4102.53	 1142.86	 2959.68	  247.71	 7241.76
16:13:14	 7871.33	 7752.14	  119.19	  261.08	 4102.53	 1142.86	 2959.68	  247.72	 7243.35
16:13:16	 7871.33	 7750.18	  121.15	  261.10	 4102.53	 1142.86	 2959.68	  247.74	 7241.35
16:13:18	 7871.33	 7750.18	  121.15	  261.11	 4102.53	 1142.86	 2959.68	  247.75	 7241.32
16:13:20	 7871.33	 7751.05	  120.29	  261.38	 4102.53	 1142.86	 2959.68	  247.77	 7241.90
16:13:22	 7871.33	 7751.12	  120.21	  261.38	 4102.53	 1142.86	 2959.68	  247.79	 7241.95
16:13:24	 7871.33	 7751.48	  119.85	  261.65	 4102.53	 1142.86	 2959.68	  247.80	 7242.04
16:13:26	 7871.33	 7751.20	  120.13	  261.66	 4102.53	 1142.86	 2959.68	  247.82	 7241.71
16:13:28	 7871.33	 7751.26	  120.07	  261.66	 4102.53	 1142.86	 2959.68	  247.84	 7241.76
16:13:30	 7871.33	 7754.36	  116.97	  261.94	 4102.53	 1142.86	 2959.68	  247.87	 7244.55
16:13:32	 7871.33	 7752.58	  118.75	  261.96	 4102.53	 1142.86	 2959.68	  247.89	 7242.73
16:13:34	 7871.33	 7752.45	  118.88	  262.21	 4102.53	 1142.86	 2959.68	  247.93	 7242.32
16:13:37	 7871.33	 7751.24	  120.09	  262.23	 4102.53	 1142.86	 2959.68	  247.94	 7241.07
16:13:39	 7871.33	 7751.88	  119.45	  262.48	 4102.53	 1142.86	 2959.68	  247.88	 7241.52
16:13:41	 7871.33	 7751.88	  119.45	  262.50	 4102.53	 1142.86	 2959.68	  247.97	 7241.41
16:13:43	 7871.33	 7752.07	  119.26	  262.51	 4102.53	 1142.86	 2959.68	  247.98	 7241.58
16:13:45	 7871.33	 7752.48	  118.86	  262.76	 4102.53	 1142.86	 2959.68	  248.00	 7241.71
16:13:47	 7871.33	 7751.36	  119.98	  262.77	 4102.53	 1142.86	 2959.68	  248.02	 7240.56
16:13:49	 7871.33	 7754.57	  116.77	  263.05	 4102.53	 1142.86	 2959.68	  247.95	 7243.56
16:13:51	 7871.33	 7752.00	  119.33	  263.05	 4102.53	 1142.86	 2959.68	  248.05	 7240.89
16:13:53	 7871.33	 7753.58	  117.75	  263.06	 4102.53	 1142.86	 2959.68	  248.07	 7242.45
16:13:55	 7871.33	 7752.72	  118.61	  263.33	 4102.53	 1142.86	 2959.68	  248.09	 7241.30
16:13:57	 7871.33	 7752.23	  119.11	  263.34	 4102.53	 1142.86	 2959.68	  248.11	 7240.77
16:13:59	 7871.33	 7752.20	  119.13	  263.61	 4102.53	 1142.86	 2959.68	  248.04	 7240.55
16:14:01	 7871.33	 7752.70	  118.63	  263.62	 4102.53	 1142.86	 2959.68	  248.14	 7240.93
16:14:03	 7871.33	 7752.82	  118.51	  263.64	 4102.53	 1142.86	 2959.68	  248.16	 7241.03
16:14:05	 7871.33	 7757.03	  114.30	  263.90	 4102.53	 1142.86	 2959.68	  248.18	 7244.95
16:14:07	 7871.33	 7752.70	  118.63	  263.91	 4102.53	 1142.86	 2959.68	  248.21	 7240.59
16:14:09	 7871.33	 7753.41	  117.92	  264.16	 4102.53	 1142.86	 2959.68	  248.14	 7241.11
16:14:11	 7871.33	 7753.20	  118.13	  264.18	 4102.53	 1142.86	 2959.68	  248.23	 7240.79
16:14:13	 7871.33	 7753.57	  117.77	  264.20	 4102.53	 1142.86	 2959.68	  248.24	 7241.13
16:14:15	 7871.33	 7754.17	  117.16	  264.45	 4102.53	 1142.86	 2959.68	  248.26	 7241.46
16:14:17	 7871.33	 7753.10	  118.23	  264.46	 4102.53	 1142.86	 2959.68	  248.28	 7240.36
16:14:19	 7871.33	 7753.66	  117.68	  264.72	 4102.53	 1142.86	 2959.68	  248.21	 7240.72
16:14:21	 7871.33	 7753.53	  117.80	  264.74	 4102.53	 1142.86	 2959.68	  248.30	 7240.49
16:14:23	 7871.33	 7756.52	  114.81	  264.76	 4102.53	 1142.86	 2959.68	  248.31	 7243.45
16:14:25	 7871.33	 7754.17	  117.16	  265.01	 4102.53	 1142.86	 2959.68	  248.35	 7240.82
16:14:27	 7871.33	 7755.23	  116.11	  265.02	 4102.53	 1142.86	 2959.68	  248.36	 7241.86
16:14:29	 7871.33	 7754.02	  117.31	  265.28	 4102.53	 1142.86	 2959.68	  248.29	 7240.45
16:14:31	 7871.33	 7754.02	  117.31	  265.28	 4102.53	 1142.86	 2959.68	  248.39	 7240.35
16:14:33	 7871.33	 7754.16	  117.18	  265.29	 4102.53	 1142.86	 2959.68	  248.40	 7240.46
16:14:35	 7871.33	 7754.64	  116.69	  265.55	 4102.53	 1142.86	 2959.68	  248.45	 7240.64
16:14:37	 7871.33	 7753.44	  117.89	  265.56	 4102.53	 1142.86	 2959.68	  248.46	 7239.41
16:14:39	 7871.33	 7758.22	  113.11	  265.82	 4102.53	 1142.86	 2959.68	  248.47	 7243.93
16:14:41	 7871.33	 7754.66	  116.68	  265.83	 4102.53	 1142.86	 2959.68	  248.49	 7240.33
16:14:43	 7871.33	 7754.51	  116.82	  265.84	 4102.53	 1142.86	 2959.68	  248.50	 7240.17
16:14:45	 7871.33	 7755.99	  115.34	  266.11	 4102.53	 1142.86	 2959.68	  248.53	 7241.35
16:14:47	 7871.33	 7754.66	  116.68	  266.11	 4102.53	 1142.86	 2959.68	  248.54	 7240.01
16:14:49	 7871.33	 7755.27	  116.06	  266.37	 4102.53	 1142.86	 2959.68	  248.54	 7240.36
16:14:51	 7871.33	 7755.35	  115.98	  266.38	 4102.53	 1142.86	 2959.68	  248.57	 7240.40
16:14:53	 7871.33	 7755.23	  116.10	  266.38	 4102.53	 1142.86	 2959.68	  248.59	 7240.27
16:14:55	 7871.33	 7755.58	  115.75	  266.65	 4102.53	 1142.86	 2959.68	  248.61	 7240.32
16:14:57	 7871.33	 7757.25	  114.09	  266.66	 4102.53	 1142.86	 2959.68	  248.63	 7241.96
16:14:59	 7871.33	 7754.88	  116.45	  266.91	 4102.53	 1142.86	 2959.68	  248.63	 7239.34
16:15:01	 7871.33	 7758.48	  112.85	  266.91	 4102.53	 1142.86	 2959.68	  248.65	 7242.92
16:15:03	 7871.33	 7755.21	  116.12	  266.92	 4102.53	 1142.86	 2959.68	  248.66	 7239.63
16:15:05	 7871.33	 7755.97	  115.36	  267.19	 4102.53	 1142.86	 2959.68	  248.69	 7240.10
16:15:07	 7871.33	 7755.35	  115.98	  267.20	 4102.53	 1142.86	 2959.68	  248.71	 7239.44
16:15:09	 7871.33	 7755.96	  115.38	  267.45	 4102.53	 1142.86	 2959.68	  248.72	 7239.79
16:15:12	 7871.33	 7756.06	  115.27	  267.46	 4102.53	 1142.86	 2959.68	  248.74	 7239.86
16:15:14	 7871.33	 7756.49	  114.84	  267.72	 4102.53	 1142.86	 2959.68	  248.68	 7240.09
16:15:16	 7871.33	 7756.81	  114.52	  267.73	 4102.53	 1142.86	 2959.68	  248.77	 7240.31
16:15:18	 7871.33	 7756.69	  114.64	  267.74	 4102.53	 1142.86	 2959.68	  248.79	 7240.16
16:15:20	 7871.33	 7757.81	  113.52	  268.00	 4102.53	 1142.86	 2959.68	  248.81	 7241.01
16:15:22	 7871.33	 7757.43	  113.91	  268.00	 4102.53	 1142.86	 2959.68	  248.82	 7240.60
16:15:24	 7871.33	 7759.54	  111.79	  268.25	 4102.53	 1142.86	 2959.68	  248.76	 7242.53
16:15:26	 7871.33	 7758.26	  113.07	  268.26	 4102.53	 1142.86	 2959.68	  248.86	 7241.13
16:15:28	 7871.33	 7757.78	  113.55	  268.27	 4102.53	 1142.86	 2959.68	  248.87	 7240.64
16:15:30	 7871.33	 7758.38	  112.95	  268.54	 4102.53	 1142.86	 2959.68	  248.89	 7240.95
16:15:32	 7871.33	 7761.04	  110.29	  268.54	 4102.53	 1142.86	 2959.68	  248.90	 7243.59
16:15:34	 7871.33	 7758.79	  112.54	  268.80	 4102.53	 1142.86	 2959.68	  248.82	 7241.16
16:15:36	 7871.33	 7761.98	  109.36	  268.81	 4102.53	 1142.86	 2959.68	  248.93	 7244.23
16:15:38	 7871.33	 7758.16	  113.17	  268.82	 4102.53	 1142.86	 2959.68	  248.96	 7240.39
16:15:40	 7871.33	 7758.63	  112.70	  269.08	 4102.53	 1142.86	 2959.68	  248.97	 7240.58
16:15:42	 7871.33	 7758.63	  112.70	  269.09	 4102.53	 1142.86	 2959.68	  248.99	 7240.55
16:15:44	 7871.33	 7759.41	  111.92	  269.34	 4102.53	 1142.86	 2959.68	  248.93	 7241.14
16:15:46	 7871.33	 7759.27	  112.07	  269.36	 4102.53	 1142.86	 2959.68	  249.02	 7240.88
16:15:48	 7871.33	 7758.53	  112.80	  269.36	 4102.53	 1142.86	 2959.68	  249.05	 7240.12
16:15:50	 7871.33	 7758.74	  112.59	  269.62	 4102.53	 1142.86	 2959.68	  249.05	 7240.07
16:15:52	 7871.33	 7759.23	  112.11	  269.63	 4102.53	 1142.86	 2959.68	  249.07	 7240.52
16:15:54	 7871.33	 7759.88	  111.45	  269.89	 4102.53	 1142.86	 2959.68	  249.00	 7240.99
16:15:56	 7871.33	 7751.25	  120.08	  261.34	 4102.53	 1142.86	 2959.68	  249.04	 7240.88
16:15:58	 7871.33	 7752.78	  118.55	  261.34	 4102.53	 1142.86	 2959.68	  249.07	 7242.38
16:16:00	 7871.33	 7751.01	  120.32	  261.59	 4102.53	 1142.86	 2959.68	  249.07	 7240.34
16:16:02	 7871.33	 7751.23	  120.10	  261.61	 4102.53	 1142.86	 2959.68	  249.10	 7240.53
16:16:04	 7871.33	 7751.72	  119.61	  261.87	 4102.53	 1142.86	 2959.68	  249.03	 7240.82
16:16:06	 7871.33	 7757.31	  114.02	  261.88	 4102.53	 1142.86	 2959.68	  249.11	 7246.31
16:16:08	 7871.33	 7755.43	  115.90	  261.88	 4102.53	 1142.86	 2959.68	  249.16	 7244.39
16:16:10	 7871.33	 7757.15	  114.18	  262.13	 4102.53	 1142.86	 2959.68	  249.16	 7245.86
16:16:12	 7871.33	 7757.34	  113.99	  262.15	 4102.53	 1142.86	 2959.68	  249.18	 7246.01
16:16:14	 7871.33	 7758.12	  113.21	  262.41	 4102.53	 1142.86	 2959.68	  249.10	 7246.62
16:16:16	 7871.33	 7758.50	  112.84	  262.42	 4102.53	 1142.86	 2959.68	  249.20	 7246.88
16:16:18	 7871.33	 7756.82	  114.52	  262.43	 4102.53	 1142.86	 2959.68	  249.24	 7245.15
16:16:20	 7871.33	 7759.41	  111.93	  262.68	 4102.53	 1142.86	 2959.68	  249.25	 7247.48
16:16:22	 7871.33	 7757.72	  113.61	  262.68	 4102.53	 1142.86	 2959.68	  249.26	 7245.78
16:16:24	 7871.33	 7758.09	  113.25	  262.94	 4102.53	 1142.86	 2959.68	  249.18	 7245.96
16:16:26	 7871.33	 7758.45	  112.88	  262.96	 4102.53	 1142.86	 2959.68	  249.30	 7246.19
16:16:28	 7871.33	 7757.62	  113.71	  262.97	 4102.53	 1142.86	 2959.68	  249.33	 7245.32
16:16:30	 7871.33	 7757.12	  114.21	  263.23	 4102.53	 1142.86	 2959.68	  249.34	 7244.55
16:16:32	 7871.33	 7757.38	  113.96	  263.23	 4102.53	 1142.86	 2959.68	  249.35	 7244.79
16:16:34	 7871.33	 7757.71	  113.62	  263.49	 4102.53	 1142.86	 2959.68	  249.36	 7244.86
16:16:36	 7871.33	 7756.38	  114.96	  263.50	 4102.53	 1142.86	 2959.68	  249.37	 7243.50
16:16:38	 7871.33	 7756.37	  114.96	  263.52	 4102.53	 1142.86	 2959.68	  249.39	 7243.46
16:16:40	 7871.33	 7758.31	  113.02	  263.77	 4102.53	 1142.86	 2959.68	  249.43	 7245.11
16:16:42	 7871.33	 7759.55	  111.78	  263.79	 4102.53	 1142.86	 2959.68	  249.43	 7246.33
16:16:44	 7871.33	 7757.74	  113.59	  264.04	 4102.53	 1142.86	 2959.68	  249.45	 7244.25
16:16:46	 7871.33	 7757.35	  113.98	  264.06	 4102.53	 1142.86	 2959.68	  249.46	 7243.83
16:16:48	 7871.33	 7757.46	  113.87	  264.08	 4102.53	 1142.86	 2959.68	  249.50	 7243.89
16:16:50	 7871.33	 7757.82	  113.51	  264.34	 4102.53	 1142.86	 2959.68	  249.50	 7243.98
16:16:52	 7871.33	 7758.10	  113.23	  264.34	 4102.53	 1142.86	 2959.68	  249.52	 7244.24
16:16:54	 7871.33	 7761.07	  110.26	  264.59	 4102.53	 1142.86	 2959.68	  249.53	 7246.95
16:16:56	 7871.33	 7756.77	  114.56	  264.61	 4102.53	 1142.86	 2959.68	  249.55	 7242.62
16:16:58	 7871.33	 7757.20	  114.13	  264.62	 4102.53	 1142.86	 2959.68	  249.57	 7243.01
16:17:00	 7871.33	 7758.16	  113.17	  264.88	 4102.53	 1142.86	 2959.68	  249.59	 7243.69
16:17:03	 7871.33	 7761.02	  110.31	  264.89	 4102.53	 1142.86	 2959.68	  249.61	 7246.52
16:17:05	 7871.33	 7758.93	  112.40	  265.15	 4102.53	 1142.86	 2959.68	  249.61	 7244.18
16:17:07	 7871.33	 7757.20	  114.13	  265.16	 4102.53	 1142.86	 2959.68	  249.62	 7242.42
16:17:09	 7871.33	 7757.44	  113.89	  265.42	 4102.53	 1142.86	 2959.68	  249.58	 7242.44
16:17:11	 7871.33	 7757.91	  113.42	  265.43	 4102.53	 1142.86	 2959.68	  249.68	 7242.80
16:17:13	 7871.33	 7758.03	  113.30	  265.44	 4102.53	 1142.86	 2959.68	  249.69	 7242.90
16:17:15	 7871.33	 7757.81	  113.52	  265.70	 4102.53	 1142.86	 2959.68	  249.71	 7242.40
16:17:17	 7871.33	 7760.18	  111.16	  265.70	 4102.53	 1142.86	 2959.68	  249.72	 7244.75
16:17:19	 7871.33	 7758.55	  112.79	  265.97	 4102.53	 1142.86	 2959.68	  249.66	 7242.91
16:17:21	 7871.33	 7759.15	  112.18	  265.98	 4102.53	 1142.86	 2959.68	  249.75	 7243.42
16:17:23	 7871.33	 7758.89	  112.44	  265.99	 4102.53	 1142.86	 2959.68	  249.77	 7243.14
16:17:25	 7871.33	 7760.75	  110.58	  266.25	 4102.53	 1142.86	 2959.68	  249.78	 7244.72
16:17:27	 7871.33	 7758.06	  113.27	  266.26	 4102.53	 1142.86	 2959.68	  249.80	 7242.00
16:17:29	 7871.33	 7758.55	  112.79	  266.52	 4102.53	 1142.86	 2959.68	  249.75	 7242.27
16:17:31	 7871.33	 7758.89	  112.44	  266.54	 4102.53	 1142.86	 2959.68	  249.85	 7242.51
16:17:33	 7871.33	 7758.77	  112.56	  266.54	 4102.53	 1142.86	 2959.68	  249.86	 7242.37
16:17:35	 7871.33	 7761.32	  110.02	  266.82	 4102.53	 1142.86	 2959.68	  249.87	 7244.63
16:17:37	 7871.33	 7758.56	  112.77	  266.82	 4102.53	 1142.86	 2959.68	  249.89	 7241.85
16:17:39	 7871.33	 7761.89	  109.44	  267.07	 4102.53	 1142.86	 2959.68	  249.83	 7245.00
16:17:41	 7871.33	 7758.68	  112.65	  267.09	 4102.53	 1142.86	 2959.68	  249.93	 7241.67
16:17:43	 7871.33	 7759.02	  112.31	  267.09	 4102.53	 1142.86	 2959.68	  249.93	 7242.00
16:17:45	 7871.33	 7759.25	  112.08	  267.36	 4102.53	 1142.86	 2959.68	  249.95	 7241.95
16:17:47	 7871.33	 7758.39	  112.94	  267.36	 4102.53	 1142.86	 2959.68	  249.97	 7241.06
16:17:49	 7871.33	 7759.41	  111.92	  267.62	 4102.53	 1142.86	 2959.68	  249.92	 7241.88
16:17:51	 7871.33	 7749.46	  121.87	  257.71	 4102.53	 1142.86	 2959.68	  249.93	 7241.83
16:17:53	 7871.33	 7749.46	  121.87	  257.72	 4102.53	 1142.86	 2959.68	  249.93	 7241.81
16:17:55	 7871.33	 7749.92	  121.41	  257.98	 4102.53	 1142.86	 2959.68	  249.95	 7241.99
16:17:57	 7871.33	 7748.83	  122.50	  258.00	 4102.53	 1142.86	 2959.68	  249.96	 7240.87
16:17:59	 7871.33	 7751.15	  120.18	  258.25	 4102.53	 1142.86	 2959.68	  249.90	 7243.00
16:18:01	 7871.33	 7752.55	  118.79	  258.27	 4102.53	 1142.86	 2959.68	  250.01	 7244.27
16:18:03	 7871.33	 7749.93	  121.40	  258.27	 4102.53	 1142.86	 2959.68	  250.02	 7241.64
16:18:05	 7871.33	 7750.18	  121.15	  258.53	 4102.53	 1142.86	 2959.68	  250.03	 7241.62
16:18:07	 7871.33	 7750.18	  121.16	  258.55	 4102.53	 1142.86	 2959.68	  250.05	 7241.57
16:18:09	 7871.33	 7750.64	  120.69	  258.80	 4102.53	 1142.86	 2959.68	  249.99	 7241.85
16:18:11	 7871.33	 7750.69	  120.64	  258.82	 4102.53	 1142.86	 2959.68	  250.07	 7241.79
16:18:13	 7871.33	 7750.81	  120.52	  258.82	 4102.53	 1142.86	 2959.68	  250.11	 7241.88
16:18:15	 7871.33	 7750.93	  120.41	  259.10	 4102.53	 1142.86	 2959.68	  250.11	 7241.72
16:18:17	 7871.33	 7750.27	  121.06	  259.12	 4102.53	 1142.86	 2959.68	  250.14	 7241.02
16:18:19	 7871.33	 7750.64	  120.70	  259.37	 4102.53	 1142.86	 2959.68	  250.16	 7241.10
16:18:21	 7871.33	 7750.39	  120.94	  259.38	 4102.53	 1142.86	 2959.68	  250.18	 7240.83
16:18:23	 7871.33	 7754.12	  117.21	  259.39	 4102.53	 1142.86	 2959.68	  250.20	 7244.53
16:18:25	 7871.33	 7751.27	  120.06	  259.65	 4102.53	 1142.86	 2959.68	  250.21	 7241.41
16:18:27	 7871.33	 7750.91	  120.42	  259.66	 4102.53	 1142.86	 2959.68	  250.23	 7241.02
