    Time	  MemTotal	   MemUsed	   MemFree	   MemBuff	SwapTotal	SwapUsed	SwapFree	SwapCached	RealUsedMem
15:55:47	 7871.33	 7758.49	  112.84	  174.77	 4102.53	  991.53	 3111.00	  255.96	 7327.76
15:55:49	 7871.33	 7757.12	  114.21	  174.84	 4102.53	  991.53	 3111.00	  256.00	 7326.29
15:55:51	 7871.33	 7757.84	  113.50	  175.15	 4102.53	  991.53	 3111.00	  256.03	 7326.66
15:55:53	 7871.33	 7759.55	  111.79	  175.21	 4102.53	  991.53	 3111.00	  256.05	 7328.29
15:55:55	 7871.33	 7757.83	  113.50	  175.27	 4102.53	  991.53	 3111.00	  256.06	 7326.49
15:55:57	 7871.33	 7757.85	  113.48	  175.57	 4102.53	  991.53	 3111.00	  256.06	 7326.21
15:55:59	 7871.33	 7760.30	  111.04	  175.61	 4102.53	  991.53	 3111.00	  256.10	 7328.59
15:56:01	 7871.33	 7748.50	  122.83	  166.29	 4102.53	  991.53	 3111.00	  256.01	 7326.20
15:56:03	 7871.33	 7748.85	  122.48	  166.36	 4102.53	  991.53	 3111.00	  256.04	 7326.45
15:56:05	 7871.33	 7748.97	  122.36	  166.41	 4102.53	  991.53	 3111.00	  256.06	 7326.51
15:56:07	 7871.33	 7748.50	  122.84	  166.70	 4102.53	  991.53	 3111.00	  256.06	 7325.74
15:56:10	 7871.33	 7751.58	  119.75	  166.75	 4102.53	  991.53	 3111.00	  256.09	 7328.75
15:56:12	 7871.33	 7749.51	  121.82	  167.06	 4102.53	  991.53	 3111.00	  256.09	 7326.36
15:56:14	 7871.33	 7749.71	  121.62	  167.11	 4102.53	  991.53	 3111.00	  256.12	 7326.48
15:56:16	 7871.33	 7749.83	  121.50	  167.38	 4102.53	  991.53	 3111.00	  256.05	 7326.39
15:56:18	 7871.33	 7749.84	  121.50	  167.39	 4102.53	  991.53	 3111.00	  256.16	 7326.29
15:56:20	 7871.33	 7750.07	  121.26	  167.43	 4102.53	  991.53	 3111.00	  256.19	 7326.46
15:56:22	 7871.33	 7753.79	  117.54	  167.70	 4102.53	  991.53	 3111.00	  256.20	 7329.89
15:56:24	 7871.33	 7750.81	  120.52	  167.75	 4102.53	  991.53	 3111.00	  256.20	 7326.86
15:56:26	 7871.33	 7750.93	  120.40	  168.02	 4102.53	  991.53	 3111.00	  256.13	 7326.79
15:56:28	 7871.33	 7750.70	  120.63	  168.05	 4102.53	  991.53	 3111.00	  256.24	 7326.41
15:56:30	 7871.33	 7753.91	  117.42	  168.08	 4102.53	  991.53	 3111.00	  256.26	 7329.57
15:56:32	 7871.33	 7752.92	  118.41	  168.38	 4102.53	  991.53	 3111.00	  256.26	 7328.28
15:56:34	 7871.33	 7751.20	  120.13	  168.39	 4102.53	  991.53	 3111.00	  256.31	 7326.50
15:56:36	 7871.33	 7751.80	  119.53	  168.68	 4102.53	  991.53	 3111.00	  256.24	 7326.89
15:56:38	 7871.33	 7750.96	  120.38	  168.75	 4102.53	  991.53	 3111.00	  256.32	 7325.88
15:56:40	 7871.33	 7751.17	  120.16	  168.78	 4102.53	  991.53	 3111.00	  256.38	 7326.02
15:56:42	 7871.33	 7751.53	  119.80	  169.07	 4102.53	  991.53	 3111.00	  256.39	 7326.07
15:56:44	 7871.33	 7756.35	  114.98	  169.11	 4102.53	  991.53	 3111.00	  256.42	 7330.82
15:56:46	 7871.33	 7752.27	  119.06	  169.42	 4102.53	  991.53	 3111.00	  256.43	 7326.42
15:56:48	 7871.33	 7751.43	  119.91	  169.52	 4102.53	  991.53	 3111.00	  256.44	 7325.47
15:56:50	 7871.33	 7752.51	  118.82	  169.57	 4102.53	  991.53	 3111.00	  256.48	 7326.46
15:56:52	 7871.33	 7752.87	  118.46	  169.86	 4102.53	  991.53	 3111.00	  256.49	 7326.52
15:56:54	 7871.33	 7752.99	  118.34	  169.88	 4102.53	  991.53	 3111.00	  256.50	 7326.61
15:56:56	 7871.33	 7753.13	  118.20	  170.18	 4102.53	  991.53	 3111.00	  256.53	 7326.43
15:56:58	 7871.33	 7752.54	  118.79	  170.19	 4102.53	  991.53	 3111.00	  256.54	 7325.81
15:57:00	 7871.33	 7753.02	  118.32	  170.22	 4102.53	  991.53	 3111.00	  256.54	 7326.25
15:57:02	 7871.33	 7753.49	  117.84	  170.50	 4102.53	  991.53	 3111.00	  256.56	 7326.43
15:57:04	 7871.33	 7753.84	  117.49	  170.51	 4102.53	  991.53	 3111.00	  256.59	 7326.74
15:57:06	 7871.33	 7756.71	  114.62	  170.78	 4102.53	  991.53	 3111.00	  256.61	 7329.32
15:57:08	 7871.33	 7753.26	  118.07	  170.83	 4102.53	  991.53	 3111.00	  256.61	 7325.82
15:57:10	 7871.33	 7753.62	  117.71	  170.87	 4102.53	  991.53	 3111.00	  256.63	 7326.12
15:57:12	 7871.33	 7754.07	  117.26	  171.17	 4102.53	  991.53	 3111.00	  256.64	 7326.26
15:57:14	 7871.33	 7753.95	  117.38	  171.21	 4102.53	  991.53	 3111.00	  256.66	 7326.08
15:57:16	 7871.33	 7754.61	  116.73	  171.50	 4102.53	  991.53	 3111.00	  256.67	 7326.43
15:57:18	 7871.33	 7754.48	  116.85	  171.58	 4102.53	  991.53	 3111.00	  256.71	 7326.20
15:57:20	 7871.33	 7754.59	  116.74	  171.64	 4102.53	  991.53	 3111.00	  256.73	 7326.22
15:57:22	 7871.33	 7754.95	  116.38	  171.98	 4102.53	  991.53	 3111.00	  256.71	 7326.27
15:57:24	 7871.33	 7754.92	  116.41	  172.02	 4102.53	  991.53	 3111.00	  256.75	 7326.14
15:57:26	 7871.33	 7754.81	  116.52	  172.32	 4102.53	  991.53	 3111.00	  256.76	 7325.72
15:57:28	 7871.33	 7754.82	  116.52	  172.50	 4102.53	  991.53	 3111.00	  256.78	 7325.54
15:57:30	 7871.33	 7755.33	  116.00	  172.55	 4102.53	  991.53	 3111.00	  256.81	 7325.97
15:57:32	 7871.33	 7755.45	  115.88	  172.88	 4102.53	  991.53	 3111.00	  256.82	 7325.75
15:57:34	 7871.33	 7755.81	  115.52	  172.96	 4102.53	  991.53	 3111.00	  256.84	 7326.01
15:57:36	 7871.33	 7755.30	  116.03	  173.24	 4102.53	  991.53	 3111.00	  256.85	 7325.21
15:57:38	 7871.33	 7758.88	  112.46	  173.30	 4102.53	  991.53	 3111.00	  256.85	 7328.72
15:57:40	 7871.33	 7759.25	  112.09	  173.33	 4102.53	  991.53	 3111.00	  256.91	 7329.01
15:57:42	 7871.33	 7756.75	  114.58	  173.60	 4102.53	  991.53	 3111.00	  256.92	 7326.23
15:57:44	 7871.33	 7756.63	  114.70	  173.65	 4102.53	  991.53	 3111.00	  256.93	 7326.06
15:57:46	 7871.33	 7756.63	  114.70	  173.94	 4102.53	  991.53	 3111.00	  256.94	 7325.76
15:57:48	 7871.33	 7756.75	  114.59	  173.95	 4102.53	  991.53	 3111.00	  256.97	 7325.82
15:57:50	 7871.33	 7756.48	  114.85	  173.99	 4102.53	  991.53	 3111.00	  257.00	 7325.49
15:57:52	 7871.33	 7757.72	  113.61	  174.27	 4102.53	  991.53	 3111.00	  257.01	 7326.44
15:57:54	 7871.33	 7758.74	  112.59	  174.32	 4102.53	  991.53	 3111.00	  257.01	 7327.41
15:57:56	 7871.33	 7757.34	  113.99	  174.60	 4102.53	  991.53	 3111.00	  257.04	 7325.71
15:57:58	 7871.33	 7757.34	  113.99	  174.61	 4102.53	  991.53	 3111.00	  257.05	 7325.68
15:58:00	 7871.33	 7761.08	  110.25	  174.64	 4102.53	  991.53	 3111.00	  257.06	 7329.38
15:58:02	 7871.33	 7747.78	  123.55	  165.27	 4102.53	  991.53	 3111.00	  256.73	 7325.77
15:58:04	 7871.33	 7747.93	  123.40	  165.32	 4102.53	  991.53	 3111.00	  256.73	 7325.88
15:58:06	 7871.33	 7747.70	  123.63	  165.59	 4102.53	  991.53	 3111.00	  256.77	 7325.34
15:58:08	 7871.33	 7748.16	  123.18	  165.61	 4102.53	  991.53	 3111.00	  256.78	 7325.76
15:58:10	 7871.33	 7748.15	  123.18	  165.67	 4102.53	  991.53	 3111.00	  256.80	 7325.68
15:58:13	 7871.33	 7748.75	  122.58	  165.96	 4102.53	  991.53	 3111.00	  256.83	 7325.97
15:58:15	 7871.33	 7750.13	  121.20	  165.98	 4102.53	  991.53	 3111.00	  256.83	 7327.32
15:58:17	 7871.33	 7748.42	  122.91	  166.27	 4102.53	  991.53	 3111.00	  256.85	 7325.30
15:58:19	 7871.33	 7749.16	  122.18	  166.30	 4102.53	  991.53	 3111.00	  257.18	 7325.68
15:58:21	 7871.33	 7749.50	  121.84	  166.57	 4102.53	  991.53	 3111.00	  257.09	 7325.83
15:58:23	 7871.33	 7749.96	  121.38	  166.60	 4102.53	  991.53	 3111.00	  257.20	 7326.16
15:58:25	 7871.33	 7749.84	  121.50	  166.63	 4102.53	  991.53	 3111.00	  257.23	 7325.98
15:58:27	 7871.33	 7750.73	  120.60	  166.93	 4102.53	  991.53	 3111.00	  257.23	 7326.57
15:58:29	 7871.33	 7749.87	  121.46	  166.97	 4102.53	  991.53	 3111.00	  257.25	 7325.65
15:58:31	 7871.33	 7750.35	  120.98	  167.24	 4102.53	  991.53	 3111.00	  257.19	 7325.92
15:58:33	 7871.33	 7753.04	  118.29	  167.28	 4102.53	  991.53	 3111.00	  257.31	 7328.45
15:58:35	 7871.33	 7750.68	  120.65	  167.32	 4102.53	  991.53	 3111.00	  257.31	 7326.05
15:58:37	 7871.33	 7750.80	  120.53	  167.59	 4102.53	  991.53	 3111.00	  257.34	 7325.88
15:58:39	 7871.33	 7753.93	  117.40	  167.63	 4102.53	  991.53	 3111.00	  257.36	 7328.95
15:58:41	 7871.33	 7751.18	  120.15	  167.92	 4102.53	  991.53	 3111.00	  257.27	 7326.00
15:58:43	 7871.33	 7751.55	  119.79	  167.94	 4102.53	  991.53	 3111.00	  257.38	 7326.23
15:58:45	 7871.33	 7751.77	  119.56	  168.00	 4102.53	  991.53	 3111.00	  257.38	 7326.40
15:58:47	 7871.33	 7751.53	  119.80	  168.30	 4102.53	  991.53	 3111.00	  257.41	 7325.82
15:58:49	 7871.33	 7751.41	  119.92	  168.35	 4102.53	  991.53	 3111.00	  257.41	 7325.64
15:58:51	 7871.33	 7755.24	  116.09	  168.64	 4102.53	  991.53	 3111.00	  257.36	 7329.25
15:58:53	 7871.33	 7752.52	  118.82	  168.68	 4102.53	  991.53	 3111.00	  257.46	 7326.37
15:58:55	 7871.33	 7756.12	  115.21	  168.71	 4102.53	  991.53	 3111.00	  257.48	 7329.92
15:58:57	 7871.33	 7752.03	  119.30	  168.98	 4102.53	  991.53	 3111.00	  257.48	 7325.57
15:58:59	 7871.33	 7752.26	  119.07	  169.02	 4102.53	  991.53	 3111.00	  257.50	 7325.74
15:59:01	 7871.33	 7752.62	  118.71	  169.30	 4102.53	  991.53	 3111.00	  257.55	 7325.76
15:59:03	 7871.33	 7753.38	  117.95	  169.35	 4102.53	  991.53	 3111.00	  257.57	 7326.45
15:59:05	 7871.33	 7753.50	  117.83	  169.41	 4102.53	  991.53	 3111.00	  257.59	 7326.50
15:59:07	 7871.33	 7753.11	  118.23	  169.68	 4102.53	  991.53	 3111.00	  257.60	 7325.82
15:59:09	 7871.33	 7753.35	  117.98	  169.73	 4102.53	  991.53	 3111.00	  257.61	 7326.01
15:59:11	 7871.33	 7753.48	  117.86	  170.03	 4102.53	  991.53	 3111.00	  257.62	 7325.82
15:59:13	 7871.33	 7753.83	  117.50	  170.08	 4102.53	  991.53	 3111.00	  257.66	 7326.10
15:59:15	 7871.33	 7754.09	  117.24	  170.16	 4102.53	  991.53	 3111.00	  257.66	 7326.27
15:59:17	 7871.33	 7753.77	  117.56	  170.46	 4102.53	  991.53	 3111.00	  257.68	 7325.64
15:59:19	 7871.33	 7753.61	  117.72	  170.50	 4102.53	  991.53	 3111.00	  257.69	 7325.42
15:59:21	 7871.33	 7754.10	  117.23	  170.79	 4102.53	  991.53	 3111.00	  257.70	 7325.61
15:59:23	 7871.33	 7754.34	  116.99	  170.83	 4102.53	  991.53	 3111.00	  257.73	 7325.79
15:59:25	 7871.33	 7756.57	  114.77	  170.86	 4102.53	  991.53	 3111.00	  257.75	 7327.96
15:59:27	 7871.33	 7757.10	  114.23	  171.14	 4102.53	  991.53	 3111.00	  257.76	 7328.20
15:59:29	 7871.33	 7755.35	  115.98	  171.19	 4102.53	  991.53	 3111.00	  257.78	 7326.38
15:59:31	 7871.33	 7756.02	  115.31	  171.48	 4102.53	  991.53	 3111.00	  257.80	 7326.74
15:59:33	 7871.33	 7755.89	  115.44	  171.55	 4102.53	  991.53	 3111.00	  257.82	 7326.51
15:59:35	 7871.33	 7755.89	  115.44	  171.62	 4102.53	  991.53	 3111.00	  257.84	 7326.44
15:59:37	 7871.33	 7757.17	  114.16	  171.92	 4102.53	  991.53	 3111.00	  257.86	 7327.39
15:59:39	 7871.33	 7756.03	  115.30	  171.98	 4102.53	  991.53	 3111.00	  257.86	 7326.19
15:59:41	 7871.33	 7756.52	  114.81	  172.27	 4102.53	  991.53	 3111.00	  257.88	 7326.38
15:59:43	 7871.33	 7756.75	  114.59	  172.31	 4102.53	  991.53	 3111.00	  257.90	 7326.54
15:59:45	 7871.33	 7757.13	  114.20	  172.38	 4102.53	  991.53	 3111.00	  257.92	 7326.84
15:59:47	 7871.33	 7756.38	  114.96	  172.69	 4102.53	  991.53	 3111.00	  257.95	 7325.73
15:59:49	 7871.33	 7750.68	  120.65	  163.16	 4102.53	  991.53	 3111.00	  257.81	 7329.71
15:59:51	 7871.33	 7747.57	  123.77	  163.42	 4102.53	  991.53	 3111.00	  257.83	 7326.32
15:59:53	 7871.33	 7747.45	  123.89	  163.45	 4102.53	  991.53	 3111.00	  257.86	 7326.14
15:59:55	 7871.33	 7747.66	  123.68	  163.50	 4102.53	  991.53	 3111.00	  257.86	 7326.30
15:59:57	 7871.33	 7747.29	  124.04	  163.77	 4102.53	  991.53	 3111.00	  257.89	 7325.64
15:59:59	 7871.33	 7748.76	  122.57	  163.81	 4102.53	  991.53	 3111.00	  257.89	 7327.05
16:00:01	 7871.33	 7748.52	  122.81	  164.11	 4102.53	  991.53	 3111.00	  257.92	 7326.50
16:00:03	 7871.33	 7748.64	  122.69	  164.15	 4102.53	  991.53	 3111.00	  257.94	 7326.55
16:00:05	 7871.33	 7748.54	  122.80	  164.19	 4102.53	  991.53	 3111.00	  257.96	 7326.38
16:00:07	 7871.33	 7748.40	  122.93	  164.50	 4102.53	  991.53	 3111.00	  257.96	 7325.94
16:00:09	 7871.33	 7748.64	  122.69	  164.55	 4102.53	  991.53	 3111.00	  258.00	 7326.09
16:00:11	 7871.33	 7755.68	  115.66	  164.85	 4102.53	  991.53	 3111.00	  258.02	 7332.80
16:00:13	 7871.33	 7749.50	  121.83	  164.90	 4102.53	  991.53	 3111.00	  258.04	 7326.56
16:00:15	 7871.33	 7749.65	  121.68	  164.95	 4102.53	  991.53	 3111.00	  258.07	 7326.64
16:00:17	 7871.33	 7749.16	  122.17	  165.26	 4102.53	  991.53	 3111.00	  258.05	 7325.85
16:00:19	 7871.33	 7749.37	  121.96	  165.32	 4102.53	  991.53	 3111.00	  258.09	 7325.96
16:00:21	 7871.33	 7749.84	  121.49	  165.64	 4102.53	  991.53	 3111.00	  258.09	 7326.11
16:00:23	 7871.33	 7750.21	  121.12	  165.68	 4102.53	  991.53	 3111.00	  258.13	 7326.40
16:00:25	 7871.33	 7750.34	  121.00	  165.71	 4102.53	  991.53	 3111.00	  258.13	 7326.49
16:00:27	 7871.33	 7750.32	  121.01	  166.01	 4102.53	  991.53	 3111.00	  258.15	 7326.16
16:00:29	 7871.33	 7750.55	  120.79	  166.05	 4102.53	  991.53	 3111.00	  258.16	 7326.34
16:00:31	 7871.33	 7750.79	  120.54	  166.31	 4102.53	  991.53	 3111.00	  258.19	 7326.29
16:00:33	 7871.33	 7754.62	  116.71	  166.36	 4102.53	  991.53	 3111.00	  258.21	 7330.05
16:00:36	 7871.33	 7751.29	  120.04	  166.63	 4102.53	  991.53	 3111.00	  258.15	 7326.51
16:00:38	 7871.33	 7750.93	  120.41	  166.65	 4102.53	  991.53	 3111.00	  258.25	 7326.02
16:00:40	 7871.33	 7751.39	  119.94	  166.70	 4102.53	  991.53	 3111.00	  258.23	 7326.46
16:00:42	 7871.33	 7751.64	  119.70	  167.00	 4102.53	  991.53	 3111.00	  258.27	 7326.37
16:00:44	 7871.33	 7752.00	  119.33	  167.02	 4102.53	  991.53	 3111.00	  258.29	 7326.69
16:00:46	 7871.33	 7755.25	  116.08	  167.32	 4102.53	  991.53	 3111.00	  258.36	 7329.56
16:00:48	 7871.33	 7752.16	  119.17	  167.37	 4102.53	  991.53	 3111.00	  258.31	 7326.48
16:00:50	 7871.33	 7752.13	  119.20	  167.39	 4102.53	  991.53	 3111.00	  258.42	 7326.32
16:00:52	 7871.33	 7752.73	  118.61	  167.67	 4102.53	  991.53	 3111.00	  258.44	 7326.61
16:00:54	 7871.33	 7754.36	  116.97	  167.71	 4102.53	  991.53	 3111.00	  258.46	 7328.20
16:00:56	 7871.33	 7756.31	  115.02	  168.01	 4102.53	  991.53	 3111.00	  258.39	 7329.91
16:00:58	 7871.33	 7752.61	  118.73	  168.07	 4102.53	  991.53	 3111.00	  258.51	 7326.03
16:01:00	 7871.33	 7752.73	  118.61	  168.09	 4102.53	  991.53	 3111.00	  258.53	 7326.11
16:01:02	 7871.33	 7753.57	  117.76	  168.38	 4102.53	  991.53	 3111.00	  258.53	 7326.66
16:01:04	 7871.33	 7753.20	  118.14	  168.40	 4102.53	  991.53	 3111.00	  258.56	 7326.24
16:01:06	 7871.33	 7755.45	  115.89	  168.70	 4102.53	  991.53	 3111.00	  258.49	 7328.26
16:01:08	 7871.33	 7756.32	  115.02	  168.73	 4102.53	  991.53	 3111.00	  258.59	 7329.00
16:01:10	 7871.33	 7753.83	  117.50	  168.76	 4102.53	  991.53	 3111.00	  258.62	 7326.45
16:01:12	 7871.33	 7753.59	  117.74	  169.05	 4102.53	  991.53	 3111.00	  258.62	 7325.91
16:01:14	 7871.33	 7754.08	  117.25	  169.09	 4102.53	  991.53	 3111.00	  258.64	 7326.35
16:01:16	 7871.33	 7754.55	  116.78	  169.37	 4102.53	  991.53	 3111.00	  258.58	 7326.60
16:01:18	 7871.33	 7754.07	  117.27	  169.40	 4102.53	  991.53	 3111.00	  258.70	 7325.97
16:01:20	 7871.33	 7754.34	  116.99	  169.42	 4102.53	  991.53	 3111.00	  258.72	 7326.20
16:01:22	 7871.33	 7755.07	  116.27	  169.70	 4102.53	  991.53	 3111.00	  258.72	 7326.65
16:01:24	 7871.33	 7755.19	  116.14	  169.73	 4102.53	  991.53	 3111.00	  258.75	 7326.71
16:01:26	 7871.33	 7755.40	  115.93	  170.00	 4102.53	  991.53	 3111.00	  258.76	 7326.64
16:01:28	 7871.33	 7757.65	  113.68	  170.03	 4102.53	  991.53	 3111.00	  258.78	 7328.84
16:01:30	 7871.33	 7755.80	  115.53	  170.09	 4102.53	  991.53	 3111.00	  258.80	 7326.91
16:01:32	 7871.33	 7756.01	  115.32	  170.36	 4102.53	  991.53	 3111.00	  258.80	 7326.84
16:01:34	 7871.33	 7756.13	  115.20	  170.40	 4102.53	  991.53	 3111.00	  258.83	 7326.90
16:01:36	 7871.33	 7756.50	  114.84	  170.70	 4102.53	  991.53	 3111.00	  258.86	 7326.95
16:01:38	 7871.33	 7756.12	  115.21	  170.71	 4102.53	  991.53	 3111.00	  258.87	 7326.54
16:01:40	 7871.33	 7756.48	  114.85	  170.73	 4102.53	  991.53	 3111.00	  258.88	 7326.87
16:01:42	 7871.33	 7757.96	  113.37	  171.01	 4102.53	  991.53	 3111.00	  258.91	 7328.04
16:01:44	 7871.33	 7756.86	  114.47	  171.03	 4102.53	  991.53	 3111.00	  258.93	 7326.91
16:01:46	 7871.33	 7757.59	  113.75	  171.30	 4102.53	  991.53	 3111.00	  258.95	 7327.33
16:01:48	 7871.33	 7756.60	  114.73	  171.32	 4102.53	  991.53	 3111.00	  258.97	 7326.31
16:01:50	 7871.33	 7760.31	  111.02	  171.36	 4102.53	  991.53	 3111.00	  258.98	 7329.98
16:01:52	 7871.33	 7757.21	  114.12	  171.64	 4102.53	  991.53	 3111.00	  258.97	 7326.59
16:01:54	 7871.33	 7758.33	  113.00	  171.67	 4102.53	  991.53	 3111.00	  259.01	 7327.65
16:01:56	 7871.33	 7757.00	  114.33	  171.97	 4102.53	  991.53	 3111.00	  259.02	 7326.02
16:01:58	 7871.33	 7757.49	  113.84	  172.03	 4102.53	  991.53	 3111.00	  259.03	 7326.43
16:02:00	 7871.33	 7757.57	  113.76	  172.09	 4102.53	  991.53	 3111.00	  259.03	 7326.45
16:02:02	 7871.33	 7748.37	  122.96	  163.03	 4102.53	  991.53	 3111.00	  258.70	 7326.64
16:02:04	 7871.33	 7748.47	  122.86	  163.11	 4102.53	  991.53	 3111.00	  258.72	 7326.65
16:02:06	 7871.33	 7751.21	  120.12	  163.43	 4102.53	  991.53	 3111.00	  258.75	 7329.04
16:02:08	 7871.33	 7748.25	  123.09	  163.48	 4102.53	  991.53	 3111.00	  258.78	 7325.98
16:02:10	 7871.33	 7748.73	  122.60	  163.54	 4102.53	  991.53	 3111.00	  258.80	 7326.39
16:02:12	 7871.33	 7749.25	  122.08	  163.88	 4102.53	  991.53	 3111.00	  258.81	 7326.56
16:02:14	 7871.33	 7749.45	  121.88	  163.94	 4102.53	  991.53	 3111.00	  258.82	 7326.69
16:02:16	 7871.33	 7749.32	  122.01	  164.25	 4102.53	  991.53	 3111.00	  258.84	 7326.24
16:02:18	 7871.33	 7750.96	  120.37	  164.30	 4102.53	  991.53	 3111.00	  258.86	 7327.80
16:02:20	 7871.33	 7749.58	  121.75	  164.32	 4102.53	  991.53	 3111.00	  258.88	 7326.37
16:02:22	 7871.33	 7753.80	  117.53	  164.64	 4102.53	  991.53	 3111.00	  258.87	 7330.30
16:02:24	 7871.33	 7750.31	  121.02	  164.66	 4102.53	  991.53	 3111.00	  258.91	 7326.75
16:02:26	 7871.33	 7749.80	  121.53	  164.97	 4102.53	  991.53	 3111.00	  258.93	 7325.91
16:02:28	 7871.33	 7750.18	  121.15	  165.00	 4102.53	  991.53	 3111.00	  258.94	 7326.24
16:02:30	 7871.33	 7750.58	  120.75	  165.02	 4102.53	  991.53	 3111.00	  258.97	 7326.59
16:02:32	 7871.33	 7750.92	  120.41	  165.31	 4102.53	  991.53	 3111.00	  258.98	 7326.63
16:02:34	 7871.33	 7751.39	  119.94	  165.33	 4102.53	  991.53	 3111.00	  259.01	 7327.05
16:02:36	 7871.33	 7750.55	  120.78	  165.60	 4102.53	  991.53	 3111.00	  259.01	 7325.95
16:02:38	 7871.33	 7750.90	  120.43	  165.64	 4102.53	  991.53	 3111.00	  259.04	 7326.22
16:02:40	 7871.33	 7754.25	  117.08	  165.67	 4102.53	  991.53	 3111.00	  259.06	 7329.52
16:02:42	 7871.33	 7751.68	  119.66	  165.94	 4102.53	  991.53	 3111.00	  259.17	 7326.57
16:02:45	 7871.33	 7751.82	  119.51	  165.96	 4102.53	  991.53	 3111.00	  259.17	 7326.68
16:02:47	 7871.33	 7751.02	  120.31	  166.24	 4102.53	  991.53	 3111.00	  259.20	 7325.59
16:02:49	 7871.33	 7751.75	  119.58	  166.27	 4102.53	  991.53	 3111.00	  259.21	 7326.27
16:02:51	 7871.33	 7751.87	  119.46	  166.56	 4102.53	  991.53	 3111.00	  259.14	 7326.17
16:02:53	 7871.33	 7752.16	  119.17	  166.59	 4102.53	  991.53	 3111.00	  259.23	 7326.34
16:02:55	 7871.33	 7755.01	  116.32	  166.61	 4102.53	  991.53	 3111.00	  259.25	 7329.14
16:02:57	 7871.33	 7752.14	  119.19	  166.87	 4102.53	  991.53	 3111.00	  259.29	 7325.98
16:02:59	 7871.33	 7752.74	  118.59	  166.90	 4102.53	  991.53	 3111.00	  259.30	 7326.54
16:03:01	 7871.33	 7753.20	  118.13	  167.20	 4102.53	  991.53	 3111.00	  259.23	 7326.78
16:03:03	 7871.33	 7754.20	  117.13	  167.21	 4102.53	  991.53	 3111.00	  259.33	 7327.66
16:03:05	 7871.33	 7753.61	  117.72	  167.24	 4102.53	  991.53	 3111.00	  259.33	 7327.04
16:03:07	 7871.33	 7753.13	  118.20	  167.52	 4102.53	  991.53	 3111.00	  259.36	 7326.25
16:03:09	 7871.33	 7753.61	  117.73	  167.56	 4102.53	  991.53	 3111.00	  259.37	 7326.68
16:03:11	 7871.33	 7754.18	  117.15	  167.84	 4102.53	  991.53	 3111.00	  259.31	 7327.04
16:03:13	 7871.33	 7754.41	  116.92	  167.86	 4102.53	  991.53	 3111.00	  259.41	 7327.14
16:03:15	 7871.33	 7755.32	  116.01	  167.89	 4102.53	  991.53	 3111.00	  259.43	 7328.01
16:03:17	 7871.33	 7756.79	  114.54	  168.15	 4102.53	  991.53	 3111.00	  259.47	 7329.18
16:03:19	 7871.33	 7754.31	  117.02	  168.18	 4102.53	  991.53	 3111.00	  259.48	 7326.65
16:03:21	 7871.33	 7754.79	  116.54	  168.47	 4102.53	  991.53	 3111.00	  259.40	 7326.92
16:03:23	 7871.33	 7755.03	  116.30	  168.55	 4102.53	  991.53	 3111.00	  259.48	 7327.00
16:03:25	 7871.33	 7755.14	  116.19	  168.59	 4102.53	  991.53	 3111.00	  259.54	 7327.01
16:03:27	 7871.33	 7754.68	  116.65	  168.86	 4102.53	  991.53	 3111.00	  259.55	 7326.27
16:03:29	 7871.33	 7755.16	  116.18	  168.93	 4102.53	  991.53	 3111.00	  259.57	 7326.66
16:03:31	 7871.33	 7755.38	  115.95	  169.24	 4102.53	  991.53	 3111.00	  259.57	 7326.57
16:03:33	 7871.33	 7755.26	  116.07	  169.32	 4102.53	  991.53	 3111.00	  259.59	 7326.36
16:03:35	 7871.33	 7755.38	  115.95	  169.35	 4102.53	  991.53	 3111.00	  259.61	 7326.43
16:03:37	 7871.33	 7758.24	  113.09	  169.63	 4102.53	  991.53	 3111.00	  259.64	 7328.97
16:03:39	 7871.33	 7755.88	  115.45	  169.68	 4102.53	  991.53	 3111.00	  259.65	 7326.55
16:03:41	 7871.33	 7756.12	  115.21	  169.99	 4102.53	  991.53	 3111.00	  259.66	 7326.48
16:03:43	 7871.33	 7756.35	  114.98	  170.05	 4102.53	  991.53	 3111.00	  259.68	 7326.62
16:03:45	 7871.33	 7756.35	  114.98	  170.09	 4102.53	  991.53	 3111.00	  259.69	 7326.57
16:03:47	 7871.33	 7756.23	  115.10	  170.38	 4102.53	  991.53	 3111.00	  259.71	 7326.14
16:03:49	 7871.33	 7759.36	  111.97	  170.41	 4102.53	  991.53	 3111.00	  259.74	 7329.21
16:03:51	 7871.33	 7756.61	  114.72	  170.76	 4102.53	  991.53	 3111.00	  259.73	 7326.12
16:03:53	 7871.33	 7756.50	  114.83	  170.79	 4102.53	  991.53	 3111.00	  259.77	 7325.95
16:03:55	 7871.33	 7756.84	  114.50	  170.85	 4102.53	  991.53	 3111.00	  259.77	 7326.21
16:03:57	 7871.33	 7756.84	  114.50	  171.16	 4102.53	  991.53	 3111.00	  259.80	 7325.87
16:03:59	 7871.33	 7757.37	  113.96	  171.22	 4102.53	  991.53	 3111.00	  259.82	 7326.33
16:04:01	 7871.33	 7747.80	  123.53	  161.36	 4102.53	  991.53	 3111.00	  259.75	 7326.70
16:04:03	 7871.33	 7748.04	  123.29	  161.39	 4102.53	  991.53	 3111.00	  259.79	 7326.86
16:04:05	 7871.33	 7748.16	  123.17	  161.45	 4102.53	  991.53	 3111.00	  259.80	 7326.91
16:04:07	 7871.33	 7747.68	  123.65	  161.74	 4102.53	  991.53	 3111.00	  259.82	 7326.11
16:04:09	 7871.33	 7748.56	  122.77	  161.77	 4102.53	  991.53	 3111.00	  259.84	 7326.95
16:04:11	 7871.33	 7754.83	  116.50	  162.05	 4102.53	  991.53	 3111.00	  259.86	 7332.91
16:04:13	 7871.33	 7749.62	  121.71	  162.09	 4102.53	  991.53	 3111.00	  259.87	 7327.65
16:04:15	 7871.33	 7749.86	  121.47	  162.13	 4102.53	  991.53	 3111.00	  259.89	 7327.84
16:04:17	 7871.33	 7749.50	  121.84	  162.41	 4102.53	  991.53	 3111.00	  259.91	 7327.18
16:04:19	 7871.33	 7749.59	  121.74	  162.43	 4102.53	  991.53	 3111.00	  259.92	 7327.24
16:04:21	 7871.33	 7750.20	  121.13	  162.71	 4102.53	  991.53	 3111.00	  259.95	 7327.55
16:04:23	 7871.33	 7750.34	  120.99	  162.73	 4102.53	  991.53	 3111.00	  259.96	 7327.65
16:04:25	 7871.33	 7750.48	  120.85	  162.77	 4102.53	  991.53	 3111.00	  259.96	 7327.75
16:04:27	 7871.33	 7749.88	  121.46	  163.05	 4102.53	  991.53	 3111.00	  259.99	 7326.84
16:04:29	 7871.33	 7750.23	  121.10	  163.06	 4102.53	  991.53	 3111.00	  260.01	 7327.16
16:04:31	 7871.33	 7750.80	  120.54	  163.34	 4102.53	  991.53	 3111.00	  260.03	 7327.43
16:04:33	 7871.33	 7754.26	  117.07	  163.38	 4102.53	  991.53	 3111.00	  260.04	 7330.84
16:04:35	 7871.33	 7750.09	  121.25	  163.41	 4102.53	  991.53	 3111.00	  260.06	 7326.61
16:04:37	 7871.33	 7750.58	  120.75	  163.68	 4102.53	  991.53	 3111.00	  260.08	 7326.81
16:04:39	 7871.33	 7750.93	  120.40	  163.72	 4102.53	  991.53	 3111.00	  260.10	 7327.12
16:04:41	 7871.33	 7751.54	  119.79	  163.99	 4102.53	  991.53	 3111.00	  260.11	 7327.44
16:04:43	 7871.33	 7751.42	  119.91	  164.03	 4102.53	  991.53	 3111.00	  260.12	 7327.26
16:04:45	 7871.33	 7752.91	  118.42	  164.06	 4102.53	  991.53	 3111.00	  260.14	 7328.71
16:04:47	 7871.33	 7751.56	  119.77	  164.34	 4102.53	  991.53	 3111.00	  260.16	 7327.07
16:04:49	 7871.33	 7751.43	  119.90	  164.37	 4102.53	  991.53	 3111.00	  260.19	 7326.87
16:04:51	 7871.33	 7751.89	  119.45	  164.63	 4102.53	  991.53	 3111.00	  260.21	 7327.05
16:04:53	 7871.33	 7752.01	  119.32	  164.66	 4102.53	  991.53	 3111.00	  260.21	 7327.13
16:04:55	 7871.33	 7752.39	  118.94	  164.68	 4102.53	  991.53	 3111.00	  260.23	 7327.49
16:04:57	 7871.33	 7752.19	  119.14	  164.95	 4102.53	  991.53	 3111.00	  260.25	 7326.98
16:04:59	 7871.33	 7752.14	  119.19	  164.99	 4102.53	  991.53	 3111.00	  260.28	 7326.88
16:05:01	 7871.33	 7752.89	  118.45	  165.27	 4102.53	  991.53	 3111.00	  260.28	 7327.34
16:05:03	 7871.33	 7752.74	  118.59	  165.30	 4102.53	  991.53	 3111.00	  260.29	 7327.16
16:05:06	 7871.33	 7755.09	  116.24	  165.58	 4102.53	  991.53	 3111.00	  260.22	 7329.29
16:05:08	 7871.33	 7753.34	  117.99	  165.63	 4102.53	  991.53	 3111.00	  260.31	 7327.39
16:05:10	 7871.33	 7753.84	  117.49	  165.70	 4102.53	  991.53	 3111.00	  260.34	 7327.81
16:05:12	 7871.33	 7754.45	  116.89	  166.00	 4102.53	  991.53	 3111.00	  260.36	 7328.08
16:05:14	 7871.33	 7754.57	  116.77	  166.05	 4102.53	  991.53	 3111.00	  260.37	 7328.14
16:05:16	 7871.33	 7754.91	  116.42	  166.38	 4102.53	  991.53	 3111.00	  260.30	 7328.23
16:05:18	 7871.33	 7755.33	  116.00	  166.42	 4102.53	  991.53	 3111.00	  260.41	 7328.50
16:05:20	 7871.33	 7755.45	  115.89	  166.46	 4102.53	  991.53	 3111.00	  260.43	 7328.55
16:05:22	 7871.33	 7754.58	  116.75	  166.76	 4102.53	  991.53	 3111.00	  260.43	 7327.39
16:05:24	 7871.33	 7754.84	  116.49	  166.81	 4102.53	  991.53	 3111.00	  260.46	 7327.57
16:05:26	 7871.33	 7755.20	  116.14	  167.14	 4102.53	  991.53	 3111.00	  260.40	 7327.66
16:05:28	 7871.33	 7758.75	  112.59	  167.20	 4102.53	  991.53	 3111.00	  260.46	 7331.09
16:05:30	 7871.33	 7754.66	  116.67	  167.29	 4102.53	  991.53	 3111.00	  260.49	 7326.89
16:05:32	 7871.33	 7756.91	  114.43	  167.57	 4102.53	  991.53	 3111.00	  260.53	 7328.80
16:05:34	 7871.33	 7755.41	  115.93	  167.63	 4102.53	  991.53	 3111.00	  260.52	 7327.25
16:05:36	 7871.33	 7755.66	  115.67	  167.95	 4102.53	  991.53	 3111.00	  260.46	 7327.26
16:05:38	 7871.33	 7755.43	  115.90	  168.02	 4102.53	  991.53	 3111.00	  260.55	 7326.86
16:05:40	 7871.33	 7755.54	  115.80	  168.07	 4102.53	  991.53	 3111.00	  260.59	 7326.88
16:05:42	 7871.33	 7755.90	  115.43	  168.36	 4102.53	  991.53	 3111.00	  260.61	 7326.93
16:05:44	 7871.33	 7756.40	  114.93	  168.41	 4102.53	  991.53	 3111.00	  260.62	 7327.36
16:05:46	 7871.33	 7756.51	  114.82	  168.71	 4102.53	  991.53	 3111.00	  260.55	 7327.25
16:05:48	 7871.33	 7756.27	  115.06	  168.79	 4102.53	  991.53	 3111.00	  260.63	 7326.85
16:05:50	 7871.33	 7756.51	  114.82	  168.83	 4102.53	  991.53	 3111.00	  260.68	 7327.00
16:05:52	 7871.33	 7757.11	  114.22	  169.15	 4102.53	  991.53	 3111.00	  260.68	 7327.29
16:05:54	 7871.33	 7757.35	  113.98	  169.23	 4102.53	  991.53	 3111.00	  260.73	 7327.39
16:05:56	 7871.33	 7757.46	  113.87	  169.55	 4102.53	  991.53	 3111.00	  260.75	 7327.17
16:05:58	 7871.33	 7757.23	  114.10	  169.60	 4102.53	  991.53	 3111.00	  260.76	 7326.88
16:06:00	 7871.33	 7760.96	  110.38	  169.66	 4102.53	  991.53	 3111.00	  260.78	 7330.52
16:06:02	 7871.33	 7748.00	  123.33	  160.09	 4102.53	  991.53	 3111.00	  260.68	 7327.23
16:06:04	 7871.33	 7747.76	  123.57	  160.16	 4102.53	  991.53	 3111.00	  260.71	 7326.89
16:06:06	 7871.33	 7748.51	  122.82	  160.48	 4102.53	  991.53	 3111.00	  260.71	 7327.32
16:06:08	 7871.33	 7747.66	  123.68	  160.54	 4102.53	  991.53	 3111.00	  260.73	 7326.39
16:06:10	 7871.33	 7747.64	  123.69	  160.57	 4102.53	  991.53	 3111.00	  260.75	 7326.32
16:06:12	 7871.33	 7748.25	  123.08	  160.88	 4102.53	  991.53	 3111.00	  260.76	 7326.62
16:06:14	 7871.33	 7748.61	  122.72	  160.96	 4102.53	  991.53	 3111.00	  260.78	 7326.87
16:06:16	 7871.33	 7749.34	  122.00	  161.29	 4102.53	  991.53	 3111.00	  260.79	 7327.25
16:06:18	 7871.33	 7748.88	  122.45	  161.34	 4102.53	  991.53	 3111.00	  260.82	 7326.72
16:06:20	 7871.33	 7749.00	  122.33	  161.42	 4102.53	  991.53	 3111.00	  260.84	 7326.75
16:06:22	 7871.33	 7749.97	  121.36	  161.72	 4102.53	  991.53	 3111.00	  260.84	 7327.41
16:06:24	 7871.33	 7749.70	  121.63	  161.79	 4102.53	  991.53	 3111.00	  260.90	 7327.01
16:06:26	 7871.33	 7750.06	  121.27	  162.09	 4102.53	  991.53	 3111.00	  260.93	 7327.05
16:06:28	 7871.33	 7751.56	  119.77	  162.17	 4102.53	  991.53	 3111.00	  260.94	 7328.45
16:06:30	 7871.33	 7749.72	  121.61	  162.25	 4102.53	  991.53	 3111.00	  260.97	 7326.51
16:06:32	 7871.33	 7752.22	  119.11	  162.55	 4102.53	  991.53	 3111.00	  260.97	 7328.70
16:06:34	 7871.33	 7750.57	  120.76	  162.60	 4102.53	  991.53	 3111.00	  261.00	 7326.96
16:06:36	 7871.33	 7751.02	  120.31	  162.89	 4102.53	  991.53	 3111.00	  261.02	 7327.11
16:06:38	 7871.33	 7750.42	  120.91	  162.93	 4102.53	  991.53	 3111.00	  261.04	 7326.45
16:06:40	 7871.33	 7750.57	  120.76	  162.95	 4102.53	  991.53	 3111.00	  261.06	 7326.56
16:06:42	 7871.33	 7751.79	  119.54	  163.27	 4102.53	  991.53	 3111.00	  261.05	 7327.47
16:06:44	 7871.33	 7751.51	  119.82	  163.34	 4102.53	  991.53	 3111.00	  261.09	 7327.09
16:06:46	 7871.33	 7751.14	  120.19	  163.66	 4102.53	  991.53	 3111.00	  261.10	 7326.39
16:06:48	 7871.33	 7751.39	  119.95	  163.68	 4102.53	  991.53	 3111.00	  261.12	 7326.58
16:06:50	 7871.33	 7751.75	  119.58	  163.71	 4102.53	  991.53	 3111.00	  261.16	 7326.88
16:06:52	 7871.33	 7752.27	  119.07	  163.99	 4102.53	  991.53	 3111.00	  261.16	 7327.11
16:06:54	 7871.33	 7755.89	  115.45	  164.01	 4102.53	  991.53	 3111.00	  261.18	 7330.70
16:06:56	 7871.33	 7751.89	  119.45	  164.32	 4102.53	  991.53	 3111.00	  261.20	 7326.36
16:06:58	 7871.33	 7752.36	  118.98	  164.37	 4102.53	  991.53	 3111.00	  261.21	 7326.77
16:07:00	 7871.33	 7752.48	  118.85	  164.41	 4102.53	  991.53	 3111.00	  261.24	 7326.84
16:07:02	 7871.33	 7754.08	  117.25	  164.68	 4102.53	  991.53	 3111.00	  261.25	 7328.14
16:07:04	 7871.33	 7753.00	  118.33	  164.73	 4102.53	  991.53	 3111.00	  261.25	 7327.02
16:07:06	 7871.33	 7752.51	  118.82	  165.00	 4102.53	  991.53	 3111.00	  261.28	 7326.23
16:07:08	 7871.33	 7752.73	  118.61	  165.04	 4102.53	  991.53	 3111.00	  261.29	 7326.40
16:07:10	 7871.33	 7753.09	  118.24	  165.07	 4102.53	  991.53	 3111.00	  261.32	 7326.70
16:07:12	 7871.33	 7753.57	  117.76	  165.36	 4102.53	  991.53	 3111.00	  261.34	 7326.88
16:07:14	 7871.33	 7755.23	  116.10	  165.49	 4102.53	  991.53	 3111.00	  261.36	 7328.39
16:07:16	 7871.33	 7756.46	  114.87	  165.78	 4102.53	  991.53	 3111.00	  261.37	 7329.31
16:07:18	 7871.33	 7753.11	  118.22	  165.84	 4102.53	  991.53	 3111.00	  261.38	 7325.89
16:07:20	 7871.33	 7753.81	  117.52	  165.89	 4102.53	  991.53	 3111.00	  261.41	 7326.51
16:07:22	 7871.33	 7754.41	  116.92	  166.19	 4102.53	  991.53	 3111.00	  261.41	 7326.81
16:07:24	 7871.33	 7754.54	  116.80	  166.22	 4102.53	  991.53	 3111.00	  261.43	 7326.88
16:07:26	 7871.33	 7754.20	  117.14	  166.49	 4102.53	  991.53	 3111.00	  261.45	 7326.26
16:07:28	 7871.33	 7754.43	  116.90	  166.56	 4102.53	  991.53	 3111.00	  261.43	 7326.44
16:07:30	 7871.33	 7754.55	  116.78	  166.59	 4102.53	  991.53	 3111.00	  261.50	 7326.46
16:07:33	 7871.33	 7755.03	  116.30	  166.90	 4102.53	  991.53	 3111.00	  261.50	 7326.63
16:07:35	 7871.33	 7755.27	  116.06	  166.95	 4102.53	  991.53	 3111.00	  261.52	 7326.80
16:07:37	 7871.33	 7755.64	  115.69	  167.27	 4102.53	  991.53	 3111.00	  261.51	 7326.86
16:07:39	 7871.33	 7755.06	  116.27	  167.34	 4102.53	  991.53	 3111.00	  261.54	 7326.19
16:07:41	 7871.33	 7755.41	  115.93	  167.65	 4102.53	  991.53	 3111.00	  261.49	 7326.27
16:07:43	 7871.33	 7755.90	  115.43	  167.73	 4102.53	  991.53	 3111.00	  261.58	 7326.59
16:07:45	 7871.33	 7755.88	  115.46	  167.80	 4102.53	  991.53	 3111.00	  261.59	 7326.48
16:07:47	 7871.33	 7755.40	  115.93	  168.08	 4102.53	  991.53	 3111.00	  261.63	 7325.69
16:07:49	 7871.33	 7759.99	  111.34	  168.11	 4102.53	  991.53	 3111.00	  261.63	 7330.24
16:07:51	 7871.33	 7746.82	  124.52	  157.99	 4102.53	  991.53	 3111.00	  261.48	 7327.34
16:07:53	 7871.33	 7747.06	  124.27	  158.01	 4102.53	  991.53	 3111.00	  261.58	 7327.47
16:07:55	 7871.33	 7747.07	  124.27	  158.05	 4102.53	  991.53	 3111.00	  261.60	 7327.42
16:07:57	 7871.33	 7745.09	  126.24	  158.33	 4102.53	  991.53	 3111.00	  261.60	 7325.16
16:07:59	 7871.33	 7746.44	  124.89	  158.38	 4102.53	  991.53	 3111.00	  261.62	 7326.44
16:08:01	 7871.33	 7748.59	  122.74	  158.65	 4102.53	  991.53	 3111.00	  261.56	 7328.38
16:08:03	 7871.33	 7747.20	  124.14	  158.69	 4102.53	  991.53	 3111.00	  261.65	 7326.86
16:08:05	 7871.33	 7747.33	  124.00	  158.75	 4102.53	  991.53	 3111.00	  261.65	 7326.93
16:08:07	 7871.33	 7747.07	  124.26	  159.02	 4102.53	  991.53	 3111.00	  261.70	 7326.36
16:08:09	 7871.33	 7747.06	  124.27	  159.07	 4102.53	  991.53	 3111.00	  261.70	 7326.29
16:08:11	 7871.33	 7753.38	  117.96	  159.35	 4102.53	  991.53	 3111.00	  261.65	 7332.38
16:08:13	 7871.33	 7748.41	  122.92	  159.42	 4102.53	  991.53	 3111.00	  261.73	 7327.27
16:08:15	 7871.33	 7748.66	  122.68	  159.47	 4102.53	  991.53	 3111.00	  261.77	 7327.42
16:08:17	 7871.33	 7748.16	  123.18	  159.79	 4102.53	  991.53	 3111.00	  261.78	 7326.59
16:08:19	 7871.33	 7748.75	  122.58	  159.89	 4102.53	  991.53	 3111.00	  261.75	 7327.11
16:08:21	 7871.33	 7749.11	  122.22	  160.20	 4102.53	  991.53	 3111.00	  261.80	 7327.11
16:08:23	 7871.33	 7750.84	  120.49	  160.25	 4102.53	  991.53	 3111.00	  261.86	 7328.74
16:08:25	 7871.33	 7749.61	  121.72	  160.30	 4102.53	  991.53	 3111.00	  261.86	 7327.45
16:08:27	 7871.33	 7748.88	  122.45	  160.63	 4102.53	  991.53	 3111.00	  261.87	 7326.38
16:08:29	 7871.33	 7749.35	  121.98	  160.68	 4102.53	  991.53	 3111.00	  261.89	 7326.78
16:08:31	 7871.33	 7749.96	  121.38	  160.98	 4102.53	  991.53	 3111.00	  261.92	 7327.06
16:08:33	 7871.33	 7752.66	  118.67	  161.03	 4102.53	  991.53	 3111.00	  261.93	 7329.70
16:08:35	 7871.33	 7750.34	  121.00	  161.07	 4102.53	  991.53	 3111.00	  261.94	 7327.32
16:08:37	 7871.33	 7749.86	  121.47	  161.40	 4102.53	  991.53	 3111.00	  261.96	 7326.50
16:08:39	 7871.33	 7749.98	  121.35	  161.44	 4102.53	  991.53	 3111.00	  261.97	 7326.57
16:08:41	 7871.33	 7750.70	  120.63	  161.71	 4102.53	  991.53	 3111.00	  261.99	 7327.00
16:08:43	 7871.33	 7750.80	  120.53	  161.78	 4102.53	  991.53	 3111.00	  262.02	 7327.01
16:08:45	 7871.33	 7751.05	  120.29	  161.83	 4102.53	  991.53	 3111.00	  262.03	 7327.19
16:08:47	 7871.33	 7750.71	  120.62	  162.12	 4102.53	  991.53	 3111.00	  262.05	 7326.54
16:08:49	 7871.33	 7750.71	  120.62	  162.17	 4102.53	  991.53	 3111.00	  262.07	 7326.48
16:08:51	 7871.33	 7751.69	  119.64	  162.44	 4102.53	  991.53	 3111.00	  262.08	 7327.18
16:08:53	 7871.33	 7751.65	  119.68	  162.49	 4102.53	  991.53	 3111.00	  262.11	 7327.05
16:08:55	 7871.33	 7752.06	  119.27	  162.51	 4102.53	  991.53	 3111.00	  262.11	 7327.44
16:08:57	 7871.33	 7752.54	  118.79	  162.79	 4102.53	  991.53	 3111.00	  262.14	 7327.62
16:08:59	 7871.33	 7751.67	  119.66	  162.82	 4102.53	  991.53	 3111.00	  262.14	 7326.71
16:09:01	 7871.33	 7751.91	  119.42	  163.10	 4102.53	  991.53	 3111.00	  262.16	 7326.65
16:09:03	 7871.33	 7752.03	  119.30	  163.12	 4102.53	  991.53	 3111.00	  262.19	 7326.72
16:09:05	 7871.33	 7754.39	  116.95	  163.15	 4102.53	  991.53	 3111.00	  262.20	 7329.04
16:09:07	 7871.33	 7751.89	  119.45	  163.43	 4102.53	  991.53	 3111.00	  262.22	 7326.24
16:09:09	 7871.33	 7754.50	  116.83	  163.48	 4102.53	  991.53	 3111.00	  262.22	 7328.80
16:09:11	 7871.33	 7752.64	  118.69	  163.79	 4102.53	  991.53	 3111.00	  262.25	 7326.61
16:09:13	 7871.33	 7753.12	  118.21	  163.80	 4102.53	  991.53	 3111.00	  262.29	 7327.03
16:09:15	 7871.33	 7753.24	  118.09	  163.86	 4102.53	  991.53	 3111.00	  262.29	 7327.10
16:09:17	 7871.33	 7752.61	  118.73	  164.14	 4102.53	  991.53	 3111.00	  262.30	 7326.17
16:09:19	 7871.33	 7752.73	  118.61	  164.17	 4102.53	  991.53	 3111.00	  262.32	 7326.24
16:09:21	 7871.33	 7753.38	  117.95	  164.47	 4102.53	  991.53	 3111.00	  262.34	 7326.57
16:09:23	 7871.33	 7753.47	  117.86	  164.51	 4102.53	  991.53	 3111.00	  262.34	 7326.61
16:09:25	 7871.33	 7753.86	  117.47	  164.54	 4102.53	  991.53	 3111.00	  262.35	 7326.97
16:09:27	 7871.33	 7756.21	  115.12	  164.82	 4102.53	  991.53	 3111.00	  262.37	 7329.02
16:09:29	 7871.33	 7753.97	  117.36	  164.85	 4102.53	  991.53	 3111.00	  262.38	 7326.74
16:09:31	 7871.33	 7754.57	  116.77	  165.14	 4102.53	  991.53	 3111.00	  262.41	 7327.02
16:09:33	 7871.33	 7754.83	  116.50	  165.17	 4102.53	  991.53	 3111.00	  262.43	 7327.23
16:09:35	 7871.33	 7754.35	  116.98	  165.19	 4102.53	  991.53	 3111.00	  262.46	 7326.70
16:09:37	 7871.33	 7754.23	  117.11	  165.46	 4102.53	  991.53	 3111.00	  262.46	 7326.31
16:09:39	 7871.33	 7756.48	  114.85	  165.47	 4102.53	  991.53	 3111.00	  262.48	 7328.53
16:09:41	 7871.33	 7755.20	  116.13	  165.77	 4102.53	  991.53	 3111.00	  262.49	 7326.94
16:09:43	 7871.33	 7755.45	  115.88	  165.86	 4102.53	  991.53	 3111.00	  262.51	 7327.08
16:09:45	 7871.33	 7755.54	  115.79	  165.92	 4102.53	  991.53	 3111.00	  262.52	 7327.10
16:09:47	 7871.33	 7755.18	  116.15	  166.23	 4102.53	  991.53	 3111.00	  262.54	 7326.41
16:09:49	 7871.33	 7758.65	  112.68	  166.27	 4102.53	  991.53	 3111.00	  262.56	 7329.81
16:09:51	 7871.33	 7755.77	  115.56	  166.59	 4102.53	  991.53	 3111.00	  262.57	 7326.61
16:09:53	 7871.33	 7756.13	  115.20	  166.66	 4102.53	  991.53	 3111.00	  262.60	 7326.87
16:09:55	 7871.33	 7756.29	  115.04	  166.73	 4102.53	  991.53	 3111.00	  262.61	 7326.95
16:09:57	 7871.33	 7755.79	  115.55	  167.01	 4102.53	  991.53	 3111.00	  262.62	 7326.15
16:10:00	 7871.33	 7756.81	  114.52	  167.07	 4102.53	  991.53	 3111.00	  262.64	 7327.10
16:10:02	 7871.33	 7756.64	  114.69	  167.36	 4102.53	  991.53	 3111.00	  262.66	 7326.62
16:10:04	 7871.33	 7756.62	  114.71	  167.39	 4102.53	  991.53	 3111.00	  262.70	 7326.53
16:10:06	 7871.33	 7757.13	  114.20	  167.66	 4102.53	  991.53	 3111.00	  262.62	 7326.84
16:10:08	 7871.33	 7756.79	  114.55	  167.73	 4102.53	  991.53	 3111.00	  262.72	 7326.34
16:10:10	 7871.33	 7756.91	  114.43	  167.78	 4102.53	  991.53	 3111.00	  262.75	 7326.38
16:10:12	 7871.33	 7757.31	  114.02	  168.09	 4102.53	  991.53	 3111.00	  262.74	 7326.48
16:10:14	 7871.33	 7757.60	  113.73	  168.10	 4102.53	  991.53	 3111.00	  262.79	 7326.71
16:10:16	 7871.33	 7758.33	  113.00	  168.39	 4102.53	  991.53	 3111.00	  262.70	 7327.23
16:10:18	 7871.33	 7759.19	  112.14	  168.43	 4102.53	  991.53	 3111.00	  262.80	 7327.96
16:10:20	 7871.33	 7758.21	  113.12	  168.45	 4102.53	  991.53	 3111.00	  262.83	 7326.93
16:10:22	 7871.33	 7760.24	  111.09	  168.72	 4102.53	  991.53	 3111.00	  262.84	 7328.68
16:10:24	 7871.33	 7748.67	  122.66	  159.03	 4102.53	  991.53	 3111.00	  262.59	 7327.05
16:10:26	 7871.33	 7749.37	  121.96	  159.30	 4102.53	  991.53	 3111.00	  262.54	 7327.53
16:10:28	 7871.33	 7748.64	  122.69	  159.33	 4102.53	  991.53	 3111.00	  262.64	 7326.67
16:10:30	 7871.33	 7749.03	  122.30	  159.36	 4102.53	  991.53	 3111.00	  262.64	 7327.02
16:10:32	 7871.33	 7749.15	  122.18	  159.64	 4102.53	  991.53	 3111.00	  262.66	 7326.85
16:10:34	 7871.33	 7749.52	  121.81	  159.67	 4102.53	  991.53	 3111.00	  262.68	 7327.16
16:10:36	 7871.33	 7749.88	  121.46	  159.95	 4102.53	  991.53	 3111.00	  262.61	 7327.31
16:10:38	 7871.33	 7749.13	  122.20	  159.98	 4102.53	  991.53	 3111.00	  262.71	 7326.44
16:10:40	 7871.33	 7749.23	  122.10	  160.02	 4102.53	  991.53	 3111.00	  262.73	 7326.48
16:10:42	 7871.33	 7750.52	  120.81	  160.29	 4102.53	  991.53	 3111.00	  262.77	 7327.46
16:10:44	 7871.33	 7753.96	  117.37	  160.32	 4102.53	  991.53	 3111.00	  262.79	 7330.85
16:10:46	 7871.33	 7750.87	  120.46	  160.60	 4102.53	  991.53	 3111.00	  262.81	 7327.46
16:10:48	 7871.33	 7749.99	  121.34	  160.62	 4102.53	  991.53	 3111.00	  262.82	 7326.54
16:10:50	 7871.33	 7750.75	  120.59	  160.65	 4102.53	  991.53	 3111.00	  262.84	 7327.26
16:10:52	 7871.33	 7753.71	  117.62	  160.91	 4102.53	  991.53	 3111.00	  263.06	 7329.74
16:10:54	 7871.33	 7751.47	  119.86	  160.94	 4102.53	  991.53	 3111.00	  263.07	 7327.46
16:10:56	 7871.33	 7751.56	  119.77	  161.21	 4102.53	  991.53	 3111.00	  263.09	 7327.26
16:10:58	 7871.33	 7751.09	  120.25	  161.25	 4102.53	  991.53	 3111.00	  263.09	 7326.75
16:11:00	 7871.33	 7751.80	  119.53	  161.28	 4102.53	  991.53	 3111.00	  263.11	 7327.42
16:11:02	 7871.33	 7752.64	  118.70	  161.57	 4102.53	  991.53	 3111.00	  263.12	 7327.95
16:11:04	 7871.33	 7753.03	  118.30	  161.59	 4102.53	  991.53	 3111.00	  263.16	 7328.28
16:11:06	 7871.33	 7753.39	  117.94	  161.86	 4102.53	  991.53	 3111.00	  263.17	 7328.37
16:11:08	 7871.33	 7752.39	  118.94	  161.88	 4102.53	  991.53	 3111.00	  263.18	 7327.34
16:11:10	 7871.33	 7752.52	  118.82	  161.89	 4102.53	  991.53	 3111.00	  263.20	 7327.43
16:11:12	 7871.33	 7753.00	  118.33	  162.18	 4102.53	  991.53	 3111.00	  263.21	 7327.61
16:11:14	 7871.33	 7753.24	  118.09	  162.21	 4102.53	  991.53	 3111.00	  263.23	 7327.80
16:11:16	 7871.33	 7756.16	  115.17	  162.50	 4102.53	  991.53	 3111.00	  263.25	 7330.41
16:11:18	 7871.33	 7753.03	  118.30	  162.54	 4102.53	  991.53	 3111.00	  263.28	 7327.21
16:11:20	 7871.33	 7752.62	  118.71	  162.56	 4102.53	  991.53	 3111.00	  263.29	 7326.77
16:11:22	 7871.33	 7753.61	  117.73	  162.87	 4102.53	  991.53	 3111.00	  263.30	 7327.43
16:11:24	 7871.33	 7753.73	  117.61	  162.93	 4102.53	  991.53	 3111.00	  263.32	 7327.47
16:11:26	 7871.33	 7755.45	  115.88	  163.24	 4102.53	  991.53	 3111.00	  263.34	 7328.88
16:11:28	 7871.33	 7754.50	  116.83	  163.27	 4102.53	  991.53	 3111.00	  263.35	 7327.88
16:11:30	 7871.33	 7754.13	  117.20	  163.32	 4102.53	  991.53	 3111.00	  263.36	 7327.46
16:11:32	 7871.33	 7754.34	  116.99	  163.58	 4102.53	  991.53	 3111.00	  263.38	 7327.38
16:11:34	 7871.33	 7754.82	  116.51	  163.61	 4102.53	  991.53	 3111.00	  263.41	 7327.81
16:11:36	 7871.33	 7755.07	  116.27	  163.90	 4102.53	  991.53	 3111.00	  263.42	 7327.75
16:11:38	 7871.33	 7760.28	  111.05	  163.96	 4102.53	  991.53	 3111.00	  263.44	 7332.88
16:11:40	 7871.33	 7755.34	  115.99	  164.01	 4102.53	  991.53	 3111.00	  263.45	 7327.88
16:11:42	 7871.33	 7755.58	  115.75	  164.30	 4102.53	  991.53	 3111.00	  263.46	 7327.82
16:11:44	 7871.33	 7755.92	  115.41	  164.36	 4102.53	  991.53	 3111.00	  263.48	 7328.08
16:11:46	 7871.33	 7755.57	  115.77	  164.71	 4102.53	  991.53	 3111.00	  263.47	 7327.38
16:11:48	 7871.33	 7755.92	  115.41	  164.76	 4102.53	  991.53	 3111.00	  263.51	 7327.66
16:11:50	 7871.33	 7746.25	  125.08	  155.39	 4102.53	  991.53	 3111.00	  263.45	 7327.41
16:11:52	 7871.33	 7746.89	  124.45	  155.69	 4102.53	  991.53	 3111.00	  263.46	 7327.73
16:11:54	 7871.33	 7747.61	  123.73	  155.71	 4102.53	  991.53	 3111.00	  263.48	 7328.41
16:11:56	 7871.33	 7746.61	  124.72	  155.98	 4102.53	  991.53	 3111.00	  263.50	 7327.13
16:11:58	 7871.33	 7747.11	  124.22	  156.00	 4102.53	  991.53	 3111.00	  263.53	 7327.59
16:12:00	 7871.33	 7750.57	  120.77	  156.03	 4102.53	  991.53	 3111.00	  263.55	 7330.99
16:12:02	 7871.33	 7747.35	  123.98	  156.32	 4102.53	  991.53	 3111.00	  263.55	 7327.48
16:12:04	 7871.33	 7747.60	  123.73	  156.36	 4102.53	  991.53	 3111.00	  263.57	 7327.66
16:12:06	 7871.33	 7747.35	  123.98	  156.67	 4102.53	  991.53	 3111.00	  263.57	 7327.10
16:12:08	 7871.33	 7747.45	  123.88	  156.74	 4102.53	  991.53	 3111.00	  263.60	 7327.12
16:12:10	 7871.33	 7747.70	  123.64	  156.79	 4102.53	  991.53	 3111.00	  263.62	 7327.28
16:12:12	 7871.33	 7748.45	  122.88	  157.08	 4102.53	  991.53	 3111.00	  263.62	 7327.75
16:12:14	 7871.33	 7748.45	  122.89	  157.10	 4102.53	  991.53	 3111.00	  263.66	 7327.68
16:12:16	 7871.33	 7748.45	  122.89	  157.37	 4102.53	  991.53	 3111.00	  263.66	 7327.41
16:12:19	 7871.33	 7748.69	  122.64	  157.44	 4102.53	  991.53	 3111.00	  263.68	 7327.57
16:12:21	 7871.33	 7748.67	  122.66	  157.75	 4102.53	  991.53	 3111.00	  263.62	 7327.30
16:12:23	 7871.33	 7752.12	  119.21	  157.78	 4102.53	  991.53	 3111.00	  263.73	 7330.61
16:12:25	 7871.33	 7749.29	  122.05	  157.82	 4102.53	  991.53	 3111.00	  263.75	 7327.71
16:12:27	 7871.33	 7748.79	  122.55	  158.10	 4102.53	  991.53	 3111.00	  263.78	 7326.91
16:12:29	 7871.33	 7749.02	  122.31	  158.15	 4102.53	  991.53	 3111.00	  263.79	 7327.08
16:12:31	 7871.33	 7749.61	  121.72	  158.43	 4102.53	  991.53	 3111.00	  263.70	 7327.47
16:12:33	 7871.33	 7749.75	  121.59	  158.48	 4102.53	  991.53	 3111.00	  263.80	 7327.47
16:12:35	 7871.33	 7751.10	  120.23	  158.54	 4102.53	  991.53	 3111.00	  263.82	 7328.74
16:12:37	 7871.33	 7749.30	  122.03	  158.86	 4102.53	  991.53	 3111.00	  263.83	 7326.61
16:12:39	 7871.33	 7749.54	  121.79	  158.93	 4102.53	  991.53	 3111.00	  263.85	 7326.77
16:12:41	 7871.33	 7749.88	  121.46	  159.23	 4102.53	  991.53	 3111.00	  263.79	 7326.86
16:12:43	 7871.33	 7750.48	  120.85	  159.29	 4102.53	  991.53	 3111.00	  263.89	 7327.30
16:12:45	 7871.33	 7750.82	  120.51	  159.38	 4102.53	  991.53	 3111.00	  263.89	 7327.55
16:12:47	 7871.33	 7750.24	  121.09	  159.68	 4102.53	  991.53	 3111.00	  263.93	 7326.63
16:12:49	 7871.33	 7750.59	  120.74	  159.75	 4102.53	  991.53	 3111.00	  263.91	 7326.93
16:12:51	 7871.33	 7750.72	  120.61	  160.04	 4102.53	  991.53	 3111.00	  263.88	 7326.81
16:12:53	 7871.33	 7751.30	  120.03	  160.10	 4102.53	  991.53	 3111.00	  263.96	 7327.24
16:12:55	 7871.33	 7754.79	  116.54	  160.15	 4102.53	  991.53	 3111.00	  263.98	 7330.66
16:12:57	 7871.33	 7750.94	  120.39	  160.43	 4102.53	  991.53	 3111.00	  264.02	 7326.50
16:12:59	 7871.33	 7751.60	  119.73	  160.48	 4102.53	  991.53	 3111.00	  264.03	 7327.09
16:13:01	 7871.33	 7751.96	  119.37	  160.76	 4102.53	  991.53	 3111.00	  263.98	 7327.23
16:13:03	 7871.33	 7752.32	  119.01	  160.78	 4102.53	  991.53	 3111.00	  264.06	 7327.48
16:13:05	 7871.33	 7752.04	  119.29	  160.80	 4102.53	  991.53	 3111.00	  264.08	 7327.16
16:13:07	 7871.33	 7751.68	  119.65	  161.07	 4102.53	  991.53	 3111.00	  264.13	 7326.48
16:13:09	 7871.33	 7753.76	  117.57	  161.10	 4102.53	  991.53	 3111.00	  264.14	 7328.51
16:13:11	 7871.33	 7754.36	  116.97	  161.42	 4102.53	  991.53	 3111.00	  264.16	 7328.79
16:13:13	 7871.33	 7754.61	  116.73	  161.47	 4102.53	  991.53	 3111.00	  264.17	 7328.97
16:13:15	 7871.33	 7755.10	  116.23	  161.52	 4102.53	  991.53	 3111.00	  264.18	 7329.40
16:13:17	 7871.33	 7753.78	  117.55	  161.78	 4102.53	  991.53	 3111.00	  264.21	 7327.79
16:13:19	 7871.33	 7754.22	  117.11	  161.80	 4102.53	  991.53	 3111.00	  264.22	 7328.20
16:13:21	 7871.33	 7754.72	  116.61	  162.10	 4102.53	  991.53	 3111.00	  264.23	 7328.39
16:13:23	 7871.33	 7754.84	  116.49	  162.12	 4102.53	  991.53	 3111.00	  264.24	 7328.48
16:13:25	 7871.33	 7755.08	  116.25	  162.17	 4102.53	  991.53	 3111.00	  264.25	 7328.66
16:13:27	 7871.33	 7756.98	  114.36	  162.46	 4102.53	  991.53	 3111.00	  264.30	 7330.22
16:13:29	 7871.33	 7754.71	  116.62	  162.48	 4102.53	  991.53	 3111.00	  264.32	 7327.90
16:13:31	 7871.33	 7754.96	  116.37	  162.78	 4102.53	  991.53	 3111.00	  264.33	 7327.86
16:13:33	 7871.33	 7755.58	  115.75	  162.82	 4102.53	  991.53	 3111.00	  264.36	 7328.40
16:13:35	 7871.33	 7755.82	  115.51	  162.86	 4102.53	  991.53	 3111.00	  264.36	 7328.61
16:13:37	 7871.33	 7756.16	  115.18	  163.16	 4102.53	  991.53	 3111.00	  264.39	 7328.61
16:13:39	 7871.33	 7755.79	  115.54	  163.18	 4102.53	  991.53	 3111.00	  264.40	 7328.21
16:13:41	 7871.33	 7755.91	  115.42	  163.45	 4102.53	  991.53	 3111.00	  264.41	 7328.05
16:13:43	 7871.33	 7758.66	  112.67	  163.49	 4102.53	  991.53	 3111.00	  264.42	 7330.75
16:13:45	 7871.33	 7756.55	  114.78	  163.53	 4102.53	  991.53	 3111.00	  264.45	 7328.57
16:13:47	 7871.33	 7755.82	  115.51	  163.83	 4102.53	  991.53	 3111.00	  264.47	 7327.52
16:13:49	 7871.33	 7758.81	  112.52	  163.86	 4102.53	  991.53	 3111.00	  264.48	 7330.46
16:13:51	 7871.33	 7756.52	  114.81	  164.16	 4102.53	  991.53	 3111.00	  264.50	 7327.86
16:13:53	 7871.33	 7756.88	  114.45	  164.19	 4102.53	  991.53	 3111.00	  264.51	 7328.18
16:13:55	 7871.33	 7757.28	  114.05	  164.22	 4102.53	  991.53	 3111.00	  264.54	 7328.52
16:13:57	 7871.33	 7756.67	  114.66	  164.51	 4102.53	  991.53	 3111.00	  264.55	 7327.61
16:13:59	 7871.33	 7756.91	  114.42	  164.53	 4102.53	  991.53	 3111.00	  264.57	 7327.81
16:14:01	 7871.33	 7757.12	  114.21	  164.82	 4102.53	  991.53	 3111.00	  264.57	 7327.73
16:14:03	 7871.33	 7759.50	  111.83	  164.86	 4102.53	  991.53	 3111.00	  264.59	 7330.05
16:14:05	 7871.33	 7759.24	  112.09	  164.89	 4102.53	  991.53	 3111.00	  264.62	 7329.73
16:14:07	 7871.33	 7757.26	  114.07	  165.18	 4102.53	  991.53	 3111.00	  264.64	 7327.45
16:14:09	 7871.33	 7757.50	  113.83	  165.21	 4102.53	  991.53	 3111.00	  264.66	 7327.63
16:14:11	 7871.33	 7750.81	  120.52	  155.34	 4102.53	  991.53	 3111.00	  264.57	 7330.90
16:14:13	 7871.33	 7747.80	  123.53	  155.39	 4102.53	  991.53	 3111.00	  264.59	 7327.82
16:14:15	 7871.33	 7748.17	  123.16	  155.39	 4102.53	  991.53	 3111.00	  264.61	 7328.16
16:14:17	 7871.33	 7751.40	  119.93	  155.70	 4102.53	  991.53	 3111.00	  264.64	 7331.07
16:14:19	 7871.33	 7747.82	  123.52	  155.73	 4102.53	  991.53	 3111.00	  264.65	 7327.43
16:14:22	 7871.33	 7748.31	  123.02	  155.99	 4102.53	  991.53	 3111.00	  264.67	 7327.65
16:14:24	 7871.33	 7748.06	  123.27	  156.04	 4102.53	  991.53	 3111.00	  264.67	 7327.35
16:14:26	 7871.33	 7748.65	  122.68	  156.34	 4102.53	  991.53	 3111.00	  264.59	 7327.72
16:14:28	 7871.33	 7748.28	  123.05	  156.37	 4102.53	  991.53	 3111.00	  264.71	 7327.20
16:14:30	 7871.33	 7748.42	  122.91	  156.43	 4102.53	  991.53	 3111.00	  264.71	 7327.28
16:14:32	 7871.33	 7748.67	  122.66	  156.73	 4102.53	  991.53	 3111.00	  264.74	 7327.21
16:14:34	 7871.33	 7749.30	  122.03	  156.77	 4102.53	  991.53	 3111.00	  264.75	 7327.79
16:14:36	 7871.33	 7749.00	  122.33	  157.07	 4102.53	  991.53	 3111.00	  264.68	 7327.25
16:14:38	 7871.33	 7748.61	  122.72	  157.15	 4102.53	  991.53	 3111.00	  264.78	 7326.68
16:14:40	 7871.33	 7749.63	  121.70	  157.20	 4102.53	  991.53	 3111.00	  264.80	 7327.63
16:14:42	 7871.33	 7748.87	  122.46	  157.48	 4102.53	  991.53	 3111.00	  264.83	 7326.56
16:14:44	 7871.33	 7751.38	  119.95	  157.50	 4102.53	  991.53	 3111.00	  264.84	 7329.04
16:14:46	 7871.33	 7749.94	  121.39	  157.83	 4102.53	  991.53	 3111.00	  264.75	 7327.36
16:14:48	 7871.33	 7749.58	  121.75	  157.86	 4102.53	  991.53	 3111.00	  264.86	 7326.86
16:14:50	 7871.33	 7749.70	  121.63	  157.91	 4102.53	  991.53	 3111.00	  264.88	 7326.90
16:14:52	 7871.33	 7753.43	  117.91	  158.21	 4102.53	  991.53	 3111.00	  264.91	 7330.30
16:14:54	 7871.33	 7750.20	  121.13	  158.26	 4102.53	  991.53	 3111.00	  264.91	 7327.02
16:14:56	 7871.33	 7751.05	  120.29	  158.57	 4102.53	  991.53	 3111.00	  265.01	 7327.46
16:14:58	 7871.33	 7750.18	  121.15	  158.62	 4102.53	  991.53	 3111.00	  264.95	 7326.61
16:15:00	 7871.33	 7750.30	  121.03	  158.65	 4102.53	  991.53	 3111.00	  264.98	 7326.68
16:15:02	 7871.33	 7750.55	  120.78	  158.95	 4102.53	  991.53	 3111.00	  264.97	 7326.63
16:15:04	 7871.33	 7751.17	  120.16	  158.98	 4102.53	  991.53	 3111.00	  265.02	 7327.16
16:15:06	 7871.33	 7754.39	  116.94	  159.25	 4102.53	  991.53	 3111.00	  264.95	 7330.19
16:15:08	 7871.33	 7750.94	  120.39	  159.29	 4102.53	  991.53	 3111.00	  265.05	 7326.61
16:15:10	 7871.33	 7751.04	  120.29	  159.31	 4102.53	  991.53	 3111.00	  265.06	 7326.66
16:15:12	 7871.33	 7751.64	  119.69	  159.60	 4102.53	  991.53	 3111.00	  265.07	 7326.97
16:15:14	 7871.33	 7754.02	  117.31	  159.62	 4102.53	  991.53	 3111.00	  265.10	 7329.30
16:15:16	 7871.33	 7753.04	  118.29	  159.89	 4102.53	  991.53	 3111.00	  265.12	 7328.02
16:15:18	 7871.33	 7754.14	  117.19	  159.93	 4102.53	  991.53	 3111.00	  265.14	 7329.07
16:15:20	 7871.33	 7753.01	  118.32	  159.96	 4102.53	  991.53	 3111.00	  265.16	 7327.89
16:15:22	 7871.33	 7753.48	  117.86	  160.23	 4102.53	  991.53	 3111.00	  265.18	 7328.07
16:15:24	 7871.33	 7753.59	  117.74	  160.26	 4102.53	  991.53	 3111.00	  265.20	 7328.14
16:15:26	 7871.33	 7754.09	  117.24	  160.53	 4102.53	  991.53	 3111.00	  265.21	 7328.35
16:15:28	 7871.33	 7755.98	  115.36	  160.56	 4102.53	  991.53	 3111.00	  265.22	 7330.19
16:15:30	 7871.33	 7753.36	  117.97	  160.59	 4102.53	  991.53	 3111.00	  265.26	 7327.52
16:15:32	 7871.33	 7753.71	  117.62	  160.89	 4102.53	  991.53	 3111.00	  265.26	 7327.56
16:15:34	 7871.33	 7753.95	  117.39	  160.95	 4102.53	  991.53	 3111.00	  265.29	 7327.70
16:15:36	 7871.33	 7754.10	  117.23	  161.22	 4102.53	  991.53	 3111.00	  265.29	 7327.59
16:15:38	 7871.33	 7753.75	  117.58	  161.25	 4102.53	  991.53	 3111.00	  265.31	 7327.18
16:15:40	 7871.33	 7753.75	  117.58	  161.27	 4102.53	  991.53	 3111.00	  265.34	 7327.14
16:15:42	 7871.33	 7754.22	  117.11	  161.55	 4102.53	  991.53	 3111.00	  265.35	 7327.32
16:15:44	 7871.33	 7754.20	  117.14	  161.58	 4102.53	  991.53	 3111.00	  265.36	 7327.26
16:15:46	 7871.33	 7754.92	  116.41	  161.85	 4102.53	  991.53	 3111.00	  265.38	 7327.70
16:15:48	 7871.33	 7757.30	  114.03	  161.85	 4102.53	  991.53	 3111.00	  265.40	 7330.05
16:15:50	 7871.33	 7754.45	  116.88	  161.90	 4102.53	  991.53	 3111.00	  265.42	 7327.13
16:15:52	 7871.33	 7754.80	  116.53	  162.18	 4102.53	  991.53	 3111.00	  265.43	 7327.19
16:15:54	 7871.33	 7755.04	  116.30	  162.22	 4102.53	  991.53	 3111.00	  265.45	 7327.36
16:15:56	 7871.33	 7755.41	  115.92	  162.51	 4102.53	  991.53	 3111.00	  265.46	 7327.45
16:15:58	 7871.33	 7754.55	  116.78	  162.57	 4102.53	  991.53	 3111.00	  265.48	 7326.50
16:16:00	 7871.33	 7756.57	  114.77	  162.61	 4102.53	  991.53	 3111.00	  265.50	 7328.46
16:16:02	 7871.33	 7754.95	  116.38	  162.90	 4102.53	  991.53	 3111.00	  265.51	 7326.54
16:16:04	 7871.33	 7755.30	  116.03	  162.96	 4102.53	  991.53	 3111.00	  265.52	 7326.82
16:16:06	 7871.33	 7756.63	  114.70	  163.28	 4102.53	  991.53	 3111.00	  265.53	 7327.82
16:16:08	 7871.33	 7755.29	  116.04	  151.38	 4102.53	  991.53	 3111.00	  265.09	 7338.83
16:16:10	 7871.33	 7757.00	  114.33	  151.42	 4102.53	  991.53	 3111.00	  265.19	 7340.39
16:16:12	 7871.33	 7756.50	  114.84	  151.74	 4102.53	  991.53	 3111.00	  265.19	 7339.57
16:16:14	 7871.33	 7756.52	  114.81	  151.78	 4102.53	  991.53	 3111.00	  265.23	 7339.52
16:16:16	 7871.33	 7752.34	  119.00	  152.08	 4102.53	  991.53	 3111.00	  265.22	 7335.04
16:16:18	 7871.33	 7752.41	  118.92	  152.13	 4102.53	  991.53	 3111.00	  265.24	 7335.04
16:16:20	 7871.33	 7752.65	  118.68	  152.18	 4102.53	  991.53	 3111.00	  265.28	 7335.20
16:16:22	 7871.33	 7759.98	  111.35	  152.46	 4102.53	  991.53	 3111.00	  265.30	 7342.22
16:16:24	 7871.33	 7753.51	  117.82	  152.53	 4102.53	  991.53	 3111.00	  265.30	 7335.67
16:16:26	 7871.33	 7752.77	  118.57	  152.86	 4102.53	  991.53	 3111.00	  265.63	 7334.28
16:16:28	 7871.33	 7753.01	  118.32	  152.91	 4102.53	  991.53	 3111.00	  265.66	 7334.44
16:16:30	 7871.33	 7753.25	  118.08	  152.97	 4102.53	  991.53	 3111.00	  265.68	 7334.60
16:16:32	 7871.33	 7753.61	  117.72	  153.27	 4102.53	  991.53	 3111.00	  265.68	 7334.66
16:16:34	 7871.33	 7754.14	  117.20	  153.34	 4102.53	  991.53	 3111.00	  265.70	 7335.09
16:16:36	 7871.33	 7753.28	  118.05	  153.63	 4102.53	  991.53	 3111.00	  265.72	 7333.93
16:16:38	 7871.33	 7753.25	  118.08	  153.68	 4102.53	  991.53	 3111.00	  265.73	 7333.84
16:16:40	 7871.33	 7753.86	  117.48	  153.74	 4102.53	  991.53	 3111.00	  265.76	 7334.35
16:16:43	 7871.33	 7754.47	  116.86	  154.06	 4102.53	  991.53	 3111.00	  265.76	 7334.64
16:16:45	 7871.33	 7754.75	  116.58	  154.12	 4102.53	  991.53	 3111.00	  265.79	 7334.84
16:16:47	 7871.33	 7754.02	  117.32	  154.43	 4102.53	  991.53	 3111.00	  265.79	 7333.80
16:16:49	 7871.33	 7754.39	  116.95	  154.46	 4102.53	  991.53	 3111.00	  265.81	 7334.12
16:16:51	 7871.33	 7754.58	  116.75	  154.75	 4102.53	  991.53	 3111.00	  265.92	 7333.91
16:16:53	 7871.33	 7754.84	  116.49	  154.79	 4102.53	  991.53	 3111.00	  265.85	 7334.20
16:16:55	 7871.33	 7757.23	  114.10	  154.82	 4102.53	  991.53	 3111.00	  265.86	 7336.56
16:16:57	 7871.33	 7756.18	  115.15	  155.10	 4102.53	  991.53	 3111.00	  265.88	 7335.21
16:16:59	 7871.33	 7754.97	  116.36	  155.14	 4102.53	  991.53	 3111.00	  265.91	 7333.92
16:17:01	 7871.33	 7755.82	  115.51	  155.41	 4102.53	  991.53	 3111.00	  265.84	 7334.57
16:17:03	 7871.33	 7756.64	  114.69	  155.44	 4102.53	  991.53	 3111.00	  265.95	 7335.26
16:17:05	 7871.33	 7756.29	  115.05	  155.47	 4102.53	  991.53	 3111.00	  265.95	 7334.86
16:17:07	 7871.33	 7755.44	  115.89	  155.74	 4102.53	  991.53	 3111.00	  265.98	 7333.72
16:17:09	 7871.33	 7756.79	  114.54	  155.76	 4102.53	  991.53	 3111.00	  265.99	 7335.04
16:17:11	 7871.33	 7755.94	  115.39	  156.05	 4102.53	  991.53	 3111.00	  265.93	 7333.96
16:17:13	 7871.33	 7756.43	  114.90	  156.08	 4102.53	  991.53	 3111.00	  266.04	 7334.31
16:17:15	 7871.33	 7756.28	  115.05	  156.12	 4102.53	  991.53	 3111.00	  266.04	 7334.11
16:17:17	 7871.33	 7759.87	  111.46	  156.39	 4102.53	  991.53	 3111.00	  266.07	 7337.41
16:17:19	 7871.33	 7756.53	  114.80	  156.41	 4102.53	  991.53	 3111.00	  266.09	 7334.03
16:17:21	 7871.33	 7758.76	  112.57	  156.70	 4102.53	  991.53	 3111.00	  266.02	 7336.05
16:17:23	 7871.33	 7756.92	  114.41	  156.72	 4102.53	  991.53	 3111.00	  266.13	 7334.07
16:17:25	 7871.33	 7757.41	  113.93	  156.74	 4102.53	  991.53	 3111.00	  266.14	 7334.53
16:17:27	 7871.33	 7757.01	  114.32	  157.04	 4102.53	  991.53	 3111.00	  266.13	 7333.84
16:17:29	 7871.33	 7757.50	  113.84	  157.08	 4102.53	  991.53	 3111.00	  266.17	 7334.25
16:17:31	 7871.33	 7757.97	  113.36	  157.37	 4102.53	  991.53	 3111.00	  266.21	 7334.39
16:17:33	 7871.33	 7758.11	  113.22	  157.40	 4102.53	  991.53	 3111.00	  266.22	 7334.48
16:17:35	 7871.33	 7758.11	  113.22	  157.44	 4102.53	  991.53	 3111.00	  266.24	 7334.43
16:17:37	 7871.33	 7757.75	  113.59	  157.74	 4102.53	  991.53	 3111.00	  266.25	 7333.75
16:17:39	 7871.33	 7757.84	  113.49	  157.78	 4102.53	  991.53	 3111.00	  266.27	 7333.80
16:17:41	 7871.33	 7757.96	  113.37	  158.05	 4102.53	  991.53	 3111.00	  266.29	 7333.62
16:17:43	 7871.33	 7758.45	  112.88	  158.09	 4102.53	  991.53	 3111.00	  266.31	 7334.05
16:17:45	 7871.33	 7758.83	  112.50	  158.13	 4102.53	  991.53	 3111.00	  266.31	 7334.39
16:17:47	 7871.33	 7748.05	  123.28	  148.87	 4102.53	  991.53	 3111.00	  265.89	 7333.29
16:17:49	 7871.33	 7750.91	  120.42	  148.91	 4102.53	  991.53	 3111.00	  265.91	 7336.09
16:17:51	 7871.33	 7748.76	  122.57	  149.18	 4102.53	  991.53	 3111.00	  265.94	 7333.64
16:17:53	 7871.33	 7749.12	  122.21	  149.24	 4102.53	  991.53	 3111.00	  265.95	 7333.94
16:17:55	 7871.33	 7749.12	  122.21	  149.29	 4102.53	  991.53	 3111.00	  265.97	 7333.87
16:17:57	 7871.33	 7749.63	  121.70	  149.57	 4102.53	  991.53	 3111.00	  265.98	 7334.08
16:17:59	 7871.33	 7749.52	  121.81	  149.60	 4102.53	  991.53	 3111.00	  265.99	 7333.93
16:18:01	 7871.33	 7750.01	  121.32	  149.89	 4102.53	  991.53	 3111.00	  266.02	 7334.11
16:18:03	 7871.33	 7749.59	  121.75	  149.94	 4102.53	  991.53	 3111.00	  266.04	 7333.61
16:18:05	 7871.33	 7749.84	  121.49	  150.01	 4102.53	  991.53	 3111.00	  266.04	 7333.79
16:18:07	 7871.33	 7749.72	  121.61	  150.31	 4102.53	  991.53	 3111.00	  266.05	 7333.36
16:18:09	 7871.33	 7750.34	  120.99	  150.35	 4102.53	  991.53	 3111.00	  266.07	 7333.92
16:18:11	 7871.33	 7754.20	  117.13	  150.66	 4102.53	  991.53	 3111.00	  266.09	 7337.45
16:18:13	 7871.33	 7750.95	  120.38	  150.74	 4102.53	  991.53	 3111.00	  266.11	 7334.09
16:18:15	 7871.33	 7751.30	  120.04	  150.84	 4102.53	  991.53	 3111.00	  266.13	 7334.33
16:18:17	 7871.33	 7750.45	  120.88	  151.16	 4102.53	  991.53	 3111.00	  266.14	 7333.15
16:18:19	 7871.33	 7750.69	  120.64	  151.23	 4102.53	  991.53	 3111.00	  266.15	 7333.31
16:18:21	 7871.33	 7751.31	  120.02	  151.52	 4102.53	  991.53	 3111.00	  266.18	 7333.61
16:18:23	 7871.33	 7751.44	  119.89	  151.58	 4102.53	  991.53	 3111.00	  266.19	 7333.67
16:18:25	 7871.33	 7751.55	  119.79	  151.63	 4102.53	  991.53	 3111.00	  266.20	 7333.71
16:18:27	 7871.33	 7752.03	  119.30	  151.95	 4102.53	  991.53	 3111.00	  266.23	 7333.86
