    Time	  MemTotal	   MemUsed	   MemFree	   MemBuff	SwapTotal	SwapUsed	SwapFree	SwapCached	RealUsedMem
15:55:56	 7871.33	 7755.86	  115.47	  210.78	 4102.53	  950.88	 3151.65	  292.05	 7253.02
15:55:58	 7871.33	 7756.23	  115.10	  210.81	 4102.53	  950.88	 3151.65	  292.08	 7253.34
15:56:00	 7871.33	 7756.59	  114.74	  210.85	 4102.53	  950.88	 3151.65	  292.10	 7253.64
15:56:02	 7871.33	 7756.57	  114.76	  211.13	 4102.53	  950.88	 3151.65	  292.12	 7253.32
15:56:04	 7871.33	 7756.24	  115.09	  211.17	 4102.53	  950.88	 3151.65	  292.13	 7252.93
15:56:06	 7871.33	 7756.74	  114.59	  211.45	 4102.53	  950.88	 3151.65	  292.15	 7253.14
15:56:08	 7871.33	 7760.19	  111.14	  211.48	 4102.53	  950.88	 3151.65	  292.17	 7256.55
15:56:10	 7871.33	 7756.97	  114.36	  211.50	 4102.53	  950.88	 3151.65	  292.18	 7253.29
15:56:12	 7871.33	 7757.35	  113.98	  211.80	 4102.53	  950.88	 3151.65	  292.20	 7253.35
15:56:14	 7871.33	 7756.99	  114.34	  211.82	 4102.53	  950.88	 3151.65	  292.22	 7252.95
15:56:16	 7871.33	 7757.34	  113.99	  212.08	 4102.53	  950.88	 3151.65	  292.23	 7253.03
15:56:18	 7871.33	 7758.44	  112.89	  212.12	 4102.53	  950.88	 3151.65	  292.23	 7254.09
15:56:20	 7871.33	 7757.94	  113.39	  212.13	 4102.53	  950.88	 3151.65	  292.27	 7253.55
15:56:22	 7871.33	 7751.69	  119.64	  204.01	 4102.53	  950.88	 3151.65	  291.80	 7255.88
15:56:24	 7871.33	 7748.99	  122.34	  204.04	 4102.53	  950.88	 3151.65	  291.80	 7253.15
15:56:26	 7871.33	 7749.85	  121.48	  204.29	 4102.53	  950.88	 3151.65	  291.83	 7253.73
15:56:28	 7871.33	 7749.59	  121.74	  204.32	 4102.53	  950.88	 3151.65	  291.85	 7253.43
15:56:30	 7871.33	 7753.05	  118.29	  204.36	 4102.53	  950.88	 3151.65	  291.87	 7256.82
15:56:32	 7871.33	 7750.56	  120.77	  204.61	 4102.53	  950.88	 3151.65	  291.88	 7254.07
15:56:34	 7871.33	 7749.97	  121.36	  204.64	 4102.53	  950.88	 3151.65	  291.91	 7253.43
15:56:36	 7871.33	 7750.25	  121.09	  204.91	 4102.53	  950.88	 3151.65	  292.07	 7253.26
15:56:38	 7871.33	 7750.18	  121.15	  204.93	 4102.53	  950.88	 3151.65	  292.08	 7253.17
15:56:40	 7871.33	 7751.09	  120.25	  204.94	 4102.53	  950.88	 3151.65	  292.11	 7254.04
15:56:42	 7871.33	 7750.70	  120.63	  205.21	 4102.53	  950.88	 3151.65	  292.12	 7253.37
15:56:44	 7871.33	 7750.60	  120.73	  205.23	 4102.53	  950.88	 3151.65	  292.13	 7253.23
15:56:46	 7871.33	 7751.18	  120.15	  205.50	 4102.53	  950.88	 3151.65	  292.16	 7253.52
15:56:48	 7871.33	 7751.64	  119.69	  205.53	 4102.53	  950.88	 3151.65	  292.17	 7253.95
15:56:50	 7871.33	 7751.77	  119.57	  205.56	 4102.53	  950.88	 3151.65	  292.19	 7254.02
15:56:52	 7871.33	 7751.31	  120.02	  205.83	 4102.53	  950.88	 3151.65	  292.20	 7253.28
15:56:54	 7871.33	 7755.14	  116.20	  205.85	 4102.53	  950.88	 3151.65	  292.21	 7257.08
15:56:56	 7871.33	 7751.43	  119.90	  206.12	 4102.53	  950.88	 3151.65	  292.23	 7253.08
15:56:58	 7871.33	 7752.39	  118.95	  206.13	 4102.53	  950.88	 3151.65	  292.26	 7254.00
15:57:00	 7871.33	 7752.49	  118.84	  206.16	 4102.53	  950.88	 3151.65	  292.26	 7254.07
15:57:02	 7871.33	 7751.64	  119.69	  206.43	 4102.53	  950.88	 3151.65	  292.28	 7252.94
15:57:04	 7871.33	 7753.11	  118.22	  206.45	 4102.53	  950.88	 3151.65	  292.30	 7254.37
15:57:06	 7871.33	 7752.66	  118.67	  206.70	 4102.53	  950.88	 3151.65	  292.33	 7253.62
15:57:08	 7871.33	 7752.64	  118.69	  206.73	 4102.53	  950.88	 3151.65	  292.35	 7253.56
15:57:10	 7871.33	 7752.86	  118.47	  206.75	 4102.53	  950.88	 3151.65	  292.36	 7253.75
15:57:12	 7871.33	 7752.86	  118.47	  207.02	 4102.53	  950.88	 3151.65	  292.38	 7253.46
15:57:14	 7871.33	 7752.62	  118.71	  207.07	 4102.53	  950.88	 3151.65	  292.37	 7253.18
15:57:16	 7871.33	 7756.37	  114.96	  207.35	 4102.53	  950.88	 3151.65	  292.40	 7256.62
15:57:18	 7871.33	 7753.12	  118.21	  207.41	 4102.53	  950.88	 3151.65	  292.41	 7253.30
15:57:20	 7871.33	 7753.36	  117.97	  207.45	 4102.53	  950.88	 3151.65	  292.41	 7253.50
15:57:22	 7871.33	 7753.71	  117.62	  207.73	 4102.53	  950.88	 3151.65	  292.45	 7253.53
15:57:24	 7871.33	 7753.35	  117.98	  207.78	 4102.53	  950.88	 3151.65	  292.44	 7253.12
15:57:26	 7871.33	 7755.99	  115.34	  208.07	 4102.53	  950.88	 3151.65	  292.47	 7255.45
15:57:28	 7871.33	 7754.28	  117.05	  208.10	 4102.53	  950.88	 3151.65	  292.52	 7253.66
15:57:30	 7871.33	 7754.33	  117.00	  208.13	 4102.53	  950.88	 3151.65	  292.51	 7253.70
15:57:32	 7871.33	 7754.09	  117.24	  208.40	 4102.53	  950.88	 3151.65	  292.53	 7253.16
15:57:34	 7871.33	 7753.92	  117.41	  208.42	 4102.53	  950.88	 3151.65	  292.55	 7252.95
15:57:36	 7871.33	 7754.53	  116.80	  208.70	 4102.53	  950.88	 3151.65	  292.57	 7253.27
15:57:38	 7871.33	 7754.53	  116.80	  208.73	 4102.53	  950.88	 3151.65	  292.58	 7253.21
15:57:40	 7871.33	 7754.68	  116.65	  208.76	 4102.53	  950.88	 3151.65	  292.59	 7253.33
15:57:42	 7871.33	 7756.29	  115.05	  209.02	 4102.53	  950.88	 3151.65	  292.62	 7254.64
15:57:44	 7871.33	 7754.92	  116.41	  209.05	 4102.53	  950.88	 3151.65	  292.64	 7253.24
15:57:46	 7871.33	 7755.25	  116.08	  209.32	 4102.53	  950.88	 3151.65	  292.66	 7253.27
15:57:48	 7871.33	 7755.78	  115.55	  209.34	 4102.53	  950.88	 3151.65	  292.67	 7253.77
15:57:50	 7871.33	 7756.98	  114.35	  209.37	 4102.53	  950.88	 3151.65	  292.68	 7254.93
15:57:52	 7871.33	 7755.65	  115.68	  209.63	 4102.53	  950.88	 3151.65	  292.70	 7253.31
15:57:55	 7871.33	 7755.77	  115.56	  209.66	 4102.53	  950.88	 3151.65	  292.71	 7253.40
15:57:57	 7871.33	 7756.13	  115.20	  209.93	 4102.53	  950.88	 3151.65	  292.72	 7253.49
15:57:59	 7871.33	 7758.80	  112.53	  209.94	 4102.53	  950.88	 3151.65	  292.75	 7256.11
15:58:01	 7871.33	 7756.59	  114.75	  210.20	 4102.53	  950.88	 3151.65	  292.77	 7253.62
15:58:03	 7871.33	 7758.98	  112.35	  210.21	 4102.53	  950.88	 3151.65	  292.79	 7255.98
15:58:05	 7871.33	 7756.38	  114.96	  210.25	 4102.53	  950.88	 3151.65	  292.80	 7253.32
15:58:07	 7871.33	 7756.62	  114.71	  210.50	 4102.53	  950.88	 3151.65	  292.82	 7253.29
15:58:09	 7871.33	 7758.71	  112.62	  210.53	 4102.53	  950.88	 3151.65	  292.84	 7255.33
15:58:11	 7871.33	 7757.07	  114.26	  210.79	 4102.53	  950.88	 3151.65	  292.86	 7253.42
15:58:13	 7871.33	 7756.71	  114.62	  210.79	 4102.53	  950.88	 3151.65	  292.88	 7253.04
15:58:15	 7871.33	 7756.96	  114.37	  210.82	 4102.53	  950.88	 3151.65	  292.88	 7253.27
15:58:17	 7871.33	 7757.45	  113.88	  211.09	 4102.53	  950.88	 3151.65	  292.91	 7253.46
15:58:19	 7871.33	 7757.55	  113.78	  211.10	 4102.53	  950.88	 3151.65	  292.93	 7253.53
15:58:21	 7871.33	 7748.35	  122.98	  203.24	 4102.53	  950.88	 3151.65	  291.65	 7253.46
15:58:23	 7871.33	 7748.11	  123.22	  203.25	 4102.53	  950.88	 3151.65	  291.66	 7253.20
15:58:25	 7871.33	 7748.86	  122.47	  203.27	 4102.53	  950.88	 3151.65	  291.68	 7253.92
15:58:27	 7871.33	 7748.75	  122.59	  203.56	 4102.53	  950.88	 3151.65	  291.69	 7253.50
15:58:29	 7871.33	 7748.75	  122.59	  203.57	 4102.53	  950.88	 3151.65	  291.71	 7253.46
15:58:31	 7871.33	 7752.67	  118.66	  203.85	 4102.53	  950.88	 3151.65	  291.72	 7257.10
15:58:33	 7871.33	 7750.98	  120.35	  203.87	 4102.53	  950.88	 3151.65	  291.74	 7255.37
15:58:35	 7871.33	 7749.21	  122.12	  203.89	 4102.53	  950.88	 3151.65	  291.75	 7253.57
15:58:37	 7871.33	 7749.71	  121.62	  204.18	 4102.53	  950.88	 3151.65	  291.77	 7253.77
15:58:39	 7871.33	 7749.85	  121.48	  204.18	 4102.53	  950.88	 3151.65	  291.79	 7253.89
15:58:41	 7871.33	 7750.32	  121.01	  204.45	 4102.53	  950.88	 3151.65	  291.80	 7254.06
15:58:43	 7871.33	 7749.46	  121.88	  204.47	 4102.53	  950.88	 3151.65	  291.82	 7253.17
15:58:45	 7871.33	 7749.81	  121.52	  204.51	 4102.53	  950.88	 3151.65	  291.83	 7253.47
15:58:47	 7871.33	 7750.30	  121.03	  204.82	 4102.53	  950.88	 3151.65	  291.85	 7253.64
15:58:49	 7871.33	 7750.56	  120.77	  204.83	 4102.53	  950.88	 3151.65	  291.87	 7253.87
15:58:51	 7871.33	 7751.29	  120.04	  205.11	 4102.53	  950.88	 3151.65	  292.37	 7253.82
15:58:53	 7871.33	 7751.05	  120.29	  205.13	 4102.53	  950.88	 3151.65	  292.38	 7253.53
15:58:55	 7871.33	 7751.02	  120.32	  205.16	 4102.53	  950.88	 3151.65	  292.38	 7253.48
15:58:57	 7871.33	 7751.38	  119.95	  205.43	 4102.53	  950.88	 3151.65	  292.40	 7253.55
15:58:59	 7871.33	 7754.64	  116.69	  205.45	 4102.53	  950.88	 3151.65	  292.43	 7256.77
15:59:01	 7871.33	 7752.14	  119.20	  205.71	 4102.53	  950.88	 3151.65	  292.45	 7253.98
15:59:03	 7871.33	 7754.50	  116.83	  205.75	 4102.53	  950.88	 3151.65	  292.46	 7256.29
15:59:05	 7871.33	 7751.89	  119.44	  205.77	 4102.53	  950.88	 3151.65	  292.48	 7253.65
15:59:07	 7871.33	 7752.11	  119.23	  206.03	 4102.53	  950.88	 3151.65	  292.50	 7253.58
15:59:09	 7871.33	 7752.35	  118.98	  206.08	 4102.53	  950.88	 3151.65	  292.52	 7253.75
15:59:11	 7871.33	 7752.62	  118.71	  206.36	 4102.53	  950.88	 3151.65	  292.52	 7253.74
15:59:13	 7871.33	 7752.14	  119.20	  206.38	 4102.53	  950.88	 3151.65	  292.54	 7253.21
15:59:15	 7871.33	 7752.50	  118.83	  206.43	 4102.53	  950.88	 3151.65	  292.55	 7253.52
15:59:17	 7871.33	 7752.98	  118.35	  206.68	 4102.53	  950.88	 3151.65	  292.58	 7253.72
15:59:19	 7871.33	 7752.83	  118.50	  206.70	 4102.53	  950.88	 3151.65	  292.60	 7253.53
15:59:21	 7871.33	 7753.45	  117.89	  206.96	 4102.53	  950.88	 3151.65	  292.62	 7253.86
15:59:23	 7871.33	 7752.73	  118.61	  206.98	 4102.53	  950.88	 3151.65	  292.63	 7253.11
15:59:25	 7871.33	 7753.09	  118.24	  207.02	 4102.53	  950.88	 3151.65	  292.66	 7253.41
15:59:27	 7871.33	 7753.44	  117.89	  207.30	 4102.53	  950.88	 3151.65	  292.66	 7253.48
15:59:29	 7871.33	 7753.94	  117.39	  207.31	 4102.53	  950.88	 3151.65	  292.68	 7253.95
15:59:31	 7871.33	 7754.18	  117.15	  207.61	 4102.53	  950.88	 3151.65	  292.70	 7253.88
15:59:33	 7871.33	 7755.05	  116.28	  207.63	 4102.53	  950.88	 3151.65	  292.71	 7254.71
15:59:35	 7871.33	 7757.74	  113.59	  207.70	 4102.53	  950.88	 3151.65	  292.72	 7257.32
15:59:37	 7871.33	 7754.31	  117.02	  208.00	 4102.53	  950.88	 3151.65	  292.75	 7253.56
15:59:39	 7871.33	 7754.54	  116.80	  208.02	 4102.53	  950.88	 3151.65	  292.76	 7253.76
15:59:41	 7871.33	 7755.12	  116.21	  208.30	 4102.53	  950.88	 3151.65	  292.79	 7254.04
15:59:43	 7871.33	 7754.17	  117.16	  208.33	 4102.53	  950.88	 3151.65	  292.81	 7253.03
15:59:45	 7871.33	 7754.29	  117.04	  208.36	 4102.53	  950.88	 3151.65	  292.81	 7253.12
15:59:47	 7871.33	 7755.15	  116.18	  208.64	 4102.53	  950.88	 3151.65	  292.81	 7253.70
15:59:49	 7871.33	 7755.26	  116.07	  208.66	 4102.53	  950.88	 3151.65	  292.85	 7253.76
15:59:51	 7871.33	 7755.75	  115.59	  208.94	 4102.53	  950.88	 3151.65	  292.86	 7253.95
15:59:53	 7871.33	 7755.15	  116.18	  208.96	 4102.53	  950.88	 3151.65	  292.87	 7253.32
15:59:55	 7871.33	 7755.00	  116.33	  209.00	 4102.53	  950.88	 3151.65	  292.87	 7253.14
15:59:57	 7871.33	 7745.96	  125.37	  199.36	 4102.53	  950.88	 3151.65	  292.84	 7253.76
15:59:59	 7871.33	 7746.10	  125.23	  199.39	 4102.53	  950.88	 3151.65	  292.85	 7253.86
16:00:01	 7871.33	 7746.46	  124.87	  199.66	 4102.53	  950.88	 3151.66	  292.86	 7253.94
16:00:03	 7871.33	 7745.72	  125.61	  199.71	 4102.53	  950.88	 3151.66	  292.88	 7253.13
16:00:05	 7871.33	 7746.18	  125.15	  199.76	 4102.53	  950.88	 3151.66	  292.91	 7253.51
16:00:07	 7871.33	 7751.01	  120.32	  200.06	 4102.53	  950.88	 3151.66	  292.91	 7258.04
16:00:09	 7871.33	 7746.94	  124.39	  200.09	 4102.53	  950.88	 3151.66	  292.95	 7253.89
16:00:11	 7871.33	 7747.19	  124.14	  200.37	 4102.53	  950.88	 3151.66	  292.95	 7253.88
16:00:13	 7871.33	 7746.82	  124.51	  200.40	 4102.53	  950.88	 3151.66	  292.97	 7253.45
16:00:15	 7871.33	 7746.54	  124.80	  200.44	 4102.53	  950.88	 3151.66	  292.98	 7253.11
16:00:17	 7871.33	 7746.79	  124.55	  200.73	 4102.53	  950.88	 3151.66	  292.99	 7253.07
16:00:19	 7871.33	 7747.30	  124.03	  200.75	 4102.53	  950.88	 3151.66	  293.04	 7253.52
16:00:21	 7871.33	 7747.76	  123.57	  201.02	 4102.53	  950.88	 3151.66	  293.04	 7253.70
16:00:23	 7871.33	 7747.40	  123.93	  201.06	 4102.53	  950.88	 3151.66	  293.05	 7253.29
16:00:25	 7871.33	 7747.18	  124.15	  201.08	 4102.53	  950.88	 3151.66	  293.07	 7253.03
16:00:27	 7871.33	 7747.62	  123.71	  201.35	 4102.53	  950.88	 3151.66	  293.08	 7253.20
16:00:29	 7871.33	 7747.98	  123.35	  201.37	 4102.53	  950.88	 3151.66	  293.10	 7253.51
16:00:31	 7871.33	 7748.48	  122.85	  201.64	 4102.53	  950.88	 3151.66	  293.12	 7253.71
16:00:33	 7871.33	 7748.14	  123.19	  201.66	 4102.53	  950.88	 3151.66	  293.14	 7253.35
16:00:35	 7871.33	 7748.48	  122.85	  201.69	 4102.53	  950.88	 3151.66	  293.14	 7253.65
16:00:37	 7871.33	 7748.59	  122.75	  201.95	 4102.53	  950.88	 3151.66	  293.17	 7253.46
16:00:39	 7871.33	 7750.59	  120.75	  201.97	 4102.53	  950.88	 3151.66	  293.18	 7255.44
16:00:42	 7871.33	 7749.33	  122.00	  202.25	 4102.53	  950.88	 3151.66	  293.20	 7253.87
16:00:44	 7871.33	 7748.48	  122.85	  202.27	 4102.53	  950.88	 3151.66	  293.22	 7252.99
16:00:46	 7871.33	 7749.07	  122.26	  202.55	 4102.53	  950.88	 3151.66	  293.25	 7253.27
16:00:48	 7871.33	 7749.19	  122.14	  202.57	 4102.53	  950.88	 3151.66	  293.26	 7253.36
16:00:50	 7871.33	 7749.31	  122.02	  202.59	 4102.53	  950.88	 3151.66	  293.29	 7253.43
16:00:52	 7871.33	 7750.78	  120.55	  202.87	 4102.53	  950.88	 3151.66	  293.30	 7254.61
16:00:54	 7871.33	 7749.34	  121.99	  202.89	 4102.53	  950.88	 3151.66	  293.32	 7253.13
16:00:56	 7871.33	 7749.51	  121.82	  203.18	 4102.53	  950.88	 3151.66	  293.33	 7253.00
16:00:58	 7871.33	 7749.80	  121.54	  203.21	 4102.53	  950.88	 3151.66	  293.34	 7253.25
16:01:00	 7871.33	 7749.92	  121.41	  203.23	 4102.53	  950.88	 3151.66	  293.38	 7253.31
16:01:02	 7871.33	 7750.89	  120.45	  203.50	 4102.53	  950.88	 3151.66	  293.39	 7254.00
16:01:04	 7871.33	 7750.42	  120.91	  203.52	 4102.53	  950.88	 3151.66	  293.41	 7253.49
16:01:06	 7871.33	 7750.92	  120.41	  203.82	 4102.53	  950.88	 3151.66	  293.43	 7253.67
16:01:08	 7871.33	 7750.92	  120.41	  203.84	 4102.53	  950.88	 3151.66	  293.44	 7253.64
16:01:10	 7871.33	 7751.16	  120.17	  203.86	 4102.53	  950.88	 3151.66	  293.46	 7253.85
16:01:12	 7871.33	 7754.49	  116.84	  204.13	 4102.53	  950.88	 3151.66	  293.47	 7256.89
16:01:14	 7871.33	 7752.50	  118.83	  204.14	 4102.53	  950.88	 3151.66	  293.49	 7254.87
16:01:16	 7871.33	 7751.39	  119.95	  204.41	 4102.53	  950.88	 3151.66	  293.50	 7253.47
16:01:18	 7871.33	 7751.14	  120.19	  204.43	 4102.53	  950.88	 3151.66	  293.52	 7253.19
16:01:20	 7871.33	 7751.73	  119.60	  204.45	 4102.53	  950.88	 3151.66	  293.54	 7253.74
16:01:22	 7871.33	 7752.10	  119.23	  204.74	 4102.53	  950.88	 3151.66	  293.55	 7253.80
16:01:24	 7871.33	 7751.73	  119.60	  204.76	 4102.53	  950.88	 3151.66	  293.58	 7253.40
16:01:26	 7871.33	 7752.23	  119.10	  205.02	 4102.53	  950.88	 3151.66	  293.60	 7253.61
16:01:28	 7871.33	 7752.23	  119.10	  205.05	 4102.53	  950.88	 3151.66	  293.60	 7253.58
16:01:30	 7871.33	 7752.23	  119.10	  205.08	 4102.53	  950.88	 3151.66	  293.63	 7253.52
16:01:32	 7871.33	 7752.70	  118.63	  205.34	 4102.53	  950.88	 3151.66	  293.65	 7253.72
16:01:34	 7871.33	 7752.36	  118.98	  205.36	 4102.53	  950.88	 3151.66	  293.67	 7253.33
16:01:36	 7871.33	 7752.71	  118.62	  205.63	 4102.53	  950.88	 3151.66	  293.67	 7253.41
16:01:38	 7871.33	 7752.96	  118.37	  205.66	 4102.53	  950.88	 3151.66	  293.68	 7253.62
16:01:40	 7871.33	 7752.98	  118.36	  205.67	 4102.53	  950.88	 3151.66	  293.71	 7253.60
16:01:42	 7871.33	 7753.57	  117.77	  205.94	 4102.53	  950.88	 3151.66	  293.73	 7253.89
16:01:44	 7871.33	 7755.24	  116.09	  205.97	 4102.53	  950.88	 3151.66	  293.74	 7255.53
16:01:46	 7871.33	 7753.32	  118.02	  206.24	 4102.53	  950.88	 3151.66	  293.75	 7253.32
16:01:48	 7871.33	 7753.58	  117.75	  206.25	 4102.53	  950.88	 3151.66	  293.78	 7253.55
16:01:50	 7871.33	 7753.46	  117.87	  206.30	 4102.53	  950.88	 3151.66	  293.79	 7253.37
16:01:52	 7871.33	 7753.91	  117.42	  206.58	 4102.53	  950.88	 3151.66	  293.80	 7253.54
16:01:54	 7871.33	 7753.43	  117.90	  206.63	 4102.53	  950.88	 3151.66	  293.82	 7252.98
16:01:56	 7871.33	 7753.67	  117.66	  206.90	 4102.53	  950.88	 3151.66	  293.84	 7252.93
16:01:58	 7871.33	 7754.32	  117.02	  206.94	 4102.53	  950.88	 3151.66	  293.84	 7253.53
16:02:00	 7871.33	 7753.73	  117.61	  207.01	 4102.53	  950.88	 3151.66	  293.86	 7252.86
16:02:02	 7871.33	 7754.66	  116.68	  207.29	 4102.53	  950.88	 3151.66	  293.88	 7253.49
16:02:04	 7871.33	 7753.91	  117.42	  207.34	 4102.53	  950.88	 3151.66	  293.89	 7252.68
16:02:06	 7871.33	 7754.78	  116.55	  207.63	 4102.53	  950.88	 3151.66	  293.91	 7253.23
16:02:08	 7871.33	 7754.54	  116.80	  207.66	 4102.53	  950.88	 3151.66	  293.92	 7252.96
16:02:10	 7871.33	 7755.03	  116.30	  207.70	 4102.53	  950.88	 3151.66	  293.95	 7253.39
16:02:12	 7871.33	 7755.02	  116.31	  207.98	 4102.53	  950.88	 3151.66	  293.96	 7253.08
16:02:14	 7871.33	 7754.78	  116.55	  208.02	 4102.53	  950.88	 3151.66	  293.96	 7252.80
16:02:16	 7871.33	 7759.48	  111.85	  208.30	 4102.53	  950.88	 3151.66	  294.00	 7257.19
16:02:18	 7871.33	 7755.37	  115.96	  208.32	 4102.53	  950.88	 3151.66	  294.00	 7253.04
16:02:20	 7871.33	 7755.89	  115.44	  208.36	 4102.53	  950.88	 3151.66	  294.02	 7253.51
16:02:22	 7871.33	 7755.75	  115.59	  208.64	 4102.53	  950.88	 3151.66	  294.03	 7253.07
16:02:24	 7871.33	 7755.25	  116.09	  208.68	 4102.53	  950.88	 3151.66	  294.04	 7252.53
16:02:26	 7871.33	 7756.11	  115.22	  208.95	 4102.53	  950.88	 3151.66	  294.08	 7253.08
16:02:28	 7871.33	 7756.46	  114.88	  208.96	 4102.53	  950.88	 3151.66	  294.09	 7253.41
16:02:30	 7871.33	 7756.71	  114.62	  208.98	 4102.53	  950.88	 3151.66	  294.10	 7253.63
16:02:32	 7871.33	 7756.50	  114.83	  209.25	 4102.53	  950.88	 3151.66	  294.12	 7253.14
16:02:34	 7871.33	 7756.47	  114.86	  209.28	 4102.53	  950.88	 3151.66	  294.12	 7253.07
16:02:36	 7871.33	 7756.98	  114.35	  209.54	 4102.53	  950.88	 3151.66	  294.16	 7253.28
16:02:38	 7871.33	 7757.09	  114.25	  209.55	 4102.53	  950.88	 3151.66	  294.17	 7253.36
16:02:40	 7871.33	 7757.31	  114.02	  209.58	 4102.53	  950.88	 3151.66	  294.18	 7253.55
16:02:42	 7871.33	 7756.96	  114.38	  209.84	 4102.53	  950.88	 3151.66	  294.21	 7252.90
16:02:44	 7871.33	 7757.23	  114.10	  209.85	 4102.53	  950.88	 3151.66	  294.22	 7253.16
16:02:46	 7871.33	 7757.97	  113.36	  210.13	 4102.53	  950.88	 3151.66	  294.25	 7253.59
16:02:48	 7871.33	 7748.24	  123.09	  200.71	 4102.53	  950.88	 3151.66	  294.29	 7253.24
16:02:50	 7871.33	 7748.62	  122.71	  200.73	 4102.53	  950.88	 3151.66	  294.19	 7253.70
16:02:52	 7871.33	 7747.77	  123.56	  201.00	 4102.53	  950.88	 3151.66	  294.23	 7252.54
16:02:54	 7871.33	 7748.39	  122.94	  201.03	 4102.53	  950.88	 3151.66	  294.23	 7253.13
16:02:56	 7871.33	 7749.14	  122.19	  201.30	 4102.53	  950.88	 3151.66	  294.25	 7253.59
16:02:58	 7871.33	 7752.63	  118.70	  201.33	 4102.53	  950.88	 3151.66	  294.25	 7257.06
16:03:00	 7871.33	 7749.59	  121.75	  201.36	 4102.53	  950.88	 3151.66	  294.27	 7253.95
16:03:02	 7871.33	 7748.96	  122.37	  201.62	 4102.53	  950.88	 3151.66	  294.31	 7253.04
16:03:04	 7871.33	 7749.46	  121.87	  201.65	 4102.53	  950.88	 3151.66	  294.32	 7253.50
16:03:06	 7871.33	 7749.71	  121.62	  201.92	 4102.53	  950.88	 3151.66	  294.34	 7253.45
16:03:08	 7871.33	 7750.07	  121.26	  201.94	 4102.53	  950.88	 3151.66	  294.35	 7253.78
16:03:10	 7871.33	 7750.09	  121.25	  201.95	 4102.53	  950.88	 3151.66	  294.38	 7253.75
16:03:12	 7871.33	 7749.71	  121.62	  202.23	 4102.53	  950.88	 3151.66	  294.41	 7253.06
16:03:14	 7871.33	 7750.08	  121.25	  202.26	 4102.53	  950.88	 3151.66	  294.40	 7253.41
16:03:16	 7871.33	 7751.42	  119.91	  202.53	 4102.53	  950.88	 3151.66	  294.44	 7254.45
16:03:18	 7871.33	 7750.47	  120.86	  202.55	 4102.53	  950.88	 3151.66	  294.46	 7253.46
16:03:20	 7871.33	 7750.69	  120.64	  202.59	 4102.53	  950.88	 3151.66	  294.45	 7253.66
16:03:22	 7871.33	 7750.69	  120.64	  202.89	 4102.53	  950.88	 3151.66	  294.46	 7253.34
16:03:24	 7871.33	 7750.94	  120.39	  202.92	 4102.53	  950.88	 3151.66	  294.50	 7253.53
16:03:27	 7871.33	 7751.17	  120.16	  203.22	 4102.53	  950.88	 3151.66	  294.50	 7253.45
16:03:29	 7871.33	 7752.65	  118.68	  203.26	 4102.53	  950.88	 3151.66	  294.52	 7254.87
16:03:31	 7871.33	 7754.86	  116.48	  203.57	 4102.53	  950.88	 3151.66	  294.57	 7256.71
16:03:33	 7871.33	 7751.30	  120.04	  203.61	 4102.53	  950.88	 3151.66	  294.59	 7253.10
16:03:35	 7871.33	 7751.51	  119.82	  203.63	 4102.53	  950.88	 3151.66	  294.60	 7253.28
16:03:37	 7871.33	 7752.14	  119.20	  203.91	 4102.53	  950.88	 3151.66	  294.61	 7253.62
16:03:39	 7871.33	 7752.36	  118.98	  203.97	 4102.53	  950.88	 3151.66	  294.62	 7253.77
16:03:41	 7871.33	 7752.73	  118.60	  204.26	 4102.53	  950.88	 3151.66	  294.64	 7253.84
16:03:43	 7871.33	 7752.13	  119.20	  204.29	 4102.53	  950.88	 3151.66	  294.65	 7253.19
16:03:45	 7871.33	 7751.89	  119.45	  204.32	 4102.53	  950.88	 3151.66	  294.68	 7252.89
16:03:47	 7871.33	 7752.48	  118.86	  204.61	 4102.53	  950.88	 3151.66	  294.69	 7253.18
16:03:49	 7871.33	 7752.48	  118.86	  204.62	 4102.53	  950.88	 3151.66	  294.70	 7253.15
16:03:51	 7871.33	 7752.96	  118.37	  204.89	 4102.53	  950.88	 3151.66	  294.72	 7253.35
16:03:53	 7871.33	 7752.75	  118.58	  204.92	 4102.53	  950.88	 3151.66	  294.74	 7253.09
16:03:55	 7871.33	 7752.75	  118.58	  204.95	 4102.53	  950.88	 3151.66	  294.75	 7253.05
16:03:57	 7871.33	 7753.36	  117.98	  205.23	 4102.53	  950.88	 3151.66	  294.76	 7253.36
16:03:59	 7871.33	 7753.32	  118.01	  205.26	 4102.53	  950.88	 3151.66	  294.78	 7253.29
16:04:01	 7871.33	 7755.80	  115.53	  205.55	 4102.53	  950.88	 3151.66	  294.79	 7255.46
16:04:03	 7871.33	 7758.52	  112.81	  205.58	 4102.53	  950.88	 3151.66	  294.82	 7258.12
16:04:05	 7871.33	 7753.58	  117.75	  205.59	 4102.53	  950.88	 3151.66	  294.83	 7253.16
16:04:07	 7871.33	 7754.32	  117.01	  205.87	 4102.53	  950.88	 3151.66	  294.86	 7253.60
16:04:09	 7871.33	 7754.32	  117.01	  205.89	 4102.53	  950.88	 3151.66	  294.88	 7253.56
16:04:11	 7871.33	 7754.66	  116.68	  206.16	 4102.53	  950.88	 3151.66	  294.89	 7253.61
16:04:13	 7871.33	 7754.41	  116.92	  206.18	 4102.53	  950.88	 3151.66	  294.91	 7253.32
16:04:15	 7871.33	 7754.92	  116.41	  206.21	 4102.53	  950.88	 3151.66	  294.92	 7253.79
16:04:17	 7871.33	 7755.29	  116.05	  206.50	 4102.53	  950.88	 3151.66	  294.94	 7253.85
16:04:19	 7871.33	 7755.29	  116.05	  206.51	 4102.53	  950.88	 3151.66	  294.95	 7253.82
16:04:21	 7871.33	 7755.65	  115.68	  206.78	 4102.53	  950.88	 3151.66	  294.98	 7253.89
16:04:23	 7871.33	 7755.04	  116.29	  206.82	 4102.53	  950.88	 3151.66	  295.00	 7253.23
16:04:25	 7871.33	 7757.71	  113.62	  206.82	 4102.53	  950.88	 3151.66	  295.02	 7255.87
16:04:27	 7871.33	 7755.78	  115.55	  207.11	 4102.53	  950.88	 3151.66	  295.03	 7253.64
16:04:29	 7871.33	 7755.90	  115.43	  207.12	 4102.53	  950.88	 3151.66	  295.05	 7253.73
16:04:31	 7871.33	 7756.14	  115.19	  207.39	 4102.53	  950.88	 3151.66	  295.07	 7253.68
16:04:33	 7871.33	 7755.76	  115.57	  207.44	 4102.53	  950.88	 3151.66	  295.09	 7253.24
16:04:35	 7871.33	 7758.23	  113.10	  207.45	 4102.53	  950.88	 3151.66	  295.10	 7255.68
16:04:37	 7871.33	 7756.25	  115.09	  207.71	 4102.53	  950.88	 3151.66	  295.13	 7253.41
16:04:39	 7871.33	 7756.75	  114.59	  207.74	 4102.53	  950.88	 3151.66	  295.13	 7253.87
16:04:41	 7871.33	 7756.87	  114.46	  208.03	 4102.53	  950.88	 3151.66	  295.14	 7253.69
16:04:43	 7871.33	 7756.26	  115.07	  208.04	 4102.53	  950.88	 3151.66	  295.17	 7253.05
16:04:45	 7871.33	 7756.73	  114.60	  208.07	 4102.53	  950.88	 3151.66	  295.18	 7253.48
16:04:47	 7871.33	 7756.97	  114.36	  208.35	 4102.53	  950.88	 3151.66	  295.20	 7253.42
16:04:49	 7871.33	 7759.95	  111.38	  208.36	 4102.53	  950.88	 3151.66	  295.23	 7256.36
16:04:51	 7871.33	 7757.74	  113.59	  208.64	 4102.53	  950.88	 3151.66	  295.23	 7253.86
16:04:53	 7871.33	 7757.13	  114.20	  208.66	 4102.53	  950.88	 3151.66	  295.26	 7253.21
16:04:55	 7871.33	 7757.26	  114.07	  208.75	 4102.53	  950.88	 3151.66	  295.28	 7253.23
16:04:57	 7871.33	 7748.01	  123.32	  199.50	 4102.53	  950.88	 3151.66	  295.07	 7253.44
16:04:59	 7871.33	 7748.25	  123.09	  199.56	 4102.53	  950.88	 3151.66	  295.07	 7253.61
16:05:01	 7871.33	 7748.40	  122.93	  199.85	 4102.53	  950.88	 3151.66	  295.09	 7253.46
16:05:03	 7871.33	 7748.27	  123.06	  199.89	 4102.53	  950.88	 3151.66	  295.11	 7253.27
16:05:05	 7871.33	 7748.38	  122.95	  199.91	 4102.53	  950.88	 3151.66	  295.13	 7253.34
16:05:07	 7871.33	 7751.98	  119.35	  200.21	 4102.53	  950.88	 3151.66	  295.14	 7256.62
16:05:09	 7871.33	 7748.75	  122.59	  200.23	 4102.53	  950.88	 3151.66	  295.17	 7253.34
16:05:11	 7871.33	 7749.23	  122.10	  200.54	 4102.53	  950.88	 3151.66	  295.18	 7253.51
16:05:13	 7871.33	 7748.88	  122.45	  200.59	 4102.53	  950.88	 3151.66	  295.20	 7253.10
16:05:15	 7871.33	 7749.25	  122.09	  200.60	 4102.53	  950.88	 3151.66	  295.22	 7253.43
16:05:17	 7871.33	 7749.46	  121.88	  200.90	 4102.53	  950.88	 3151.66	  295.22	 7253.34
16:05:19	 7871.33	 7749.58	  121.75	  200.91	 4102.53	  950.88	 3151.66	  295.24	 7253.42
16:05:21	 7871.33	 7750.06	  121.27	  201.21	 4102.53	  950.88	 3151.66	  295.24	 7253.61
16:05:23	 7871.33	 7752.59	  118.74	  201.27	 4102.53	  950.88	 3151.66	  295.27	 7256.05
16:05:25	 7871.33	 7749.84	  121.49	  201.30	 4102.53	  950.88	 3151.66	  295.29	 7253.26
16:05:27	 7871.33	 7750.09	  121.25	  201.58	 4102.53	  950.88	 3151.66	  295.31	 7253.20
16:05:29	 7871.33	 7750.30	  121.04	  201.63	 4102.53	  950.88	 3151.66	  295.32	 7253.34
16:05:31	 7871.33	 7750.90	  120.43	  201.93	 4102.53	  950.88	 3151.66	  295.34	 7253.63
16:05:33	 7871.33	 7750.18	  121.16	  201.97	 4102.53	  950.88	 3151.66	  295.35	 7252.86
16:05:35	 7871.33	 7750.31	  121.02	  202.03	 4102.53	  950.88	 3151.66	  295.37	 7252.92
16:05:37	 7871.33	 7750.80	  120.54	  202.33	 4102.53	  950.88	 3151.66	  295.37	 7253.10
16:05:39	 7871.33	 7754.12	  117.21	  202.39	 4102.53	  950.88	 3151.66	  295.40	 7256.33
16:05:41	 7871.33	 7751.63	  119.70	  202.68	 4102.53	  950.88	 3151.66	  295.43	 7253.52
16:05:43	 7871.33	 7751.02	  120.31	  202.70	 4102.53	  950.88	 3151.66	  295.44	 7252.88
16:05:45	 7871.33	 7750.43	  120.90	  202.73	 4102.53	  950.88	 3151.66	  295.44	 7252.26
16:05:47	 7871.33	 7751.04	  120.29	  203.03	 4102.53	  950.88	 3151.66	  295.47	 7252.54
16:05:49	 7871.33	 7751.52	  119.81	  203.05	 4102.53	  950.88	 3151.66	  295.48	 7253.00
16:05:51	 7871.33	 7751.89	  119.45	  203.33	 4102.53	  950.88	 3151.66	  295.49	 7253.06
16:05:53	 7871.33	 7751.99	  119.34	  203.38	 4102.53	  950.88	 3151.66	  295.51	 7253.10
16:05:55	 7871.33	 7751.87	  119.46	  203.42	 4102.53	  950.88	 3151.66	  295.51	 7252.94
16:05:57	 7871.33	 7753.77	  117.56	  203.70	 4102.53	  950.88	 3151.66	  295.54	 7254.54
16:05:59	 7871.33	 7752.62	  118.71	  203.74	 4102.53	  950.88	 3151.66	  295.55	 7253.33
16:06:01	 7871.33	 7752.50	  118.83	  204.02	 4102.53	  950.88	 3151.66	  295.58	 7252.90
16:06:03	 7871.33	 7752.50	  118.83	  204.09	 4102.53	  950.88	 3151.66	  295.57	 7252.83
16:06:05	 7871.33	 7752.49	  118.84	  204.12	 4102.53	  950.88	 3151.66	  295.60	 7252.77
16:06:07	 7871.33	 7752.85	  118.48	  204.42	 4102.53	  950.88	 3151.66	  295.61	 7252.81
16:06:09	 7871.33	 7753.83	  117.50	  204.56	 4102.53	  950.88	 3151.66	  295.63	 7253.64
16:06:11	 7871.33	 7754.10	  117.23	  204.85	 4102.53	  950.88	 3151.66	  295.63	 7253.62
16:06:13	 7871.33	 7753.35	  117.98	  204.88	 4102.53	  950.88	 3151.66	  295.68	 7252.79
16:06:15	 7871.33	 7753.84	  117.49	  204.90	 4102.53	  950.88	 3151.66	  295.68	 7253.25
16:06:17	 7871.33	 7754.06	  117.27	  205.20	 4102.53	  950.88	 3151.66	  295.70	 7253.16
16:06:19	 7871.33	 7754.30	  117.03	  205.22	 4102.53	  950.88	 3151.66	  295.73	 7253.35
16:06:22	 7871.33	 7757.30	  114.03	  205.48	 4102.53	  950.88	 3151.66	  295.74	 7256.07
16:06:24	 7871.33	 7754.20	  117.14	  205.52	 4102.53	  950.88	 3151.66	  295.78	 7252.89
16:06:26	 7871.33	 7754.44	  116.89	  205.81	 4102.53	  950.88	 3151.66	  295.79	 7252.84
16:06:28	 7871.33	 7754.79	  116.55	  205.85	 4102.53	  950.88	 3151.66	  295.81	 7253.13
16:06:30	 7871.33	 7754.91	  116.43	  205.90	 4102.53	  950.88	 3151.66	  295.82	 7253.18
16:06:32	 7871.33	 7756.39	  114.94	  206.17	 4102.53	  950.88	 3151.66	  295.85	 7254.37
16:06:34	 7871.33	 7745.98	  125.36	  196.95	 4102.53	  950.88	 3151.66	  295.87	 7253.16
16:06:36	 7871.33	 7746.10	  125.23	  197.24	 4102.53	  950.88	 3151.66	  295.87	 7252.98
16:06:38	 7871.33	 7746.59	  124.74	  197.26	 4102.53	  950.88	 3151.66	  295.88	 7253.45
16:06:40	 7871.33	 7746.95	  124.39	  197.27	 4102.53	  950.88	 3151.66	  295.90	 7253.78
16:06:42	 7871.33	 7746.95	  124.39	  197.57	 4102.53	  950.88	 3151.66	  295.92	 7253.46
16:06:44	 7871.33	 7749.70	  121.64	  197.62	 4102.53	  950.88	 3151.66	  295.94	 7256.13
16:06:46	 7871.33	 7747.34	  123.99	  197.92	 4102.53	  950.88	 3151.66	  295.96	 7253.46
16:06:48	 7871.33	 7747.22	  124.11	  197.94	 4102.53	  950.88	 3151.66	  295.97	 7253.31
16:06:50	 7871.33	 7747.58	  123.75	  197.97	 4102.53	  950.88	 3151.66	  296.00	 7253.61
16:06:52	 7871.33	 7748.39	  122.94	  198.24	 4102.53	  950.88	 3151.66	  296.01	 7254.14
16:06:54	 7871.33	 7748.07	  123.27	  198.26	 4102.53	  950.88	 3151.66	  296.03	 7253.77
16:06:56	 7871.33	 7748.19	  123.14	  198.54	 4102.53	  950.88	 3151.66	  296.05	 7253.59
16:06:58	 7871.33	 7748.28	  123.05	  198.57	 4102.53	  950.88	 3151.66	  296.07	 7253.64
16:07:00	 7871.33	 7748.52	  122.81	  198.60	 4102.53	  950.88	 3151.66	  296.09	 7253.83
16:07:02	 7871.33	 7748.88	  122.45	  198.88	 4102.53	  950.88	 3151.66	  296.11	 7253.89
16:07:04	 7871.33	 7749.63	  121.70	  198.89	 4102.53	  950.88	 3151.66	  296.12	 7254.62
16:07:06	 7871.33	 7748.88	  122.45	  199.17	 4102.53	  950.88	 3151.66	  296.14	 7253.57
16:07:08	 7871.33	 7750.35	  120.98	  199.21	 4102.53	  950.88	 3151.66	  296.16	 7254.98
16:07:10	 7871.33	 7749.37	  121.96	  199.23	 4102.53	  950.88	 3151.66	  296.18	 7253.96
16:07:12	 7871.33	 7749.73	  121.60	  199.50	 4102.53	  950.88	 3151.66	  296.18	 7254.04
16:07:14	 7871.33	 7748.76	  122.57	  199.54	 4102.53	  950.88	 3151.66	  296.20	 7253.02
16:07:16	 7871.33	 7749.59	  121.74	  199.80	 4102.53	  950.88	 3151.66	  296.21	 7253.57
16:07:18	 7871.33	 7749.61	  121.72	  199.86	 4102.53	  950.88	 3151.66	  296.23	 7253.53
16:07:20	 7871.33	 7749.79	  121.55	  199.89	 4102.53	  950.88	 3151.66	  296.25	 7253.64
16:07:22	 7871.33	 7750.23	  121.10	  200.20	 4102.53	  950.88	 3151.66	  296.25	 7253.78
16:07:24	 7871.33	 7749.73	  121.60	  200.21	 4102.53	  950.88	 3151.66	  296.29	 7253.23
16:07:26	 7871.33	 7752.33	  119.00	  200.48	 4102.53	  950.88	 3151.66	  296.30	 7255.55
16:07:28	 7871.33	 7750.21	  121.12	  200.49	 4102.53	  950.88	 3151.66	  296.32	 7253.40
16:07:30	 7871.33	 7750.09	  121.25	  200.54	 4102.53	  950.88	 3151.66	  296.33	 7253.21
16:07:32	 7871.33	 7750.96	  120.37	  200.83	 4102.53	  950.88	 3151.66	  296.36	 7253.78
16:07:34	 7871.33	 7750.47	  120.86	  200.88	 4102.53	  950.88	 3151.66	  296.38	 7253.22
16:07:36	 7871.33	 7750.80	  120.53	  201.17	 4102.53	  950.88	 3151.66	  296.39	 7253.25
16:07:38	 7871.33	 7750.93	  120.41	  201.22	 4102.53	  950.88	 3151.66	  296.41	 7253.30
16:07:40	 7871.33	 7751.05	  120.29	  201.24	 4102.53	  950.88	 3151.66	  296.42	 7253.38
16:07:42	 7871.33	 7751.66	  119.67	  201.54	 4102.53	  950.88	 3151.66	  296.43	 7253.69
16:07:44	 7871.33	 7750.94	  120.39	  201.55	 4102.53	  950.88	 3151.66	  296.46	 7252.93
16:07:46	 7871.33	 7751.30	  120.03	  201.82	 4102.53	  950.88	 3151.66	  296.48	 7253.00
16:07:48	 7871.33	 7751.43	  119.90	  201.85	 4102.53	  950.88	 3151.66	  296.49	 7253.09
16:07:50	 7871.33	 7751.89	  119.44	  201.86	 4102.53	  950.88	 3151.66	  296.51	 7253.53
16:07:52	 7871.33	 7752.26	  119.07	  202.13	 4102.53	  950.88	 3151.66	  296.51	 7253.62
16:07:54	 7871.33	 7752.65	  118.68	  202.16	 4102.53	  950.88	 3151.66	  296.53	 7253.96
16:07:56	 7871.33	 7752.52	  118.82	  202.44	 4102.53	  950.88	 3151.66	  296.55	 7253.53
16:07:58	 7871.33	 7755.99	  115.34	  202.45	 4102.53	  950.88	 3151.66	  296.57	 7256.97
16:08:00	 7871.33	 7752.74	  118.59	  202.48	 4102.53	  950.88	 3151.66	  296.59	 7253.68
16:08:02	 7871.33	 7752.74	  118.59	  202.77	 4102.53	  950.88	 3151.66	  296.59	 7253.38
16:08:04	 7871.33	 7752.26	  119.07	  202.82	 4102.53	  950.88	 3151.66	  296.60	 7252.84
16:08:06	 7871.33	 7756.02	  115.32	  203.15	 4102.53	  950.88	 3151.66	  296.61	 7256.25
16:08:08	 7871.33	 7753.28	  118.05	  203.19	 4102.53	  950.88	 3151.66	  296.64	 7253.45
16:08:10	 7871.33	 7753.51	  117.82	  203.21	 4102.53	  950.88	 3151.66	  296.67	 7253.63
16:08:12	 7871.33	 7753.14	  118.20	  203.50	 4102.53	  950.88	 3151.66	  296.66	 7252.98
16:08:14	 7871.33	 7753.37	  117.96	  203.55	 4102.53	  950.88	 3151.66	  296.68	 7253.14
16:08:16	 7871.33	 7753.84	  117.49	  203.84	 4102.53	  950.88	 3151.66	  296.71	 7253.30
16:08:18	 7871.33	 7754.14	  117.19	  203.88	 4102.53	  950.88	 3151.66	  296.72	 7253.55
16:08:20	 7871.33	 7754.48	  116.86	  203.91	 4102.53	  950.88	 3151.66	  296.74	 7253.83
16:08:22	 7871.33	 7754.23	  117.10	  204.20	 4102.53	  950.88	 3151.66	  296.75	 7253.29
16:08:24	 7871.33	 7753.85	  117.48	  204.24	 4102.53	  950.88	 3151.66	  296.77	 7252.84
16:08:26	 7871.33	 7754.57	  116.77	  204.53	 4102.53	  950.88	 3151.66	  296.79	 7253.24
16:08:28	 7871.33	 7754.57	  116.77	  204.56	 4102.53	  950.88	 3151.66	  296.80	 7253.21
16:08:30	 7871.33	 7755.36	  115.98	  204.62	 4102.53	  950.88	 3151.66	  296.81	 7253.92
16:08:32	 7871.33	 7754.82	  116.51	  204.91	 4102.53	  950.88	 3151.66	  296.84	 7253.07
16:08:34	 7871.33	 7754.95	  116.39	  204.96	 4102.53	  950.88	 3151.66	  296.83	 7253.16
16:08:36	 7871.33	 7755.16	  116.17	  205.24	 4102.53	  950.88	 3151.66	  296.88	 7253.05
16:08:38	 7871.33	 7755.41	  115.93	  205.25	 4102.53	  950.88	 3151.66	  296.89	 7253.26
16:08:40	 7871.33	 7758.92	  112.41	  205.30	 4102.53	  950.88	 3151.66	  296.87	 7256.75
16:08:42	 7871.33	 7744.42	  126.91	  194.68	 4102.53	  950.88	 3151.66	  296.65	 7253.09
16:08:44	 7871.33	 7744.95	  126.39	  194.72	 4102.53	  950.88	 3151.66	  297.02	 7253.20
16:08:46	 7871.33	 7745.27	  126.06	  195.00	 4102.53	  950.88	 3151.66	  297.05	 7253.22
16:08:48	 7871.33	 7745.24	  126.09	  195.01	 4102.53	  950.88	 3151.66	  297.06	 7253.17
16:08:50	 7871.33	 7745.50	  125.83	  195.04	 4102.53	  950.88	 3151.66	  297.06	 7253.41
16:08:52	 7871.33	 7743.84	  127.49	  195.34	 4102.53	  950.88	 3151.66	  297.07	 7251.43
16:08:54	 7871.33	 7743.11	  128.22	  195.36	 4102.53	  950.88	 3151.66	  297.13	 7250.63
16:08:56	 7871.33	 7743.57	  127.77	  195.62	 4102.53	  950.88	 3151.66	  297.13	 7250.81
16:08:58	 7871.33	 7743.69	  127.64	  195.66	 4102.53	  950.88	 3151.66	  297.16	 7250.87
16:09:00	 7871.33	 7743.80	  127.53	  195.68	 4102.53	  950.88	 3151.66	  297.19	 7250.94
16:09:02	 7871.33	 7746.57	  124.76	  195.94	 4102.53	  950.88	 3151.66	  297.18	 7253.45
16:09:04	 7871.33	 7743.84	  127.49	  195.96	 4102.53	  950.88	 3151.66	  297.20	 7250.67
16:09:06	 7871.33	 7744.23	  127.10	  196.23	 4102.53	  950.88	 3151.66	  297.23	 7250.77
16:09:08	 7871.33	 7743.71	  127.62	  196.27	 4102.53	  950.88	 3151.66	  297.23	 7250.21
16:09:10	 7871.33	 7744.85	  126.48	  196.30	 4102.53	  950.88	 3151.66	  297.25	 7251.30
16:09:13	 7871.33	 7745.25	  126.08	  196.57	 4102.53	  950.88	 3151.66	  297.27	 7251.41
16:09:15	 7871.33	 7746.23	  125.10	  196.61	 4102.53	  950.88	 3151.66	  297.32	 7252.31
16:09:17	 7871.33	 7745.51	  125.82	  196.89	 4102.53	  950.88	 3151.66	  297.32	 7251.30
16:09:19	 7871.33	 7745.87	  125.46	  196.92	 4102.53	  950.88	 3151.66	  297.34	 7251.61
16:09:21	 7871.33	 7746.08	  125.25	  197.21	 4102.53	  950.88	 3151.66	  297.36	 7251.51
16:09:23	 7871.33	 7745.84	  125.49	  197.23	 4102.53	  950.88	 3151.66	  297.38	 7251.22
16:09:25	 7871.33	 7746.22	  125.11	  197.25	 4102.53	  950.88	 3151.66	  297.39	 7251.57
16:09:27	 7871.33	 7746.97	  124.36	  197.52	 4102.53	  950.88	 3151.66	  297.41	 7252.03
16:09:29	 7871.33	 7747.21	  124.12	  197.54	 4102.53	  950.88	 3151.66	  297.43	 7252.25
16:09:31	 7871.33	 7747.45	  123.88	  197.81	 4102.53	  950.88	 3151.66	  297.45	 7252.20
16:09:33	 7871.33	 7747.07	  124.27	  197.83	 4102.53	  950.88	 3151.66	  297.46	 7251.77
16:09:35	 7871.33	 7747.61	  123.73	  197.87	 4102.53	  950.88	 3151.66	  297.48	 7252.26
16:09:37	 7871.33	 7748.23	  123.11	  198.14	 4102.53	  950.88	 3151.66	  297.50	 7252.59
16:09:39	 7871.33	 7747.95	  123.38	  198.15	 4102.53	  950.88	 3151.66	  297.52	 7252.29
16:09:41	 7871.33	 7748.56	  122.77	  198.44	 4102.53	  950.88	 3151.66	  297.53	 7252.59
16:09:43	 7871.33	 7747.73	  123.60	  198.47	 4102.53	  950.88	 3151.66	  297.53	 7251.73
16:09:45	 7871.33	 7749.66	  121.67	  198.51	 4102.53	  950.88	 3151.66	  297.55	 7253.60
16:09:47	 7871.33	 7748.54	  122.80	  198.79	 4102.53	  950.88	 3151.66	  297.58	 7252.17
16:09:49	 7871.33	 7748.70	  122.64	  198.82	 4102.53	  950.88	 3151.66	  297.59	 7252.29
16:09:51	 7871.33	 7748.80	  122.53	  199.12	 4102.53	  950.88	 3151.66	  297.60	 7252.08
16:09:53	 7871.33	 7748.70	  122.64	  199.15	 4102.53	  950.88	 3151.66	  297.62	 7251.92
16:09:55	 7871.33	 7748.80	  122.53	  199.20	 4102.53	  950.88	 3151.66	  297.63	 7251.97
16:09:57	 7871.33	 7749.01	  122.32	  199.48	 4102.53	  950.88	 3151.66	  297.66	 7251.86
16:09:59	 7871.33	 7749.54	  121.79	  199.52	 4102.53	  950.88	 3151.66	  297.67	 7252.36
16:10:01	 7871.33	 7749.66	  121.68	  199.80	 4102.53	  950.88	 3151.66	  297.68	 7252.18
16:10:03	 7871.33	 7749.17	  122.16	  199.85	 4102.53	  950.88	 3151.66	  297.70	 7251.62
16:10:05	 7871.33	 7749.38	  121.95	  199.88	 4102.53	  950.88	 3151.66	  297.73	 7251.78
16:10:07	 7871.33	 7749.36	  121.98	  200.16	 4102.53	  950.88	 3151.66	  297.74	 7251.46
16:10:09	 7871.33	 7749.51	  121.82	  200.17	 4102.53	  950.88	 3151.66	  297.76	 7251.58
16:10:11	 7871.33	 7750.12	  121.21	  200.46	 4102.53	  950.88	 3151.66	  297.78	 7251.88
16:10:13	 7871.33	 7749.63	  121.70	  200.50	 4102.53	  950.88	 3151.66	  297.80	 7251.34
16:10:15	 7871.33	 7750.25	  121.09	  200.52	 4102.53	  950.88	 3151.66	  297.80	 7251.93
16:10:17	 7871.33	 7755.27	  116.06	  200.80	 4102.53	  950.88	 3151.66	  297.82	 7256.64
16:10:19	 7871.33	 7750.95	  120.38	  200.82	 4102.53	  950.88	 3151.66	  297.86	 7252.28
16:10:21	 7871.33	 7751.49	  119.84	  201.10	 4102.53	  950.88	 3151.66	  297.86	 7252.53
16:10:23	 7871.33	 7750.75	  120.58	  201.14	 4102.53	  950.88	 3151.66	  297.87	 7251.74
16:10:25	 7871.33	 7751.10	  120.23	  201.14	 4102.53	  950.88	 3151.66	  297.89	 7252.06
16:10:27	 7871.33	 7751.23	  120.10	  201.43	 4102.53	  950.88	 3151.66	  297.89	 7251.91
16:10:29	 7871.33	 7751.55	  119.78	  201.43	 4102.53	  950.88	 3151.66	  297.96	 7252.16
16:10:31	 7871.33	 7752.05	  119.28	  201.70	 4102.53	  950.88	 3151.66	  297.96	 7252.39
16:10:33	 7871.33	 7751.61	  119.72	  201.72	 4102.53	  950.88	 3151.66	  297.98	 7251.91
16:10:35	 7871.33	 7751.83	  119.50	  201.73	 4102.53	  950.88	 3151.66	  298.01	 7252.09
16:10:37	 7871.33	 7751.70	  119.63	  202.00	 4102.53	  950.88	 3151.66	  298.01	 7251.69
16:10:39	 7871.33	 7752.30	  119.04	  202.03	 4102.53	  950.88	 3151.66	  298.03	 7252.24
16:10:41	 7871.33	 7752.52	  118.82	  202.30	 4102.53	  950.88	 3151.66	  298.05	 7252.16
16:10:43	 7871.33	 7754.02	  117.31	  202.33	 4102.53	  950.88	 3151.66	  298.07	 7253.62
16:10:45	 7871.33	 7753.29	  118.04	  202.36	 4102.53	  950.88	 3151.66	  298.09	 7252.84
16:10:47	 7871.33	 7753.65	  117.68	  202.63	 4102.53	  950.88	 3151.66	  298.09	 7252.93
16:10:49	 7871.33	 7755.30	  116.03	  202.64	 4102.53	  950.88	 3151.66	  298.12	 7254.54
16:10:51	 7871.33	 7754.10	  117.23	  202.91	 4102.53	  950.88	 3151.66	  298.12	 7253.06
16:10:53	 7871.33	 7753.49	  117.84	  202.94	 4102.53	  950.88	 3151.66	  298.15	 7252.40
16:10:55	 7871.33	 7753.77	  117.56	  202.95	 4102.53	  950.88	 3151.66	  298.17	 7252.66
16:10:57	 7871.33	 7753.99	  117.34	  203.22	 4102.53	  950.88	 3151.66	  298.19	 7252.59
16:10:59	 7871.33	 7754.01	  117.32	  203.24	 4102.53	  950.88	 3151.66	  298.20	 7252.57
16:11:01	 7871.33	 7754.25	  117.08	  203.52	 4102.53	  950.88	 3151.66	  298.22	 7252.51
16:11:03	 7871.33	 7754.22	  117.11	  203.55	 4102.53	  950.88	 3151.66	  298.23	 7252.44
16:11:05	 7871.33	 7754.24	  117.09	  203.55	 4102.53	  950.88	 3151.66	  298.24	 7252.45
16:11:07	 7871.33	 7754.61	  116.73	  203.84	 4102.53	  950.88	 3151.66	  298.27	 7252.50
16:11:09	 7871.33	 7754.73	  116.61	  203.87	 4102.53	  950.88	 3151.66	  298.28	 7252.58
16:11:11	 7871.33	 7755.20	  116.14	  204.13	 4102.53	  950.88	 3151.66	  298.32	 7252.75
16:11:13	 7871.33	 7754.71	  116.62	  204.16	 4102.53	  950.88	 3151.66	  298.32	 7252.22
16:11:15	 7871.33	 7754.70	  116.63	  204.17	 4102.53	  950.88	 3151.66	  298.34	 7252.19
16:11:17	 7871.33	 7756.18	  115.15	  204.46	 4102.53	  950.88	 3151.66	  298.36	 7253.35
16:11:19	 7871.33	 7755.32	  116.01	  204.50	 4102.53	  950.88	 3151.66	  298.38	 7252.44
16:11:21	 7871.33	 7758.32	  113.02	  204.79	 4102.53	  950.88	 3151.66	  298.37	 7255.15
16:11:23	 7871.33	 7755.31	  116.02	  204.82	 4102.53	  950.88	 3151.66	  298.39	 7252.09
16:11:25	 7871.33	 7755.67	  115.66	  204.86	 4102.53	  950.88	 3151.66	  298.42	 7252.40
16:11:27	 7871.33	 7755.93	  115.40	  205.15	 4102.53	  950.88	 3151.66	  298.44	 7252.34
16:11:29	 7871.33	 7756.05	  115.28	  205.16	 4102.53	  950.88	 3151.66	  298.45	 7252.44
16:11:31	 7871.33	 7756.19	  115.14	  205.43	 4102.53	  950.88	 3151.66	  298.47	 7252.28
16:11:33	 7871.33	 7755.69	  115.64	  205.46	 4102.53	  950.88	 3151.66	  298.49	 7251.73
16:11:35	 7871.33	 7756.04	  115.30	  205.48	 4102.53	  950.88	 3151.66	  298.51	 7252.04
16:11:37	 7871.33	 7756.42	  114.91	  205.76	 4102.53	  950.88	 3151.66	  298.52	 7252.14
16:11:39	 7871.33	 7756.63	  114.70	  205.82	 4102.53	  950.88	 3151.66	  298.54	 7252.28
16:11:41	 7871.33	 7756.79	  114.55	  206.09	 4102.53	  950.88	 3151.66	  298.56	 7252.14
16:11:43	 7871.33	 7756.78	  114.55	  206.12	 4102.53	  950.88	 3151.66	  298.55	 7252.10
16:11:45	 7871.33	 7756.57	  114.77	  206.18	 4102.53	  950.88	 3151.66	  298.57	 7251.81
16:11:47	 7871.33	 7757.50	  113.84	  206.46	 4102.53	  950.88	 3151.66	  298.61	 7252.43
16:11:49	 7871.33	 7757.61	  113.72	  206.48	 4102.53	  950.88	 3151.66	  298.63	 7252.49
16:11:51	 7871.33	 7759.09	  112.25	  206.77	 4102.53	  950.88	 3151.66	  298.62	 7253.69
16:11:54	 7871.33	 7760.65	  110.68	  206.78	 4102.53	  950.88	 3151.66	  298.66	 7255.21
16:11:56	 7871.33	 7748.17	  123.16	  197.55	 4102.53	  950.88	 3151.66	  298.46	 7252.16
16:11:58	 7871.33	 7748.40	  122.93	  197.57	 4102.53	  950.88	 3151.66	  298.48	 7252.34
16:12:00	 7871.33	 7748.28	  123.05	  197.61	 4102.53	  950.88	 3151.66	  298.50	 7252.16
16:12:02	 7871.33	 7748.76	  122.57	  197.91	 4102.53	  950.88	 3151.66	  298.51	 7252.34
16:12:04	 7871.33	 7748.29	  123.04	  197.96	 4102.53	  950.88	 3151.66	  298.53	 7251.80
16:12:06	 7871.33	 7748.66	  122.68	  198.25	 4102.53	  950.88	 3151.66	  298.55	 7251.86
16:12:08	 7871.33	 7748.54	  122.80	  198.29	 4102.53	  950.88	 3151.66	  298.57	 7251.68
16:12:10	 7871.33	 7748.52	  122.81	  198.34	 4102.53	  950.88	 3151.66	  298.57	 7251.61
16:12:12	 7871.33	 7748.88	  122.45	  198.63	 4102.53	  950.88	 3151.66	  298.59	 7251.66
16:12:14	 7871.33	 7749.25	  122.09	  198.68	 4102.53	  950.88	 3151.66	  298.61	 7251.96
16:12:16	 7871.33	 7749.76	  121.57	  198.95	 4102.53	  950.88	 3151.66	  298.63	 7252.18
16:12:18	 7871.33	 7749.64	  121.69	  198.98	 4102.53	  950.88	 3151.66	  298.65	 7252.02
16:12:20	 7871.33	 7749.76	  121.57	  199.03	 4102.53	  950.88	 3151.66	  298.65	 7252.08
16:12:22	 7871.33	 7750.21	  121.12	  199.30	 4102.53	  950.88	 3151.66	  298.68	 7252.23
16:12:24	 7871.33	 7749.73	  121.60	  199.33	 4102.53	  950.88	 3151.66	  298.70	 7251.71
16:12:26	 7871.33	 7754.87	  116.46	  199.62	 4102.53	  950.88	 3151.66	  298.71	 7256.53
16:12:28	 7871.33	 7750.49	  120.84	  199.64	 4102.53	  950.88	 3151.66	  298.72	 7252.12
16:12:30	 7871.33	 7750.00	  121.34	  199.66	 4102.53	  950.88	 3151.66	  298.75	 7251.58
16:12:32	 7871.33	 7750.86	  120.47	  199.96	 4102.53	  950.88	 3151.66	  298.76	 7252.13
16:12:34	 7871.33	 7750.46	  120.87	  200.00	 4102.53	  950.88	 3151.66	  298.77	 7251.69
16:12:36	 7871.33	 7750.34	  120.99	  200.27	 4102.53	  950.88	 3151.66	  298.79	 7251.28
16:12:38	 7871.33	 7750.74	  120.59	  200.32	 4102.53	  950.88	 3151.66	  298.81	 7251.61
16:12:40	 7871.33	 7751.09	  120.25	  200.34	 4102.53	  950.88	 3151.66	  298.82	 7251.93
16:12:42	 7871.33	 7751.69	  119.64	  200.64	 4102.53	  950.88	 3151.66	  298.84	 7252.21
16:12:44	 7871.33	 7751.19	  120.14	  200.70	 4102.53	  950.88	 3151.66	  298.84	 7251.66
16:12:46	 7871.33	 7751.31	  120.02	  200.97	 4102.53	  950.88	 3151.66	  298.87	 7251.47
16:12:48	 7871.33	 7751.93	  119.41	  201.00	 4102.53	  950.88	 3151.66	  298.88	 7252.04
16:12:50	 7871.33	 7751.95	  119.38	  201.05	 4102.53	  950.88	 3151.66	  298.91	 7251.99
16:12:52	 7871.33	 7752.31	  119.02	  201.33	 4102.53	  950.88	 3151.66	  298.92	 7252.07
16:12:54	 7871.33	 7751.80	  119.54	  201.37	 4102.53	  950.88	 3151.66	  298.93	 7251.49
16:12:56	 7871.33	 7752.68	  118.66	  201.68	 4102.53	  950.88	 3151.66	  298.95	 7252.05
16:12:58	 7871.33	 7756.36	  114.97	  201.71	 4102.53	  950.88	 3151.66	  298.96	 7255.69
16:13:00	 7871.33	 7753.89	  117.45	  201.73	 4102.53	  950.88	 3151.66	  298.98	 7253.17
16:13:02	 7871.33	 7753.28	  118.05	  202.00	 4102.53	  950.88	 3151.66	  298.99	 7252.29
16:13:04	 7871.33	 7752.55	  118.78	  202.02	 4102.53	  950.88	 3151.66	  299.02	 7251.52
16:13:06	 7871.33	 7753.40	  117.93	  202.29	 4102.53	  950.88	 3151.66	  299.01	 7252.10
16:13:08	 7871.33	 7752.81	  118.52	  202.33	 4102.53	  950.88	 3151.66	  299.04	 7251.45
16:13:10	 7871.33	 7754.11	  117.22	  202.36	 4102.53	  950.88	 3151.66	  299.06	 7252.70
16:13:12	 7871.33	 7754.63	  116.70	  202.62	 4102.53	  950.88	 3151.66	  299.08	 7252.93
16:13:14	 7871.33	 7753.77	  117.56	  202.67	 4102.53	  950.88	 3151.66	  299.09	 7252.02
16:13:16	 7871.33	 7754.02	  117.32	  202.94	 4102.53	  950.88	 3151.66	  299.12	 7251.96
16:13:18	 7871.33	 7754.35	  116.98	  202.96	 4102.53	  950.88	 3151.66	  299.13	 7252.25
16:13:20	 7871.33	 7754.83	  116.50	  203.00	 4102.53	  950.88	 3151.66	  299.15	 7252.68
16:13:22	 7871.33	 7754.83	  116.50	  203.29	 4102.53	  950.88	 3151.66	  299.17	 7252.38
16:13:24	 7871.33	 7754.48	  116.86	  203.30	 4102.53	  950.88	 3151.66	  299.19	 7251.98
16:13:26	 7871.33	 7754.96	  116.37	  203.59	 4102.53	  950.88	 3151.66	  299.21	 7252.16
16:13:28	 7871.33	 7755.08	  116.25	  203.61	 4102.53	  950.88	 3151.66	  299.23	 7252.25
16:13:30	 7871.33	 7758.28	  113.05	  203.62	 4102.53	  950.88	 3151.66	  299.23	 7255.42
16:13:32	 7871.33	 7755.43	  115.90	  203.90	 4102.53	  950.88	 3151.66	  299.27	 7252.26
16:13:34	 7871.33	 7756.57	  114.77	  203.95	 4102.53	  950.88	 3151.66	  299.27	 7253.35
16:13:36	 7871.33	 7755.47	  115.86	  204.24	 4102.53	  950.88	 3151.66	  299.30	 7251.93
16:13:38	 7871.33	 7755.83	  115.50	  204.27	 4102.53	  950.88	 3151.66	  299.31	 7252.26
16:13:40	 7871.33	 7755.48	  115.86	  204.28	 4102.53	  950.88	 3151.66	  299.34	 7251.85
16:13:42	 7871.33	 7755.79	  115.54	  204.57	 4102.53	  950.88	 3151.66	  299.35	 7251.88
16:13:44	 7871.33	 7755.55	  115.78	  204.59	 4102.53	  950.88	 3151.66	  299.36	 7251.60
16:13:46	 7871.33	 7757.41	  113.93	  204.86	 4102.53	  950.88	 3151.66	  299.38	 7253.16
16:13:48	 7871.33	 7756.45	  114.88	  204.88	 4102.53	  950.88	 3151.66	  299.40	 7252.17
16:13:50	 7871.33	 7756.32	  115.02	  204.90	 4102.53	  950.88	 3151.66	  299.41	 7252.00
16:13:52	 7871.33	 7755.92	  115.41	  205.18	 4102.53	  950.88	 3151.66	  299.43	 7251.32
16:13:54	 7871.33	 7756.66	  114.68	  205.20	 4102.53	  950.88	 3151.66	  299.43	 7252.02
16:13:56	 7871.33	 7757.00	  114.33	  205.48	 4102.53	  950.88	 3151.66	  299.46	 7252.07
16:13:58	 7871.33	 7757.16	  114.18	  205.52	 4102.53	  950.88	 3151.66	  299.48	 7252.15
16:14:00	 7871.33	 7757.38	  113.95	  205.55	 4102.53	  950.88	 3151.66	  299.50	 7252.33
16:14:02	 7871.33	 7759.87	  111.46	  205.84	 4102.53	  950.88	 3151.66	  299.51	 7254.52
16:14:04	 7871.33	 7757.37	  113.96	  205.86	 4102.53	  950.88	 3151.66	  299.54	 7251.96
16:14:06	 7871.33	 7757.86	  113.47	  206.16	 4102.53	  950.88	 3151.66	  299.54	 7252.17
16:14:08	 7871.33	 7758.00	  113.34	  206.20	 4102.53	  950.88	 3151.66	  299.55	 7252.25
16:14:10	 7871.33	 7758.12	  113.21	  206.22	 4102.53	  950.88	 3151.66	  299.59	 7252.32
16:14:12	 7871.33	 7757.28	  114.05	  206.48	 4102.53	  950.88	 3151.66	  299.61	 7251.19
16:14:14	 7871.33	 7757.76	  113.57	  206.52	 4102.53	  950.88	 3151.66	  299.61	 7251.64
16:14:16	 7871.33	 7758.09	  113.24	  206.79	 4102.53	  950.88	 3151.66	  299.64	 7251.67
16:14:18	 7871.33	 7758.36	  112.97	  206.82	 4102.53	  950.88	 3151.66	  299.64	 7251.90
16:14:20	 7871.33	 7752.12	  119.21	  197.12	 4102.53	  950.88	 3151.66	  299.65	 7255.34
16:14:22	 7871.33	 7748.54	  122.80	  197.41	 4102.53	  950.88	 3151.66	  299.65	 7251.47
16:14:24	 7871.33	 7748.81	  122.52	  197.46	 4102.53	  950.88	 3151.66	  299.66	 7251.69
16:14:26	 7871.33	 7748.90	  122.43	  197.74	 4102.53	  950.88	 3151.66	  299.70	 7251.46
16:14:28	 7871.33	 7749.49	  121.84	  197.76	 4102.53	  950.88	 3151.66	  299.71	 7252.02
16:14:30	 7871.33	 7749.37	  121.96	  197.79	 4102.53	  950.88	 3151.66	  299.72	 7251.86
16:14:32	 7871.33	 7748.92	  122.41	  198.07	 4102.53	  950.88	 3151.66	  299.74	 7251.11
16:14:34	 7871.33	 7752.62	  118.71	  198.13	 4102.53	  950.88	 3151.66	  299.73	 7254.75
16:14:36	 7871.33	 7749.61	  121.72	  198.41	 4102.53	  950.88	 3151.66	  299.75	 7251.45
16:14:38	 7871.33	 7750.09	  121.24	  198.45	 4102.53	  950.88	 3151.66	  299.77	 7251.88
16:14:40	 7871.33	 7750.47	  120.86	  198.48	 4102.53	  950.88	 3151.66	  299.79	 7252.20
16:14:43	 7871.33	 7749.73	  121.60	  198.78	 4102.53	  950.88	 3151.66	  299.80	 7251.15
16:14:45	 7871.33	 7750.12	  121.21	  198.80	 4102.53	  950.88	 3151.66	  299.84	 7251.48
16:14:47	 7871.33	 7750.61	  120.72	  199.10	 4102.53	  950.88	 3151.66	  299.86	 7251.65
16:14:49	 7871.33	 7750.70	  120.63	  199.14	 4102.53	  950.88	 3151.66	  299.88	 7251.67
16:14:51	 7871.33	 7750.94	  120.39	  199.46	 4102.53	  950.88	 3151.66	  299.89	 7251.59
16:14:53	 7871.33	 7750.70	  120.63	  199.49	 4102.53	  950.88	 3151.66	  299.91	 7251.30
16:14:55	 7871.33	 7751.45	  119.88	  199.51	 4102.53	  950.88	 3151.66	  299.93	 7252.01
16:14:57	 7871.33	 7751.56	  119.77	  199.78	 4102.53	  950.88	 3151.66	  299.94	 7251.84
16:14:59	 7871.33	 7751.44	  119.89	  199.80	 4102.53	  950.88	 3151.66	  299.96	 7251.69
16:15:01	 7871.33	 7751.79	  119.54	  200.07	 4102.53	  950.88	 3151.66	  299.98	 7251.74
16:15:03	 7871.33	 7751.30	  120.03	  200.11	 4102.53	  950.88	 3151.66	  299.99	 7251.21
16:15:05	 7871.33	 7751.43	  119.91	  200.14	 4102.53	  950.88	 3151.66	  300.00	 7251.28
16:15:07	 7871.33	 7756.03	  115.30	  200.40	 4102.53	  950.88	 3151.66	  300.03	 7255.60
16:15:09	 7871.33	 7752.19	  119.14	  200.43	 4102.53	  950.88	 3151.66	  300.04	 7251.72
16:15:11	 7871.33	 7752.55	  118.78	  200.70	 4102.53	  950.88	 3151.66	  300.07	 7251.79
16:15:13	 7871.33	 7752.28	  119.05	  200.71	 4102.53	  950.88	 3151.66	  300.07	 7251.50
16:15:15	 7871.33	 7753.62	  117.71	  200.74	 4102.53	  950.88	 3151.66	  300.09	 7252.79
16:15:17	 7871.33	 7753.95	  117.38	  201.01	 4102.53	  950.88	 3151.66	  300.11	 7252.83
16:15:19	 7871.33	 7754.09	  117.24	  201.04	 4102.53	  950.88	 3151.66	  300.12	 7252.94
16:15:21	 7871.33	 7754.18	  117.16	  201.33	 4102.53	  950.88	 3151.66	  300.16	 7252.69
16:15:23	 7871.33	 7753.07	  118.26	  201.37	 4102.53	  950.88	 3151.66	  300.16	 7251.54
16:15:25	 7871.33	 7753.39	  117.95	  201.38	 4102.53	  950.88	 3151.66	  300.19	 7251.82
16:15:27	 7871.33	 7753.75	  117.58	  201.64	 4102.53	  950.88	 3151.66	  300.20	 7251.91
16:15:29	 7871.33	 7755.26	  116.07	  201.66	 4102.53	  950.88	 3151.66	  300.23	 7253.38
16:15:31	 7871.33	 7754.13	  117.20	  201.94	 4102.53	  950.88	 3151.66	  300.25	 7251.94
16:15:33	 7871.33	 7753.40	  117.93	  201.95	 4102.53	  950.88	 3151.66	  300.27	 7251.19
16:15:35	 7871.33	 7753.77	  117.56	  201.97	 4102.53	  950.88	 3151.66	  300.28	 7251.52
16:15:37	 7871.33	 7754.50	  116.83	  202.24	 4102.53	  950.88	 3151.66	  300.47	 7251.79
16:15:39	 7871.33	 7756.47	  114.86	  202.25	 4102.53	  950.88	 3151.66	  300.48	 7253.73
16:15:41	 7871.33	 7754.98	  116.35	  202.54	 4102.53	  950.88	 3151.66	  300.51	 7251.94
16:15:43	 7871.33	 7754.37	  116.96	  202.55	 4102.53	  950.88	 3151.66	  300.52	 7251.30
16:15:45	 7871.33	 7754.87	  116.46	  202.57	 4102.53	  950.88	 3151.66	  300.53	 7251.77
16:15:47	 7871.33	 7755.11	  116.22	  202.86	 4102.53	  950.88	 3151.66	  300.55	 7251.70
16:15:49	 7871.33	 7755.33	  116.00	  202.88	 4102.53	  950.88	 3151.66	  300.58	 7251.88
16:15:51	 7871.33	 7755.45	  115.89	  203.15	 4102.53	  950.88	 3151.66	  300.59	 7251.71
16:15:53	 7871.33	 7753.77	  117.57	  203.20	 4102.53	  950.88	 3151.66	  300.60	 7249.97
16:15:55	 7871.33	 7755.22	  116.11	  203.23	 4102.53	  950.88	 3151.66	  300.61	 7251.38
16:15:57	 7871.33	 7755.70	  115.64	  203.50	 4102.53	  950.88	 3151.66	  300.63	 7251.56
16:15:59	 7871.33	 7755.57	  115.76	  203.53	 4102.53	  950.88	 3151.66	  300.65	 7251.39
16:16:01	 7871.33	 7756.16	  115.18	  203.80	 4102.53	  950.88	 3151.66	  300.66	 7251.69
16:16:03	 7871.33	 7755.83	  115.50	  203.83	 4102.53	  950.88	 3151.66	  300.69	 7251.31
16:16:05	 7871.33	 7755.69	  115.64	  203.84	 4102.53	  950.88	 3151.66	  300.69	 7251.15
16:16:07	 7871.33	 7759.64	  111.70	  204.11	 4102.53	  950.88	 3151.66	  300.71	 7254.81
16:16:09	 7871.33	 7753.63	  117.70	  194.69	 4102.53	  950.88	 3151.66	  300.70	 7258.24
16:16:11	 7871.33	 7755.95	  115.38	  194.99	 4102.53	  950.88	 3151.66	  300.71	 7260.25
16:16:13	 7871.33	 7752.22	  119.11	  195.05	 4102.53	  950.88	 3151.66	  300.72	 7256.45
16:16:15	 7871.33	 7752.15	  119.18	  195.11	 4102.53	  950.88	 3151.66	  300.74	 7256.29
16:16:17	 7871.33	 7752.60	  118.73	  195.43	 4102.53	  950.88	 3151.66	  300.76	 7256.41
16:16:19	 7871.33	 7752.43	  118.90	  195.46	 4102.53	  950.88	 3151.66	  300.78	 7256.20
16:16:21	 7871.33	 7753.04	  118.29	  195.73	 4102.53	  950.88	 3151.66	  300.80	 7256.51
16:16:23	 7871.33	 7750.98	  120.35	  195.75	 4102.53	  950.88	 3151.66	  300.82	 7254.41
16:16:25	 7871.33	 7752.75	  118.58	  195.80	 4102.53	  950.88	 3151.66	  300.84	 7256.11
16:16:27	 7871.33	 7751.74	  119.59	  196.09	 4102.53	  950.88	 3151.66	  300.84	 7254.80
16:16:29	 7871.33	 7751.62	  119.71	  196.12	 4102.53	  950.88	 3151.66	  300.86	 7254.64
16:16:31	 7871.33	 7752.19	  119.14	  196.40	 4102.53	  950.88	 3151.66	  300.89	 7254.90
16:16:33	 7871.33	 7751.64	  119.69	  196.41	 4102.53	  950.88	 3151.66	  300.90	 7254.33
16:16:35	 7871.33	 7751.95	  119.38	  196.45	 4102.53	  950.88	 3151.66	  300.91	 7254.59
16:16:37	 7871.33	 7752.60	  118.73	  196.72	 4102.53	  950.88	 3151.66	  300.94	 7254.94
16:16:39	 7871.33	 7752.45	  118.88	  196.75	 4102.53	  950.88	 3151.66	  300.95	 7254.75
16:16:41	 7871.33	 7753.05	  118.28	  197.02	 4102.53	  950.88	 3151.66	  300.98	 7255.06
16:16:43	 7871.33	 7756.16	  115.17	  197.06	 4102.53	  950.88	 3151.66	  300.98	 7258.12
16:16:45	 7871.33	 7752.77	  118.57	  197.10	 4102.53	  950.88	 3151.66	  301.00	 7254.67
16:16:47	 7871.33	 7754.01	  117.32	  197.36	 4102.53	  950.88	 3151.66	  301.02	 7255.62
16:16:49	 7871.33	 7753.40	  117.93	  197.41	 4102.53	  950.88	 3151.66	  301.03	 7254.96
16:16:51	 7871.33	 7753.89	  117.45	  197.69	 4102.53	  950.88	 3151.66	  301.05	 7255.14
16:16:53	 7871.33	 7753.28	  118.05	  197.71	 4102.53	  950.88	 3151.66	  301.08	 7254.49
16:16:55	 7871.33	 7753.24	  118.09	  197.73	 4102.53	  950.88	 3151.66	  301.08	 7254.43
16:16:57	 7871.33	 7753.25	  118.08	  197.98	 4102.53	  950.88	 3151.66	  301.11	 7254.16
16:16:59	 7871.33	 7753.88	  117.45	  198.01	 4102.53	  950.88	 3151.66	  301.12	 7254.75
16:17:01	 7871.33	 7754.23	  117.10	  198.29	 4102.53	  950.88	 3151.66	  301.13	 7254.81
16:17:03	 7871.33	 7753.75	  117.58	  198.30	 4102.53	  950.88	 3151.66	  301.18	 7254.28
16:17:05	 7871.33	 7753.88	  117.45	  198.33	 4102.53	  950.88	 3151.66	  301.17	 7254.38
16:17:07	 7871.33	 7754.32	  117.01	  198.59	 4102.53	  950.88	 3151.66	  301.20	 7254.53
16:17:09	 7871.33	 7754.57	  116.77	  198.61	 4102.53	  950.88	 3151.66	  301.22	 7254.74
16:17:11	 7871.33	 7755.09	  116.24	  198.90	 4102.53	  950.88	 3151.66	  301.21	 7254.97
16:17:13	 7871.33	 7753.99	  117.34	  198.92	 4102.53	  950.88	 3151.66	  301.25	 7253.82
16:17:15	 7871.33	 7757.86	  113.47	  198.95	 4102.53	  950.88	 3151.66	  301.26	 7257.65
16:17:17	 7871.33	 7754.98	  116.36	  199.21	 4102.53	  950.88	 3151.66	  301.29	 7254.47
16:17:19	 7871.33	 7755.20	  116.13	  199.24	 4102.53	  950.88	 3151.66	  301.31	 7254.66
16:17:21	 7871.33	 7758.41	  112.92	  199.52	 4102.53	  950.88	 3151.66	  301.33	 7257.56
16:17:23	 7871.33	 7755.08	  116.25	  199.54	 4102.53	  950.88	 3151.66	  301.34	 7254.20
16:17:25	 7871.33	 7755.08	  116.25	  199.55	 4102.53	  950.88	 3151.66	  301.36	 7254.17
16:17:27	 7871.33	 7755.65	  115.68	  199.84	 4102.53	  950.88	 3151.66	  301.36	 7254.45
16:17:29	 7871.33	 7756.03	  115.30	  199.88	 4102.53	  950.88	 3151.66	  301.39	 7254.75
16:17:31	 7871.33	 7756.27	  115.06	  200.16	 4102.53	  950.88	 3151.66	  301.41	 7254.71
16:17:34	 7871.33	 7755.97	  115.36	  200.17	 4102.53	  950.88	 3151.66	  301.44	 7254.36
16:17:36	 7871.33	 7755.81	  115.52	  200.44	 4102.53	  950.88	 3151.66	  301.38	 7253.99
16:17:38	 7871.33	 7746.33	  125.00	  190.47	 4102.53	  950.88	 3151.66	  301.47	 7254.39
16:17:40	 7871.33	 7746.70	  124.64	  190.49	 4102.53	  950.88	 3151.66	  301.49	 7254.71
16:17:42	 7871.33	 7746.57	  124.76	  190.77	 4102.53	  950.88	 3151.66	  301.50	 7254.30
16:17:44	 7871.33	 7746.33	  125.00	  190.78	 4102.53	  950.88	 3151.66	  301.52	 7254.03
16:17:46	 7871.33	 7746.71	  124.62	  191.04	 4102.53	  950.88	 3151.66	  301.54	 7254.14
16:17:48	 7871.33	 7748.77	  122.57	  191.06	 4102.53	  950.88	 3151.66	  301.55	 7256.16
16:17:50	 7871.33	 7746.71	  124.62	  191.07	 4102.53	  950.88	 3151.66	  301.56	 7254.07
16:17:52	 7871.33	 7747.19	  124.14	  191.36	 4102.53	  950.88	 3151.66	  301.58	 7254.25
16:17:54	 7871.33	 7747.31	  124.02	  191.39	 4102.53	  950.88	 3151.66	  301.60	 7254.32
16:17:56	 7871.33	 7746.93	  124.40	  191.68	 4102.53	  950.88	 3151.66	  301.62	 7253.64
16:17:58	 7871.33	 7748.41	  122.93	  191.70	 4102.53	  950.88	 3151.66	  301.63	 7255.08
16:18:00	 7871.33	 7747.31	  124.02	  191.70	 4102.53	  950.88	 3151.66	  301.65	 7253.96
16:18:02	 7871.33	 7747.55	  123.78	  191.98	 4102.53	  950.88	 3151.66	  301.66	 7253.91
16:18:04	 7871.33	 7747.29	  124.04	  192.01	 4102.53	  950.88	 3151.66	  301.68	 7253.61
16:18:06	 7871.33	 7747.78	  123.55	  192.29	 4102.53	  950.88	 3151.66	  301.70	 7253.79
16:18:08	 7871.33	 7748.02	  123.31	  192.32	 4102.53	  950.88	 3151.66	  301.71	 7253.98
16:18:10	 7871.33	 7749.41	  121.93	  192.35	 4102.53	  950.88	 3151.66	  301.73	 7255.32
16:18:12	 7871.33	 7748.41	  122.92	  192.64	 4102.53	  950.88	 3151.66	  301.73	 7254.04
16:18:14	 7871.33	 7747.82	  123.51	  192.68	 4102.53	  950.88	 3151.66	  301.76	 7253.39
16:18:16	 7871.33	 7748.27	  123.06	  192.97	 4102.53	  950.88	 3151.66	  301.78	 7253.52
16:18:18	 7871.33	 7748.15	  123.18	  193.00	 4102.53	  950.88	 3151.66	  301.79	 7253.36
16:18:20	 7871.33	 7751.38	  119.96	  193.03	 4102.53	  950.88	 3151.66	  301.80	 7256.54
16:18:22	 7871.33	 7752.46	  118.87	  193.31	 4102.53	  950.88	 3151.66	  301.83	 7257.33
16:18:24	 7871.33	 7748.38	  122.95	  193.35	 4102.53	  950.88	 3151.66	  301.84	 7253.19
16:18:26	 7871.33	 7748.75	  122.59	  193.63	 4102.53	  950.88	 3151.66	  301.86	 7253.26
16:18:28	 7871.33	 7750.87	  120.46	  193.69	 4102.53	  950.88	 3151.66	  301.87	 7255.31
