    Time	  MemTotal	   MemUsed	   MemFree	   MemBuff	SwapTotal	SwapUsed	SwapFree	SwapCached	RealUsedMem
15:56:41	 7871.33	 7753.45	  117.89	  251.02	 4102.53	  938.65	 3163.88	  301.97	 7200.46
15:56:43	 7871.33	 7753.64	  117.69	  251.02	 4102.53	  938.65	 3163.88	  302.03	 7200.59
15:56:45	 7871.33	 7754.15	  117.18	  251.28	 4102.53	  938.65	 3163.88	  302.05	 7200.82
15:56:47	 7871.33	 7753.88	  117.46	  251.30	 4102.53	  938.65	 3163.88	  302.06	 7200.51
15:56:49	 7871.33	 7755.59	  115.75	  251.58	 4102.53	  938.65	 3163.88	  302.09	 7201.92
15:56:51	 7871.33	 7754.62	  116.71	  251.59	 4102.53	  938.65	 3163.88	  302.08	 7200.94
15:56:53	 7871.33	 7754.50	  116.84	  251.59	 4102.53	  938.65	 3163.88	  302.12	 7200.79
15:56:55	 7871.33	 7754.83	  116.50	  251.86	 4102.53	  938.65	 3163.88	  302.13	 7200.83
15:56:57	 7871.33	 7754.22	  117.11	  251.88	 4102.53	  938.65	 3163.88	  302.15	 7200.20
15:56:59	 7871.33	 7754.48	  116.85	  252.14	 4102.53	  938.65	 3163.88	  302.16	 7200.18
15:57:01	 7871.33	 7754.75	  116.58	  252.17	 4102.53	  938.65	 3163.88	  302.18	 7200.41
15:57:03	 7871.33	 7754.98	  116.35	  252.17	 4102.53	  938.65	 3163.88	  302.20	 7200.62
15:57:05	 7871.33	 7758.44	  112.89	  252.43	 4102.53	  938.65	 3163.88	  302.20	 7203.80
15:57:07	 7871.33	 7754.74	  116.59	  252.45	 4102.53	  938.65	 3163.88	  302.23	 7200.06
15:57:09	 7871.33	 7755.71	  115.62	  252.71	 4102.53	  938.65	 3163.88	  302.24	 7200.76
15:57:11	 7871.33	 7756.80	  114.54	  252.72	 4102.53	  938.65	 3163.88	  302.25	 7201.82
15:57:13	 7871.33	 7755.81	  115.52	  252.75	 4102.53	  938.65	 3163.88	  302.27	 7200.79
15:57:15	 7871.33	 7756.07	  115.26	  253.01	 4102.53	  938.65	 3163.88	  302.30	 7200.76
15:57:17	 7871.33	 7745.05	  126.28	  243.95	 4102.53	  938.65	 3163.88	  301.29	 7199.81
15:57:19	 7871.33	 7745.89	  125.44	  244.23	 4102.53	  938.65	 3163.88	  301.28	 7200.38
15:57:21	 7871.33	 7746.00	  125.33	  244.24	 4102.53	  938.65	 3163.88	  301.30	 7200.46
15:57:23	 7871.33	 7749.24	  122.09	  244.25	 4102.53	  938.65	 3163.88	  301.32	 7203.67
15:57:25	 7871.33	 7746.38	  124.96	  244.52	 4102.53	  938.65	 3163.88	  301.34	 7200.51
15:57:27	 7871.33	 7745.79	  125.55	  244.54	 4102.53	  938.65	 3163.88	  301.36	 7199.88
15:57:29	 7871.33	 7746.51	  124.82	  244.81	 4102.53	  938.65	 3163.88	  301.37	 7200.34
15:57:32	 7871.33	 7746.99	  124.34	  244.82	 4102.53	  938.65	 3163.88	  301.38	 7200.79
15:57:34	 7871.33	 7747.45	  123.88	  245.08	 4102.53	  938.65	 3163.88	  301.32	 7201.05
15:57:36	 7871.33	 7747.00	  124.34	  245.09	 4102.53	  938.65	 3163.88	  301.42	 7200.49
15:57:38	 7871.33	 7750.09	  121.24	  245.11	 4102.53	  938.65	 3163.88	  301.43	 7203.55
15:57:40	 7871.33	 7747.00	  124.33	  245.37	 4102.53	  938.65	 3163.88	  301.43	 7200.20
15:57:42	 7871.33	 7746.91	  124.43	  245.39	 4102.53	  938.65	 3163.88	  301.46	 7200.06
15:57:44	 7871.33	 7747.84	  123.50	  245.64	 4102.53	  938.65	 3163.88	  301.57	 7200.62
15:57:46	 7871.33	 7748.80	  122.54	  245.66	 4102.53	  938.65	 3163.88	  301.52	 7201.61
15:57:48	 7871.33	 7747.10	  124.23	  245.68	 4102.53	  938.65	 3163.88	  301.53	 7199.89
15:57:50	 7871.33	 7747.71	  123.62	  245.93	 4102.53	  938.65	 3163.88	  301.54	 7200.23
15:57:52	 7871.33	 7747.95	  123.38	  245.95	 4102.53	  938.65	 3163.88	  301.56	 7200.44
15:57:54	 7871.33	 7748.54	  122.79	  246.22	 4102.53	  938.65	 3163.88	  301.58	 7200.74
15:57:56	 7871.33	 7748.66	  122.67	  246.23	 4102.53	  938.65	 3163.88	  301.59	 7200.85
15:57:58	 7871.33	 7749.42	  121.91	  246.23	 4102.53	  938.65	 3163.88	  301.61	 7201.58
15:58:00	 7871.33	 7748.59	  122.75	  246.48	 4102.53	  938.65	 3163.88	  301.63	 7200.47
15:58:02	 7871.33	 7748.67	  122.66	  246.50	 4102.53	  938.65	 3163.88	  301.64	 7200.53
15:58:04	 7871.33	 7749.15	  122.18	  246.75	 4102.53	  938.65	 3163.88	  301.66	 7200.74
15:58:06	 7871.33	 7749.29	  122.04	  246.77	 4102.53	  938.65	 3163.88	  301.68	 7200.85
15:58:08	 7871.33	 7748.06	  123.27	  246.78	 4102.53	  938.65	 3163.88	  301.70	 7199.59
15:58:10	 7871.33	 7752.82	  118.51	  247.05	 4102.53	  938.65	 3163.88	  301.71	 7204.05
15:58:12	 7871.33	 7749.43	  121.91	  247.07	 4102.53	  938.65	 3163.88	  301.72	 7200.63
15:58:14	 7871.33	 7749.77	  121.57	  247.32	 4102.53	  938.65	 3163.88	  301.74	 7200.70
15:58:16	 7871.33	 7750.00	  121.33	  247.35	 4102.53	  938.65	 3163.88	  301.74	 7200.91
15:58:18	 7871.33	 7749.05	  122.29	  247.36	 4102.53	  938.65	 3163.88	  301.76	 7199.93
15:58:20	 7871.33	 7749.28	  122.05	  247.62	 4102.53	  938.65	 3163.88	  301.78	 7199.89
15:58:22	 7871.33	 7749.68	  121.66	  247.64	 4102.53	  938.65	 3163.88	  301.79	 7200.25
15:58:24	 7871.33	 7752.14	  119.20	  247.89	 4102.53	  938.65	 3163.88	  301.89	 7202.35
15:58:26	 7871.33	 7750.26	  121.07	  247.91	 4102.53	  938.65	 3163.88	  301.89	 7200.45
15:58:28	 7871.33	 7750.24	  121.09	  247.93	 4102.53	  938.65	 3163.88	  301.92	 7200.39
15:58:30	 7871.33	 7750.61	  120.73	  248.18	 4102.53	  938.65	 3163.88	  301.94	 7200.49
15:58:32	 7871.33	 7751.48	  119.86	  248.19	 4102.53	  938.65	 3163.88	  301.96	 7201.33
15:58:34	 7871.33	 7751.00	  120.33	  248.45	 4102.53	  938.65	 3163.88	  301.98	 7200.57
15:58:36	 7871.33	 7751.24	  120.09	  248.46	 4102.53	  938.65	 3163.88	  301.99	 7200.79
15:58:38	 7871.33	 7751.00	  120.33	  248.48	 4102.53	  938.65	 3163.88	  302.01	 7200.52
15:58:40	 7871.33	 7751.21	  120.12	  248.74	 4102.53	  938.65	 3163.88	  302.03	 7200.44
15:58:42	 7871.33	 7754.59	  116.74	  248.74	 4102.53	  938.65	 3163.88	  302.04	 7203.80
15:58:44	 7871.33	 7751.83	  119.50	  249.01	 4102.53	  938.65	 3163.88	  302.07	 7200.75
15:58:46	 7871.33	 7751.95	  119.38	  249.02	 4102.53	  938.65	 3163.88	  302.08	 7200.86
15:58:48	 7871.33	 7751.57	  119.76	  249.04	 4102.53	  938.65	 3163.88	  302.09	 7200.45
15:58:50	 7871.33	 7751.82	  119.52	  249.31	 4102.53	  938.65	 3163.88	  302.10	 7200.41
15:58:52	 7871.33	 7752.97	  118.36	  249.32	 4102.53	  938.65	 3163.88	  302.12	 7201.53
15:58:54	 7871.33	 7753.41	  117.93	  249.58	 4102.53	  938.65	 3163.88	  302.14	 7201.69
15:58:56	 7871.33	 7752.68	  118.65	  249.60	 4102.53	  938.65	 3163.88	  302.15	 7200.93
15:58:58	 7871.33	 7751.95	  119.38	  249.61	 4102.53	  938.65	 3163.88	  302.16	 7200.18
15:59:00	 7871.33	 7752.18	  119.15	  249.86	 4102.53	  938.65	 3163.88	  302.18	 7200.14
15:59:02	 7871.33	 7752.54	  118.79	  249.88	 4102.53	  938.65	 3163.88	  302.20	 7200.46
15:59:04	 7871.33	 7753.14	  118.19	  250.14	 4102.53	  938.65	 3163.88	  302.21	 7200.79
15:59:06	 7871.33	 7754.79	  116.54	  250.16	 4102.53	  938.65	 3163.88	  302.23	 7202.41
15:59:08	 7871.33	 7752.68	  118.65	  250.16	 4102.53	  938.65	 3163.88	  302.25	 7200.27
15:59:10	 7871.33	 7753.04	  118.29	  250.43	 4102.53	  938.65	 3163.88	  302.27	 7200.35
15:59:12	 7871.33	 7753.15	  118.18	  250.44	 4102.53	  938.65	 3163.88	  302.28	 7200.43
15:59:14	 7871.33	 7757.58	  113.75	  250.69	 4102.53	  938.65	 3163.88	  302.30	 7204.59
15:59:16	 7871.33	 7753.75	  117.58	  250.70	 4102.53	  938.65	 3163.88	  302.31	 7200.75
15:59:18	 7871.33	 7753.16	  118.17	  250.71	 4102.53	  938.65	 3163.88	  302.34	 7200.12
15:59:20	 7871.33	 7753.77	  117.56	  250.97	 4102.53	  938.65	 3163.88	  302.36	 7200.44
15:59:22	 7871.33	 7754.01	  117.32	  250.99	 4102.53	  938.65	 3163.88	  302.36	 7200.67
15:59:24	 7871.33	 7754.12	  117.21	  251.25	 4102.53	  938.65	 3163.88	  302.38	 7200.49
15:59:26	 7871.33	 7754.12	  117.21	  251.25	 4102.53	  938.65	 3163.88	  302.40	 7200.47
15:59:28	 7871.33	 7755.01	  116.32	  251.26	 4102.53	  938.65	 3163.88	  302.40	 7201.35
15:59:30	 7871.33	 7754.66	  116.68	  251.53	 4102.53	  938.65	 3163.88	  302.42	 7200.71
15:59:32	 7871.33	 7754.64	  116.69	  251.53	 4102.53	  938.65	 3163.88	  302.44	 7200.67
15:59:34	 7871.33	 7754.88	  116.45	  251.81	 4102.53	  938.65	 3163.88	  302.46	 7200.61
15:59:36	 7871.33	 7754.85	  116.48	  251.84	 4102.53	  938.65	 3163.88	  302.46	 7200.55
15:59:38	 7871.33	 7754.12	  117.21	  251.84	 4102.53	  938.65	 3163.88	  302.49	 7199.80
15:59:40	 7871.33	 7754.87	  116.46	  252.10	 4102.53	  938.65	 3163.88	  302.51	 7200.25
15:59:42	 7871.33	 7754.87	  116.46	  252.12	 4102.53	  938.65	 3163.88	  302.52	 7200.23
15:59:44	 7871.33	 7755.34	  115.99	  252.38	 4102.53	  938.65	 3163.88	  302.54	 7200.43
15:59:46	 7871.33	 7758.56	  112.77	  252.38	 4102.53	  938.65	 3163.88	  302.55	 7203.63
15:59:48	 7871.33	 7755.22	  116.11	  252.40	 4102.53	  938.65	 3163.88	  302.57	 7200.26
15:59:50	 7871.33	 7755.46	  115.87	  252.66	 4102.53	  938.65	 3163.88	  302.59	 7200.22
15:59:52	 7871.33	 7755.83	  115.50	  252.67	 4102.53	  938.65	 3163.88	  302.60	 7200.55
15:59:54	 7871.33	 7756.57	  114.76	  252.93	 4102.53	  938.65	 3163.88	  302.62	 7201.01
15:59:56	 7871.33	 7756.30	  115.04	  252.95	 4102.53	  938.65	 3163.88	  302.64	 7200.71
15:59:58	 7871.33	 7755.69	  115.64	  252.96	 4102.53	  938.65	 3163.88	  302.65	 7200.08
16:00:00	 7871.33	 7756.42	  114.91	  253.22	 4102.53	  938.65	 3163.88	  302.66	 7200.53
16:00:02	 7871.33	 7759.89	  111.44	  253.25	 4102.53	  938.65	 3163.88	  302.69	 7203.96
16:00:04	 7871.33	 7756.68	  114.66	  253.50	 4102.53	  938.65	 3163.88	  302.72	 7200.46
16:00:06	 7871.33	 7757.16	  114.17	  253.51	 4102.53	  938.65	 3163.88	  302.73	 7200.92
16:00:08	 7871.33	 7756.42	  114.91	  253.52	 4102.53	  938.65	 3163.88	  302.75	 7200.14
16:00:10	 7871.33	 7756.78	  114.55	  253.78	 4102.53	  938.65	 3163.88	  302.77	 7200.23
16:00:12	 7871.33	 7756.55	  114.79	  253.80	 4102.53	  938.65	 3163.88	  302.79	 7199.96
16:00:14	 7871.33	 7757.04	  114.29	  254.07	 4102.53	  938.65	 3163.88	  302.80	 7200.17
16:00:16	 7871.33	 7757.16	  114.17	  254.07	 4102.53	  938.65	 3163.88	  302.82	 7200.27
16:00:18	 7871.33	 7757.08	  114.25	  254.10	 4102.53	  938.65	 3163.88	  302.82	 7200.16
16:00:21	 7871.33	 7757.14	  114.20	  254.36	 4102.53	  938.65	 3163.88	  302.85	 7199.92
16:00:23	 7871.33	 7757.26	  114.07	  254.36	 4102.53	  938.65	 3163.88	  302.87	 7200.02
16:00:25	 7871.33	 7751.55	  119.78	  245.43	 4102.53	  938.65	 3163.88	  302.34	 7203.79
16:00:27	 7871.33	 7748.33	  123.00	  245.43	 4102.53	  938.65	 3163.88	  302.29	 7200.61
16:00:29	 7871.33	 7750.21	  121.12	  245.71	 4102.53	  938.65	 3163.88	  302.22	 7202.28
16:00:31	 7871.33	 7748.45	  122.88	  245.72	 4102.53	  938.65	 3163.88	  302.33	 7200.40
16:00:33	 7871.33	 7748.66	  122.67	  245.72	 4102.53	  938.65	 3163.88	  302.35	 7200.59
16:00:35	 7871.33	 7749.02	  122.31	  246.00	 4102.53	  938.65	 3163.88	  302.36	 7200.67
16:00:37	 7871.33	 7749.05	  122.28	  246.01	 4102.53	  938.65	 3163.88	  302.39	 7200.66
16:00:39	 7871.33	 7749.05	  122.28	  246.27	 4102.53	  938.65	 3163.88	  302.53	 7200.25
16:00:41	 7871.33	 7749.39	  121.95	  246.28	 4102.53	  938.65	 3163.88	  302.55	 7200.56
16:00:43	 7871.33	 7749.39	  121.95	  246.29	 4102.53	  938.65	 3163.88	  302.56	 7200.54
16:00:45	 7871.33	 7749.64	  121.70	  246.57	 4102.53	  938.65	 3163.88	  302.58	 7200.49
16:00:47	 7871.33	 7752.64	  118.69	  246.58	 4102.53	  938.65	 3163.88	  302.60	 7203.47
16:00:49	 7871.33	 7749.53	  121.80	  246.85	 4102.53	  938.65	 3163.88	  302.61	 7200.08
16:00:51	 7871.33	 7749.66	  121.67	  246.86	 4102.53	  938.65	 3163.88	  302.64	 7200.16
16:00:53	 7871.33	 7750.00	  121.33	  246.88	 4102.53	  938.65	 3163.88	  302.66	 7200.46
16:00:55	 7871.33	 7750.61	  120.72	  247.16	 4102.53	  938.65	 3163.88	  302.68	 7200.78
16:00:57	 7871.33	 7750.48	  120.86	  247.18	 4102.53	  938.65	 3163.88	  302.69	 7200.61
16:00:59	 7871.33	 7750.49	  120.84	  247.44	 4102.53	  938.65	 3163.88	  302.71	 7200.34
16:01:01	 7871.33	 7753.36	  117.97	  247.44	 4102.53	  938.65	 3163.88	  302.72	 7203.20
16:01:03	 7871.33	 7750.86	  120.47	  247.46	 4102.53	  938.65	 3163.88	  302.74	 7200.66
16:01:05	 7871.33	 7751.21	  120.12	  247.73	 4102.53	  938.65	 3163.88	  302.76	 7200.72
16:01:07	 7871.33	 7751.35	  119.98	  247.74	 4102.53	  938.65	 3163.88	  302.78	 7200.83
16:01:09	 7871.33	 7753.30	  118.03	  248.00	 4102.53	  938.65	 3163.88	  302.80	 7202.51
16:01:11	 7871.33	 7750.86	  120.47	  248.02	 4102.53	  938.65	 3163.88	  302.81	 7200.04
16:01:13	 7871.33	 7751.35	  119.98	  248.03	 4102.53	  938.65	 3163.88	  302.82	 7200.50
16:01:15	 7871.33	 7751.59	  119.74	  248.29	 4102.53	  938.65	 3163.88	  302.84	 7200.46
16:01:17	 7871.33	 7751.82	  119.52	  248.30	 4102.53	  938.65	 3163.88	  302.85	 7200.67
16:01:19	 7871.33	 7751.47	  119.86	  248.57	 4102.53	  938.65	 3163.88	  302.86	 7200.04
16:01:21	 7871.33	 7751.61	  119.73	  248.59	 4102.53	  938.65	 3163.88	  302.88	 7200.14
16:01:23	 7871.33	 7752.21	  119.12	  248.60	 4102.53	  938.65	 3163.88	  302.90	 7200.71
16:01:25	 7871.33	 7752.57	  118.77	  248.87	 4102.53	  938.65	 3163.88	  302.91	 7200.79
16:01:27	 7871.33	 7752.58	  118.75	  248.89	 4102.53	  938.65	 3163.88	  302.93	 7200.76
16:01:29	 7871.33	 7751.69	  119.64	  249.16	 4102.53	  938.65	 3163.88	  302.95	 7199.58
16:01:31	 7871.33	 7752.18	  119.15	  249.17	 4102.53	  938.65	 3163.88	  302.97	 7200.04
16:01:33	 7871.33	 7756.14	  115.19	  249.18	 4102.53	  938.65	 3163.88	  302.98	 7203.98
16:01:35	 7871.33	 7753.06	  118.27	  249.43	 4102.53	  938.65	 3163.88	  303.01	 7200.62
16:01:37	 7871.33	 7752.55	  118.78	  249.44	 4102.53	  938.65	 3163.88	  303.03	 7200.08
16:01:39	 7871.33	 7753.03	  118.30	  249.71	 4102.53	  938.65	 3163.88	  303.04	 7200.28
16:01:41	 7871.33	 7753.42	  117.91	  249.72	 4102.53	  938.65	 3163.88	  303.05	 7200.65
16:01:43	 7871.33	 7753.29	  118.05	  249.72	 4102.53	  938.65	 3163.88	  303.07	 7200.49
16:01:45	 7871.33	 7753.68	  117.65	  249.98	 4102.53	  938.65	 3163.88	  303.09	 7200.61
16:01:47	 7871.33	 7753.19	  118.14	  249.99	 4102.53	  938.65	 3163.88	  303.11	 7200.09
16:01:49	 7871.33	 7753.80	  117.53	  250.27	 4102.53	  938.65	 3163.88	  303.12	 7200.42
16:01:51	 7871.33	 7754.00	  117.33	  250.28	 4102.53	  938.65	 3163.88	  303.14	 7200.59
16:01:53	 7871.33	 7753.89	  117.44	  250.29	 4102.53	  938.65	 3163.88	  303.15	 7200.45
16:01:55	 7871.33	 7755.62	  115.71	  250.57	 4102.53	  938.65	 3163.88	  303.16	 7201.89
16:01:57	 7871.33	 7753.91	  117.43	  250.58	 4102.53	  938.65	 3163.88	  303.19	 7200.14
16:01:59	 7871.33	 7754.39	  116.94	  250.86	 4102.53	  938.65	 3163.88	  303.20	 7200.34
16:02:01	 7871.33	 7754.26	  117.07	  250.88	 4102.53	  938.65	 3163.88	  303.20	 7200.18
16:02:03	 7871.33	 7754.37	  116.96	  250.88	 4102.53	  938.65	 3163.88	  303.23	 7200.25
16:02:05	 7871.33	 7758.68	  112.66	  251.15	 4102.53	  938.65	 3163.88	  303.24	 7204.29
16:02:07	 7871.33	 7754.64	  116.69	  251.17	 4102.53	  938.65	 3163.88	  303.27	 7200.20
16:02:09	 7871.33	 7755.00	  116.33	  251.43	 4102.53	  938.65	 3163.88	  303.27	 7200.30
16:02:11	 7871.33	 7755.24	  116.09	  251.46	 4102.53	  938.65	 3163.88	  303.29	 7200.50
16:02:13	 7871.33	 7755.36	  115.97	  251.48	 4102.53	  938.65	 3163.88	  303.31	 7200.57
16:02:15	 7871.33	 7755.70	  115.63	  251.74	 4102.53	  938.65	 3163.88	  303.33	 7200.63
16:02:17	 7871.33	 7755.33	  116.00	  251.75	 4102.53	  938.65	 3163.88	  303.35	 7200.23
16:02:19	 7871.33	 7755.71	  115.62	  252.02	 4102.53	  938.65	 3163.88	  303.36	 7200.33
16:02:21	 7871.33	 7755.95	  115.38	  252.05	 4102.53	  938.65	 3163.88	  303.36	 7200.54
16:02:23	 7871.33	 7756.19	  115.14	  252.06	 4102.53	  938.65	 3163.88	  303.39	 7200.74
16:02:25	 7871.33	 7756.45	  114.88	  252.33	 4102.53	  938.65	 3163.88	  303.40	 7200.71
16:02:27	 7871.33	 7756.05	  115.28	  252.33	 4102.53	  938.65	 3163.88	  303.44	 7200.29
16:02:29	 7871.33	 7757.54	  113.79	  252.59	 4102.53	  938.65	 3163.88	  303.45	 7201.50
16:02:31	 7871.33	 7756.80	  114.54	  252.61	 4102.53	  938.65	 3163.88	  303.45	 7200.73
16:02:33	 7871.33	 7756.68	  114.66	  252.63	 4102.53	  938.65	 3163.88	  303.47	 7200.58
16:02:35	 7871.33	 7757.04	  114.29	  252.89	 4102.53	  938.65	 3163.88	  303.48	 7200.66
16:02:37	 7871.33	 7759.88	  111.45	  252.90	 4102.53	  938.65	 3163.88	  303.50	 7203.48
16:02:39	 7871.33	 7756.90	  114.43	  253.16	 4102.53	  938.65	 3163.88	  303.52	 7200.23
16:02:41	 7871.33	 7758.55	  112.78	  253.18	 4102.53	  938.65	 3163.88	  303.53	 7201.85
16:02:43	 7871.33	 7757.30	  114.04	  253.20	 4102.53	  938.65	 3163.88	  303.55	 7200.55
16:02:45	 7871.33	 7757.55	  113.79	  253.46	 4102.53	  938.65	 3163.88	  303.55	 7200.54
16:02:47	 7871.33	 7756.90	  114.43	  253.47	 4102.53	  938.65	 3163.88	  303.58	 7199.85
16:02:49	 7871.33	 7747.83	  123.50	  244.06	 4102.53	  938.65	 3163.88	  303.28	 7200.48
16:02:51	 7871.33	 7748.05	  123.28	  244.08	 4102.53	  938.65	 3163.88	  303.29	 7200.69
16:02:54	 7871.33	 7748.09	  123.24	  244.34	 4102.53	  938.65	 3163.88	  303.30	 7200.46
16:02:56	 7871.33	 7748.70	  122.63	  244.36	 4102.53	  938.65	 3163.88	  303.39	 7200.96
16:02:58	 7871.33	 7748.08	  123.25	  244.37	 4102.53	  938.65	 3163.88	  303.41	 7200.30
16:03:00	 7871.33	 7748.55	  122.79	  244.62	 4102.53	  938.65	 3163.88	  303.41	 7200.51
16:03:02	 7871.33	 7748.55	  122.78	  244.64	 4102.53	  938.65	 3163.88	  303.43	 7200.49
16:03:04	 7871.33	 7749.19	  122.14	  244.89	 4102.53	  938.65	 3163.88	  303.38	 7200.92
16:03:06	 7871.33	 7748.83	  122.50	  244.91	 4102.53	  938.65	 3163.88	  303.48	 7200.44
16:03:08	 7871.33	 7748.34	  122.99	  244.92	 4102.53	  938.65	 3163.88	  303.49	 7199.93
16:03:10	 7871.33	 7751.43	  119.91	  245.19	 4102.53	  938.65	 3163.88	  303.51	 7202.73
16:03:12	 7871.33	 7749.27	  122.06	  245.20	 4102.53	  938.65	 3163.88	  303.53	 7200.55
16:03:14	 7871.33	 7749.64	  121.70	  245.46	 4102.53	  938.65	 3163.88	  303.54	 7200.64
16:03:16	 7871.33	 7752.38	  118.95	  245.49	 4102.53	  938.65	 3163.88	  303.56	 7203.33
16:03:18	 7871.33	 7749.41	  121.92	  245.50	 4102.53	  938.65	 3163.88	  303.58	 7200.33
16:03:20	 7871.33	 7749.65	  121.68	  245.75	 4102.53	  938.65	 3163.88	  303.60	 7200.30
16:03:22	 7871.33	 7749.64	  121.70	  245.79	 4102.53	  938.65	 3163.88	  303.61	 7200.25
16:03:24	 7871.33	 7749.88	  121.45	  246.05	 4102.53	  938.65	 3163.88	  303.62	 7200.21
16:03:26	 7871.33	 7749.88	  121.45	  246.06	 4102.53	  938.65	 3163.88	  303.63	 7200.19
16:03:28	 7871.33	 7749.77	  121.56	  246.08	 4102.53	  938.65	 3163.88	  303.66	 7200.03
16:03:30	 7871.33	 7750.14	  121.20	  246.34	 4102.53	  938.65	 3163.88	  303.67	 7200.12
16:03:32	 7871.33	 7750.74	  120.59	  246.36	 4102.53	  938.65	 3163.88	  303.68	 7200.70
16:03:34	 7871.33	 7750.48	  120.85	  246.64	 4102.53	  938.65	 3163.88	  303.71	 7200.13
16:03:36	 7871.33	 7750.73	  120.61	  246.65	 4102.53	  938.65	 3163.88	  303.71	 7200.36
16:03:38	 7871.33	 7750.77	  120.56	  246.70	 4102.53	  938.65	 3163.88	  303.73	 7200.35
16:03:40	 7871.33	 7751.00	  120.33	  246.95	 4102.53	  938.65	 3163.88	  303.75	 7200.29
16:03:42	 7871.33	 7754.70	  116.63	  246.96	 4102.53	  938.65	 3163.88	  303.77	 7203.97
16:03:44	 7871.33	 7751.61	  119.73	  247.23	 4102.53	  938.65	 3163.88	  303.78	 7200.59
16:03:46	 7871.33	 7751.45	  119.88	  247.24	 4102.53	  938.65	 3163.88	  303.80	 7200.41
16:03:48	 7871.33	 7750.97	  120.36	  247.26	 4102.53	  938.65	 3163.88	  303.82	 7199.89
16:03:50	 7871.33	 7754.45	  116.88	  247.53	 4102.53	  938.65	 3163.88	  303.84	 7203.09
16:03:52	 7871.33	 7753.47	  117.86	  247.54	 4102.53	  938.65	 3163.88	  303.85	 7202.09
16:03:54	 7871.33	 7752.30	  119.03	  247.80	 4102.53	  938.65	 3163.88	  303.87	 7200.62
16:03:56	 7871.33	 7752.30	  119.03	  247.83	 4102.53	  938.65	 3163.88	  303.88	 7200.59
16:03:58	 7871.33	 7752.76	  118.57	  247.84	 4102.53	  938.65	 3163.88	  303.90	 7201.01
16:04:00	 7871.33	 7752.54	  118.79	  248.11	 4102.53	  938.65	 3163.88	  303.92	 7200.52
16:04:02	 7871.33	 7752.70	  118.63	  248.13	 4102.53	  938.65	 3163.88	  303.95	 7200.62
16:04:04	 7871.33	 7752.95	  118.38	  248.40	 4102.53	  938.65	 3163.88	  303.95	 7200.61
16:04:06	 7871.33	 7753.18	  118.15	  248.41	 4102.53	  938.65	 3163.88	  303.96	 7200.81
16:04:08	 7871.33	 7752.57	  118.76	  248.41	 4102.53	  938.65	 3163.88	  303.99	 7200.18
16:04:10	 7871.33	 7753.27	  118.06	  248.70	 4102.53	  938.65	 3163.88	  304.00	 7200.57
16:04:12	 7871.33	 7753.29	  118.05	  248.71	 4102.53	  938.65	 3163.88	  304.02	 7200.55
16:04:14	 7871.33	 7756.79	  114.54	  248.97	 4102.53	  938.65	 3163.88	  304.04	 7203.79
16:04:16	 7871.33	 7755.48	  115.85	  249.00	 4102.53	  938.65	 3163.88	  304.04	 7202.44
16:04:18	 7871.33	 7753.27	  118.06	  249.00	 4102.53	  938.65	 3163.88	  304.07	 7200.20
16:04:20	 7871.33	 7753.63	  117.70	  249.27	 4102.53	  938.65	 3163.88	  304.07	 7200.29
16:04:22	 7871.33	 7753.75	  117.58	  249.29	 4102.53	  938.65	 3163.88	  304.09	 7200.38
16:04:24	 7871.33	 7756.84	  114.49	  249.55	 4102.53	  938.65	 3163.88	  304.11	 7203.19
16:04:26	 7871.33	 7754.27	  117.06	  249.57	 4102.53	  938.65	 3163.88	  304.12	 7200.57
16:04:28	 7871.33	 7753.79	  117.54	  249.60	 4102.53	  938.65	 3163.88	  304.13	 7200.06
16:04:30	 7871.33	 7754.24	  117.09	  249.87	 4102.53	  938.65	 3163.88	  304.14	 7200.23
16:04:32	 7871.33	 7754.48	  116.85	  249.88	 4102.53	  938.65	 3163.88	  304.18	 7200.43
16:04:34	 7871.33	 7754.72	  116.61	  250.14	 4102.53	  938.65	 3163.88	  304.19	 7200.39
16:04:36	 7871.33	 7745.94	  125.39	  240.27	 4102.53	  938.65	 3163.88	  304.11	 7201.56
16:04:38	 7871.33	 7744.59	  126.74	  240.29	 4102.53	  938.65	 3163.88	  304.12	 7200.18
16:04:40	 7871.33	 7744.95	  126.38	  240.55	 4102.53	  938.65	 3163.88	  304.12	 7200.28
16:04:42	 7871.33	 7745.05	  126.28	  240.56	 4102.53	  938.65	 3163.88	  304.15	 7200.34
16:04:44	 7871.33	 7745.40	  125.93	  240.82	 4102.53	  938.65	 3163.88	  304.16	 7200.41
16:04:46	 7871.33	 7749.26	  122.07	  240.85	 4102.53	  938.65	 3163.88	  304.17	 7204.25
16:04:48	 7871.33	 7745.19	  126.14	  240.86	 4102.53	  938.65	 3163.88	  304.21	 7200.12
16:04:50	 7871.33	 7745.55	  125.78	  241.11	 4102.53	  938.65	 3163.88	  304.22	 7200.22
16:04:52	 7871.33	 7745.17	  126.16	  241.13	 4102.53	  938.65	 3163.88	  304.23	 7199.81
16:04:54	 7871.33	 7746.00	  125.33	  241.40	 4102.53	  938.65	 3163.88	  304.26	 7200.35
16:04:56	 7871.33	 7746.25	  125.09	  241.41	 4102.53	  938.65	 3163.88	  304.26	 7200.58
16:04:58	 7871.33	 7746.89	  124.44	  241.41	 4102.53	  938.65	 3163.88	  304.29	 7201.19
16:05:00	 7871.33	 7746.28	  125.05	  241.68	 4102.53	  938.65	 3163.88	  304.30	 7200.30
16:05:02	 7871.33	 7746.52	  124.81	  241.70	 4102.53	  938.65	 3163.88	  304.31	 7200.51
16:05:04	 7871.33	 7747.00	  124.33	  241.96	 4102.53	  938.65	 3163.88	  304.33	 7200.71
16:05:06	 7871.33	 7747.09	  124.24	  242.00	 4102.53	  938.65	 3163.88	  304.34	 7200.76
16:05:08	 7871.33	 7746.65	  124.68	  242.01	 4102.53	  938.65	 3163.88	  304.37	 7200.27
16:05:10	 7871.33	 7747.25	  124.09	  242.29	 4102.53	  938.65	 3163.88	  304.38	 7200.58
16:05:12	 7871.33	 7747.25	  124.09	  242.29	 4102.53	  938.65	 3163.88	  304.41	 7200.55
16:05:14	 7871.33	 7747.82	  123.51	  242.57	 4102.53	  938.65	 3163.88	  304.42	 7200.84
16:05:16	 7871.33	 7747.70	  123.63	  242.57	 4102.53	  938.65	 3163.88	  304.43	 7200.69
16:05:18	 7871.33	 7751.05	  120.28	  242.59	 4102.53	  938.65	 3163.88	  304.45	 7204.02
16:05:20	 7871.33	 7748.10	  123.23	  242.85	 4102.53	  938.65	 3163.88	  304.46	 7200.79
16:05:22	 7871.33	 7748.09	  123.24	  242.87	 4102.53	  938.65	 3163.88	  304.48	 7200.74
16:05:24	 7871.33	 7748.46	  122.88	  243.14	 4102.53	  938.65	 3163.88	  304.50	 7200.82
16:05:26	 7871.33	 7748.43	  122.91	  243.16	 4102.53	  938.65	 3163.88	  304.51	 7200.75
16:05:28	 7871.33	 7747.82	  123.51	  243.19	 4102.53	  938.65	 3163.88	  304.52	 7200.11
16:05:30	 7871.33	 7748.30	  123.03	  243.45	 4102.53	  938.65	 3163.88	  304.55	 7200.31
16:05:32	 7871.33	 7748.58	  122.75	  243.46	 4102.53	  938.65	 3163.88	  304.55	 7200.56
16:05:34	 7871.33	 7748.81	  122.52	  243.74	 4102.53	  938.65	 3163.88	  304.57	 7200.51
16:05:36	 7871.33	 7749.17	  122.16	  243.77	 4102.53	  938.65	 3163.88	  304.57	 7200.83
16:05:38	 7871.33	 7748.79	  122.54	  243.78	 4102.53	  938.65	 3163.88	  304.60	 7200.41
16:05:40	 7871.33	 7749.27	  122.06	  244.04	 4102.53	  938.65	 3163.88	  304.62	 7200.61
16:05:43	 7871.33	 7749.27	  122.06	  244.06	 4102.53	  938.65	 3163.88	  304.64	 7200.58
16:05:45	 7871.33	 7749.68	  121.66	  244.34	 4102.53	  938.65	 3163.88	  304.63	 7200.71
16:05:47	 7871.33	 7749.53	  121.80	  244.36	 4102.53	  938.65	 3163.88	  304.65	 7200.52
16:05:49	 7871.33	 7749.29	  122.04	  244.63	 4102.53	  938.65	 3163.88	  304.59	 7200.07
16:05:51	 7871.33	 7752.98	  118.35	  244.64	 4102.53	  938.65	 3163.88	  304.70	 7203.65
16:05:53	 7871.33	 7749.65	  121.68	  244.65	 4102.53	  938.65	 3163.88	  304.71	 7200.29
16:05:55	 7871.33	 7751.47	  119.86	  244.92	 4102.53	  938.65	 3163.88	  304.72	 7201.83
16:05:57	 7871.33	 7750.39	  120.95	  244.95	 4102.53	  938.65	 3163.88	  304.73	 7200.71
16:05:59	 7871.33	 7749.89	  121.44	  245.21	 4102.53	  938.65	 3163.88	  304.77	 7199.91
16:06:01	 7871.33	 7750.26	  121.07	  245.22	 4102.53	  938.65	 3163.88	  304.79	 7200.24
16:06:03	 7871.33	 7750.36	  120.97	  245.23	 4102.53	  938.65	 3163.88	  304.82	 7200.32
16:06:05	 7871.33	 7750.86	  120.47	  245.51	 4102.53	  938.65	 3163.88	  304.82	 7200.54
16:06:07	 7871.33	 7751.37	  119.96	  245.54	 4102.53	  938.65	 3163.88	  304.84	 7201.00
16:06:09	 7871.33	 7750.86	  120.47	  245.79	 4102.53	  938.65	 3163.88	  304.85	 7200.23
16:06:11	 7871.33	 7750.98	  120.35	  245.81	 4102.53	  938.65	 3163.88	  304.87	 7200.30
16:06:13	 7871.33	 7751.35	  119.98	  245.82	 4102.53	  938.65	 3163.88	  304.89	 7200.63
16:06:15	 7871.33	 7751.57	  119.76	  246.09	 4102.53	  938.65	 3163.88	  304.90	 7200.58
16:06:17	 7871.33	 7751.82	  119.52	  246.11	 4102.53	  938.65	 3163.88	  304.91	 7200.79
16:06:19	 7871.33	 7751.24	  120.09	  246.38	 4102.53	  938.65	 3163.88	  304.93	 7199.94
16:06:21	 7871.33	 7751.85	  119.48	  246.39	 4102.53	  938.65	 3163.88	  304.94	 7200.52
16:06:23	 7871.33	 7751.70	  119.64	  246.42	 4102.53	  938.65	 3163.88	  304.95	 7200.32
16:06:25	 7871.33	 7752.08	  119.25	  246.69	 4102.53	  938.65	 3163.88	  304.97	 7200.43
16:06:27	 7871.33	 7752.30	  119.03	  246.71	 4102.53	  938.65	 3163.88	  304.99	 7200.61
16:06:29	 7871.33	 7754.96	  116.37	  246.97	 4102.53	  938.65	 3163.88	  305.02	 7202.98
16:06:31	 7871.33	 7752.94	  118.39	  246.99	 4102.53	  938.65	 3163.88	  305.02	 7200.93
16:06:33	 7871.33	 7754.95	  116.38	  247.00	 4102.53	  938.65	 3163.88	  305.04	 7202.92
16:06:35	 7871.33	 7753.03	  118.30	  247.25	 4102.53	  938.65	 3163.88	  305.05	 7200.72
16:06:37	 7871.33	 7753.15	  118.18	  247.28	 4102.53	  938.65	 3163.88	  305.06	 7200.80
16:06:39	 7871.33	 7753.15	  118.18	  247.54	 4102.53	  938.65	 3163.88	  305.08	 7200.52
16:06:41	 7871.33	 7753.30	  118.03	  247.57	 4102.53	  938.65	 3163.88	  305.09	 7200.64
16:06:43	 7871.33	 7753.42	  117.91	  247.59	 4102.53	  938.65	 3163.88	  305.12	 7200.72
16:06:45	 7871.33	 7753.66	  117.67	  247.84	 4102.53	  938.65	 3163.88	  305.14	 7200.68
16:06:47	 7871.33	 7753.75	  117.58	  247.86	 4102.53	  938.65	 3163.88	  305.16	 7200.73
16:06:49	 7871.33	 7753.63	  117.70	  248.13	 4102.53	  938.65	 3163.88	  305.17	 7200.33
16:06:51	 7871.33	 7757.12	  114.21	  248.15	 4102.53	  938.65	 3163.88	  305.18	 7203.78
16:06:53	 7871.33	 7754.27	  117.06	  248.16	 4102.53	  938.65	 3163.88	  305.20	 7200.91
16:06:55	 7871.33	 7755.04	  116.30	  248.44	 4102.53	  938.65	 3163.88	  305.22	 7201.37
16:06:57	 7871.33	 7754.88	  116.46	  248.46	 4102.53	  938.65	 3163.88	  305.25	 7201.17
16:06:59	 7871.33	 7754.38	  116.96	  248.72	 4102.53	  938.65	 3163.88	  305.26	 7200.39
16:07:01	 7871.33	 7754.84	  116.49	  248.73	 4102.53	  938.65	 3163.88	  305.28	 7200.83
16:07:03	 7871.33	 7754.99	  116.34	  248.76	 4102.53	  938.65	 3163.88	  305.30	 7200.93
16:07:05	 7871.33	 7757.34	  114.00	  249.01	 4102.53	  938.65	 3163.88	  305.31	 7203.01
16:07:07	 7871.33	 7755.10	  116.23	  249.03	 4102.53	  938.65	 3163.88	  305.31	 7200.77
16:07:09	 7871.33	 7755.10	  116.23	  249.30	 4102.53	  938.65	 3163.88	  305.33	 7200.48
16:07:11	 7871.33	 7755.22	  116.11	  249.30	 4102.53	  938.65	 3163.88	  305.36	 7200.56
16:07:13	 7871.33	 7754.98	  116.35	  249.31	 4102.53	  938.65	 3163.88	  305.38	 7200.29
16:07:15	 7871.33	 7755.46	  115.87	  249.58	 4102.53	  938.65	 3163.88	  305.38	 7200.50
16:07:17	 7871.33	 7755.23	  116.10	  249.60	 4102.53	  938.65	 3163.88	  305.40	 7200.23
16:07:19	 7871.33	 7755.72	  115.61	  249.86	 4102.53	  938.65	 3163.88	  305.42	 7200.45
16:07:21	 7871.33	 7755.59	  115.75	  249.87	 4102.53	  938.65	 3163.88	  305.43	 7200.29
16:07:23	 7871.33	 7755.71	  115.62	  249.90	 4102.53	  938.65	 3163.88	  305.45	 7200.36
16:07:25	 7871.33	 7756.34	  114.99	  250.16	 4102.53	  938.65	 3163.88	  305.46	 7200.73
16:07:27	 7871.33	 7755.84	  115.49	  250.17	 4102.53	  938.65	 3163.88	  305.48	 7200.20
16:07:29	 7871.33	 7756.34	  115.00	  250.43	 4102.53	  938.65	 3163.88	  305.49	 7200.41
16:07:31	 7871.33	 7756.18	  115.15	  250.45	 4102.53	  938.65	 3163.88	  305.50	 7200.24
16:07:33	 7871.33	 7756.43	  114.90	  250.46	 4102.53	  938.65	 3163.88	  305.53	 7200.44
16:07:35	 7871.33	 7756.55	  114.79	  250.71	 4102.53	  938.65	 3163.88	  305.55	 7200.29
16:07:37	 7871.33	 7761.41	  109.92	  250.73	 4102.53	  938.65	 3163.88	  305.55	 7205.12
16:07:39	 7871.33	 7746.64	  124.69	  241.20	 4102.53	  938.65	 3163.88	  305.40	 7200.05
16:07:41	 7871.33	 7746.76	  124.57	  241.22	 4102.53	  938.65	 3163.88	  305.41	 7200.13
16:07:43	 7871.33	 7747.12	  124.21	  241.25	 4102.53	  938.65	 3163.88	  305.43	 7200.45
16:07:45	 7871.33	 7747.59	  123.75	  241.53	 4102.53	  938.65	 3163.88	  305.45	 7200.61
16:07:47	 7871.33	 7746.99	  124.34	  241.53	 4102.53	  938.65	 3163.88	  305.47	 7199.99
16:07:49	 7871.33	 7747.48	  123.85	  241.80	 4102.53	  938.65	 3163.88	  305.48	 7200.20
16:07:51	 7871.33	 7748.09	  123.25	  241.80	 4102.53	  938.65	 3163.88	  305.50	 7200.79
16:07:53	 7871.33	 7748.20	  123.13	  241.80	 4102.53	  938.65	 3163.88	  305.52	 7200.88
16:07:55	 7871.33	 7748.18	  123.15	  242.07	 4102.53	  938.65	 3163.88	  305.54	 7200.57
16:07:57	 7871.33	 7747.82	  123.51	  242.09	 4102.53	  938.65	 3163.88	  305.55	 7200.19
16:07:59	 7871.33	 7751.64	  119.70	  242.34	 4102.53	  938.65	 3163.88	  305.56	 7203.74
16:08:01	 7871.33	 7748.56	  122.77	  242.36	 4102.53	  938.65	 3163.88	  305.58	 7200.62
16:08:03	 7871.33	 7748.68	  122.65	  242.41	 4102.53	  938.65	 3163.88	  305.59	 7200.69
16:08:05	 7871.33	 7749.17	  122.16	  242.68	 4102.53	  938.65	 3163.88	  305.60	 7200.88
16:08:07	 7871.33	 7748.55	  122.79	  242.71	 4102.53	  938.65	 3163.88	  305.62	 7200.21
16:08:09	 7871.33	 7749.70	  121.63	  242.96	 4102.53	  938.65	 3163.88	  305.64	 7201.09
16:08:11	 7871.33	 7753.00	  118.33	  242.99	 4102.53	  938.65	 3163.88	  305.65	 7204.36
16:08:13	 7871.33	 7749.04	  122.29	  243.03	 4102.53	  938.65	 3163.88	  305.65	 7200.36
16:08:15	 7871.33	 7750.02	  121.32	  243.30	 4102.53	  938.65	 3163.88	  305.69	 7201.03
16:08:17	 7871.33	 7749.30	  122.03	  243.32	 4102.53	  938.65	 3163.88	  305.72	 7200.27
16:08:19	 7871.33	 7749.76	  121.57	  243.57	 4102.53	  938.65	 3163.88	  305.73	 7200.46
16:08:21	 7871.33	 7750.00	  121.33	  243.61	 4102.53	  938.65	 3163.88	  305.73	 7200.66
16:08:23	 7871.33	 7750.18	  121.16	  243.62	 4102.53	  938.65	 3163.88	  305.76	 7200.79
16:08:25	 7871.33	 7750.64	  120.70	  243.89	 4102.53	  938.65	 3163.88	  305.77	 7200.98
16:08:28	 7871.33	 7750.03	  121.30	  243.91	 4102.53	  938.65	 3163.88	  305.78	 7200.34
16:08:30	 7871.33	 7750.53	  120.80	  244.16	 4102.53	  938.65	 3163.88	  305.80	 7200.57
16:08:32	 7871.33	 7751.02	  120.32	  244.18	 4102.53	  938.65	 3163.88	  305.82	 7201.02
16:08:34	 7871.33	 7751.00	  120.33	  244.46	 4102.53	  938.65	 3163.88	  305.75	 7200.79
16:08:36	 7871.33	 7750.88	  120.45	  244.47	 4102.53	  938.65	 3163.88	  305.85	 7200.56
16:08:38	 7871.33	 7750.50	  120.83	  244.49	 4102.53	  938.65	 3163.88	  305.86	 7200.15
16:08:40	 7871.33	 7750.73	  120.60	  244.75	 4102.53	  938.65	 3163.88	  305.87	 7200.11
16:08:42	 7871.33	 7753.70	  117.63	  244.77	 4102.53	  938.65	 3163.88	  305.91	 7203.03
16:08:44	 7871.33	 7751.94	  119.39	  245.02	 4102.53	  938.65	 3163.88	  305.92	 7201.00
16:08:46	 7871.33	 7754.31	  117.02	  245.04	 4102.53	  938.65	 3163.88	  305.94	 7203.34
16:08:48	 7871.33	 7751.23	  120.11	  245.05	 4102.53	  938.65	 3163.88	  305.96	 7200.21
16:08:50	 7871.33	 7751.12	  120.21	  245.31	 4102.53	  938.65	 3163.88	  305.96	 7199.85
16:08:52	 7871.33	 7751.94	  119.39	  245.33	 4102.53	  938.65	 3163.88	  305.98	 7200.62
16:08:54	 7871.33	 7752.42	  118.91	  245.58	 4102.53	  938.65	 3163.88	  306.01	 7200.83
16:08:56	 7871.33	 7752.42	  118.91	  245.59	 4102.53	  938.65	 3163.88	  306.01	 7200.82
16:08:58	 7871.33	 7752.20	  119.14	  245.61	 4102.53	  938.65	 3163.88	  306.02	 7200.56
16:09:00	 7871.33	 7752.56	  118.77	  245.86	 4102.53	  938.65	 3163.88	  306.05	 7200.64
16:09:02	 7871.33	 7752.68	  118.65	  245.89	 4102.53	  938.65	 3163.88	  306.07	 7200.72
16:09:04	 7871.33	 7753.39	  117.94	  246.15	 4102.53	  938.65	 3163.88	  306.09	 7201.16
16:09:06	 7871.33	 7753.27	  118.06	  246.15	 4102.53	  938.65	 3163.88	  306.09	 7201.02
16:09:08	 7871.33	 7752.57	  118.77	  246.17	 4102.53	  938.65	 3163.88	  306.11	 7200.29
16:09:10	 7871.33	 7753.30	  118.03	  246.43	 4102.53	  938.65	 3163.88	  306.14	 7200.73
16:09:12	 7871.33	 7753.06	  118.27	  246.45	 4102.53	  938.65	 3163.88	  306.14	 7200.48
16:09:14	 7871.33	 7755.46	  115.87	  246.71	 4102.53	  938.65	 3163.88	  306.15	 7202.60
16:09:16	 7871.33	 7754.00	  117.33	  246.71	 4102.53	  938.65	 3163.88	  306.17	 7201.12
16:09:18	 7871.33	 7752.92	  118.41	  246.73	 4102.53	  938.65	 3163.88	  306.18	 7200.01
16:09:20	 7871.33	 7754.75	  116.58	  247.01	 4102.53	  938.65	 3163.88	  306.20	 7201.55
16:09:22	 7871.33	 7753.77	  117.56	  247.02	 4102.53	  938.65	 3163.88	  306.21	 7200.54
16:09:24	 7871.33	 7754.63	  116.70	  247.27	 4102.53	  938.65	 3163.88	  306.24	 7201.12
16:09:26	 7871.33	 7755.17	  116.16	  247.28	 4102.53	  938.65	 3163.88	  306.25	 7201.64
16:09:28	 7871.33	 7754.66	  116.68	  247.29	 4102.53	  938.65	 3163.88	  306.27	 7201.10
16:09:30	 7871.33	 7754.88	  116.45	  247.55	 4102.53	  938.65	 3163.88	  306.28	 7201.05
16:09:32	 7871.33	 7757.62	  113.71	  247.57	 4102.53	  938.65	 3163.88	  306.30	 7203.76
16:09:34	 7871.33	 7755.25	  116.08	  247.83	 4102.53	  938.65	 3163.88	  306.31	 7201.11
16:09:36	 7871.33	 7755.52	  115.81	  247.83	 4102.53	  938.65	 3163.88	  306.33	 7201.36
16:09:38	 7871.33	 7754.87	  116.46	  247.86	 4102.53	  938.65	 3163.88	  306.36	 7200.66
16:09:40	 7871.33	 7755.47	  115.86	  248.12	 4102.53	  938.65	 3163.88	  306.37	 7200.99
16:09:42	 7871.33	 7755.59	  115.74	  248.14	 4102.53	  938.65	 3163.88	  306.39	 7201.06
16:09:44	 7871.33	 7756.15	  115.18	  248.41	 4102.53	  938.65	 3163.88	  306.41	 7201.33
16:09:46	 7871.33	 7759.21	  112.12	  248.43	 4102.53	  938.65	 3163.88	  306.41	 7204.36
16:09:48	 7871.33	 7755.22	  116.11	  248.46	 4102.53	  938.65	 3163.88	  306.43	 7200.33
16:09:50	 7871.33	 7755.83	  115.50	  248.72	 4102.53	  938.65	 3163.88	  306.45	 7200.66
16:09:52	 7871.33	 7755.94	  115.39	  248.77	 4102.53	  938.65	 3163.88	  306.47	 7200.71
16:09:54	 7871.33	 7757.18	  114.15	  249.02	 4102.53	  938.65	 3163.88	  306.48	 7201.68
16:09:56	 7871.33	 7756.21	  115.12	  249.04	 4102.53	  938.65	 3163.88	  306.51	 7200.66
16:09:58	 7871.33	 7755.85	  115.48	  249.07	 4102.53	  938.65	 3163.88	  306.51	 7200.27
16:10:00	 7871.33	 7756.55	  114.79	  249.34	 4102.53	  938.65	 3163.88	  306.53	 7200.68
16:10:02	 7871.33	 7756.43	  114.91	  249.36	 4102.53	  938.65	 3163.88	  306.55	 7200.52
16:10:04	 7871.33	 7756.91	  114.42	  249.62	 4102.53	  938.65	 3163.88	  306.56	 7200.73
16:10:06	 7871.33	 7757.21	  114.12	  249.64	 4102.53	  938.65	 3163.88	  306.57	 7201.01
16:10:08	 7871.33	 7749.75	  121.59	  240.46	 4102.53	  938.65	 3163.88	  305.88	 7203.41
16:10:10	 7871.33	 7747.25	  124.09	  240.73	 4102.53	  938.65	 3163.88	  305.80	 7200.71
16:10:12	 7871.33	 7747.36	  123.97	  240.74	 4102.53	  938.65	 3163.88	  305.83	 7200.79
16:10:14	 7871.33	 7747.71	  123.62	  241.00	 4102.53	  938.65	 3163.88	  305.84	 7200.88
16:10:16	 7871.33	 7747.59	  123.74	  241.02	 4102.53	  938.65	 3163.88	  305.85	 7200.72
16:10:18	 7871.33	 7751.25	  120.09	  241.03	 4102.53	  938.65	 3163.88	  305.88	 7204.34
16:10:20	 7871.33	 7748.55	  122.78	  241.29	 4102.53	  938.65	 3163.88	  305.88	 7201.38
16:10:22	 7871.33	 7748.78	  122.55	  241.31	 4102.53	  938.65	 3163.88	  305.92	 7201.55
16:10:24	 7871.33	 7748.88	  122.46	  241.57	 4102.53	  938.65	 3163.88	  305.91	 7201.39
16:10:26	 7871.33	 7749.08	  122.25	  241.59	 4102.53	  938.65	 3163.88	  305.93	 7201.55
16:10:28	 7871.33	 7748.97	  122.36	  241.59	 4102.53	  938.65	 3163.88	  305.95	 7201.43
16:10:30	 7871.33	 7748.99	  122.34	  241.86	 4102.53	  938.65	 3163.88	  305.96	 7201.16
16:10:32	 7871.33	 7748.88	  122.45	  241.87	 4102.53	  938.65	 3163.88	  305.98	 7201.03
16:10:34	 7871.33	 7749.46	  121.87	  242.12	 4102.53	  938.65	 3163.88	  306.01	 7201.34
16:10:36	 7871.33	 7749.59	  121.75	  242.14	 4102.53	  938.65	 3163.88	  306.01	 7201.43
16:10:38	 7871.33	 7749.09	  122.25	  242.16	 4102.53	  938.65	 3163.88	  306.03	 7200.89
16:10:40	 7871.33	 7757.61	  113.73	  242.41	 4102.53	  938.65	 3163.88	  306.22	 7208.98
16:10:42	 7871.33	 7749.85	  121.48	  242.42	 4102.53	  938.65	 3163.88	  306.19	 7201.24
16:10:44	 7871.33	 7749.84	  121.49	  242.68	 4102.53	  938.65	 3163.88	  306.20	 7200.96
16:10:46	 7871.33	 7750.24	  121.09	  242.70	 4102.53	  938.65	 3163.88	  306.21	 7201.33
16:10:48	 7871.33	 7749.59	  121.75	  242.72	 4102.53	  938.65	 3163.88	  306.23	 7200.64
16:10:50	 7871.33	 7750.33	  121.00	  242.98	 4102.53	  938.65	 3163.88	  306.25	 7201.10
16:10:52	 7871.33	 7750.93	  120.40	  243.00	 4102.53	  938.65	 3163.88	  306.25	 7201.68
16:10:54	 7871.33	 7751.06	  120.27	  243.26	 4102.53	  938.65	 3163.88	  306.27	 7201.54
16:10:56	 7871.33	 7751.03	  120.30	  243.29	 4102.53	  938.65	 3163.88	  306.29	 7201.46
16:10:58	 7871.33	 7750.66	  120.67	  243.30	 4102.53	  938.65	 3163.88	  306.30	 7201.06
16:11:00	 7871.33	 7751.02	  120.32	  243.56	 4102.53	  938.65	 3163.88	  306.32	 7201.14
16:11:02	 7871.33	 7751.88	  119.45	  243.58	 4102.53	  938.65	 3163.88	  306.34	 7201.96
16:11:04	 7871.33	 7751.89	  119.45	  243.84	 4102.53	  938.65	 3163.88	  306.36	 7201.69
16:11:07	 7871.33	 7751.89	  119.45	  243.85	 4102.53	  938.65	 3163.88	  306.36	 7201.67
16:11:09	 7871.33	 7751.37	  119.96	  244.11	 4102.53	  938.65	 3163.88	  306.30	 7200.96
16:11:11	 7871.33	 7751.61	  119.72	  244.12	 4102.53	  938.65	 3163.88	  306.40	 7201.09
16:11:13	 7871.33	 7755.34	  115.99	  244.15	 4102.53	  938.65	 3163.88	  306.41	 7204.78
16:11:15	 7871.33	 7754.58	  116.75	  244.41	 4102.53	  938.65	 3163.88	  306.42	 7203.75
16:11:17	 7871.33	 7752.49	  118.84	  244.43	 4102.53	  938.65	 3163.88	  306.45	 7201.62
16:11:19	 7871.33	 7752.25	  119.08	  244.69	 4102.53	  938.65	 3163.88	  306.38	 7201.18
16:11:21	 7871.33	 7752.34	  118.99	  244.70	 4102.53	  938.65	 3163.88	  306.48	 7201.16
16:11:23	 7871.33	 7752.58	  118.75	  244.72	 4102.53	  938.65	 3163.88	  306.51	 7201.35
16:11:25	 7871.33	 7753.19	  118.14	  245.00	 4102.53	  938.65	 3163.88	  306.52	 7201.67
16:11:27	 7871.33	 7753.22	  118.11	  245.01	 4102.53	  938.65	 3163.88	  306.54	 7201.66
16:11:29	 7871.33	 7752.86	  118.48	  245.28	 4102.53	  938.65	 3163.88	  306.55	 7201.03
16:11:31	 7871.33	 7753.22	  118.11	  245.29	 4102.53	  938.65	 3163.88	  306.57	 7201.36
16:11:33	 7871.33	 7753.17	  118.16	  245.31	 4102.53	  938.65	 3163.88	  306.59	 7201.27
16:11:35	 7871.33	 7754.07	  117.27	  245.56	 4102.53	  938.65	 3163.88	  306.61	 7201.89
16:11:37	 7871.33	 7753.20	  118.14	  245.59	 4102.53	  938.65	 3163.88	  306.62	 7200.98
16:11:39	 7871.33	 7753.31	  118.02	  245.85	 4102.53	  938.65	 3163.88	  306.63	 7200.83
16:11:41	 7871.33	 7753.67	  117.66	  245.87	 4102.53	  938.65	 3163.88	  306.64	 7201.16
16:11:43	 7871.33	 7753.69	  117.64	  245.89	 4102.53	  938.65	 3163.88	  306.66	 7201.14
16:11:45	 7871.33	 7757.75	  113.58	  246.16	 4102.53	  938.65	 3163.88	  306.69	 7204.91
16:11:47	 7871.33	 7754.38	  116.95	  246.18	 4102.53	  938.65	 3163.88	  306.70	 7201.50
16:11:49	 7871.33	 7755.14	  116.19	  246.44	 4102.53	  938.65	 3163.88	  306.72	 7201.98
16:11:51	 7871.33	 7754.16	  117.18	  246.46	 4102.53	  938.65	 3163.88	  306.73	 7200.97
16:11:53	 7871.33	 7754.53	  116.80	  246.48	 4102.53	  938.65	 3163.88	  306.75	 7201.30
16:11:55	 7871.33	 7754.88	  116.45	  246.73	 4102.53	  938.65	 3163.88	  306.77	 7201.38
16:11:57	 7871.33	 7754.99	  116.34	  246.76	 4102.53	  938.65	 3163.88	  306.78	 7201.45
16:11:59	 7871.33	 7754.87	  116.46	  247.03	 4102.53	  938.65	 3163.88	  306.80	 7201.04
16:12:01	 7871.33	 7755.14	  116.19	  247.05	 4102.53	  938.65	 3163.88	  306.81	 7201.28
16:12:03	 7871.33	 7755.02	  116.31	  247.06	 4102.53	  938.65	 3163.88	  306.83	 7201.13
16:12:05	 7871.33	 7755.50	  115.83	  247.33	 4102.53	  938.65	 3163.88	  306.86	 7201.32
16:12:07	 7871.33	 7755.51	  115.82	  247.35	 4102.53	  938.65	 3163.88	  306.86	 7201.30
16:12:09	 7871.33	 7755.36	  115.97	  247.62	 4102.53	  938.65	 3163.88	  306.89	 7200.86
16:12:11	 7871.33	 7755.72	  115.61	  247.63	 4102.53	  938.65	 3163.88	  306.89	 7201.20
16:12:13	 7871.33	 7756.12	  115.21	  247.65	 4102.53	  938.65	 3163.88	  306.91	 7201.57
16:12:15	 7871.33	 7756.12	  115.21	  247.90	 4102.53	  938.65	 3163.88	  306.92	 7201.29
16:12:17	 7871.33	 7759.43	  111.90	  247.91	 4102.53	  938.65	 3163.88	  306.94	 7204.58
16:12:19	 7871.33	 7755.97	  115.36	  248.18	 4102.53	  938.65	 3163.88	  306.95	 7200.84
16:12:21	 7871.33	 7756.21	  115.12	  248.19	 4102.53	  938.65	 3163.88	  306.96	 7201.06
16:12:23	 7871.33	 7759.30	  112.03	  248.21	 4102.53	  938.65	 3163.88	  306.98	 7204.11
16:12:25	 7871.33	 7756.47	  114.86	  248.48	 4102.53	  938.65	 3163.88	  307.01	 7200.99
16:12:27	 7871.33	 7757.25	  114.09	  248.49	 4102.53	  938.65	 3163.88	  307.02	 7201.73
16:12:29	 7871.33	 7756.84	  114.50	  248.75	 4102.53	  938.65	 3163.88	  307.04	 7201.04
16:12:31	 7871.33	 7757.07	  114.26	  248.78	 4102.53	  938.65	 3163.88	  307.05	 7201.24
16:12:33	 7871.33	 7757.31	  114.02	  248.80	 4102.53	  938.65	 3163.88	  307.06	 7201.45
16:12:35	 7871.33	 7757.68	  113.66	  249.08	 4102.53	  938.65	 3163.88	  307.09	 7201.51
16:12:37	 7871.33	 7757.43	  113.90	  249.10	 4102.53	  938.65	 3163.88	  307.11	 7201.23
16:12:39	 7871.33	 7757.31	  114.02	  249.36	 4102.53	  938.65	 3163.88	  307.12	 7200.83
16:12:41	 7871.33	 7757.54	  113.79	  249.38	 4102.53	  938.65	 3163.88	  307.12	 7201.04
16:12:43	 7871.33	 7757.78	  113.55	  249.38	 4102.53	  938.65	 3163.88	  307.15	 7201.25
16:12:45	 7871.33	 7757.90	  113.43	  249.66	 4102.53	  938.65	 3163.88	  307.17	 7201.07
16:12:47	 7871.33	 7747.64	  123.69	  240.22	 4102.53	  938.65	 3163.88	  307.02	 7200.40
16:12:49	 7871.33	 7748.38	  122.95	  240.49	 4102.53	  938.65	 3163.88	  307.02	 7200.88
16:12:51	 7871.33	 7748.47	  122.86	  240.51	 4102.53	  938.65	 3163.88	  307.03	 7200.93
16:12:53	 7871.33	 7748.70	  122.63	  240.52	 4102.53	  938.65	 3163.88	  307.06	 7201.12
16:12:55	 7871.33	 7748.96	  122.38	  240.80	 4102.53	  938.65	 3163.88	  307.07	 7201.08
16:12:57	 7871.33	 7749.83	  121.50	  240.81	 4102.53	  938.65	 3163.88	  307.09	 7201.92
16:12:59	 7871.33	 7751.09	  120.25	  241.08	 4102.53	  938.65	 3163.88	  307.10	 7202.91
16:13:01	 7871.33	 7749.59	  121.75	  241.09	 4102.53	  938.65	 3163.88	  307.12	 7201.38
16:13:03	 7871.33	 7749.60	  121.73	  241.10	 4102.53	  938.65	 3163.88	  307.14	 7201.36
16:13:05	 7871.33	 7751.42	  119.91	  241.38	 4102.53	  938.65	 3163.88	  307.14	 7202.90
16:13:07	 7871.33	 7749.23	  122.10	  241.39	 4102.53	  938.65	 3163.88	  307.18	 7200.67
16:13:09	 7871.33	 7750.93	  120.40	  241.64	 4102.53	  938.65	 3163.88	  307.20	 7202.10
16:13:11	 7871.33	 7751.80	  119.53	  241.65	 4102.53	  938.65	 3163.88	  307.21	 7202.94
16:13:13	 7871.33	 7752.27	  119.07	  241.66	 4102.53	  938.65	 3163.88	  307.23	 7203.37
16:13:15	 7871.33	 7752.36	  118.98	  241.93	 4102.53	  938.65	 3163.88	  307.24	 7203.18
16:13:17	 7871.33	 7751.99	  119.34	  241.96	 4102.53	  938.65	 3163.88	  307.25	 7202.77
16:13:19	 7871.33	 7754.98	  116.36	  242.23	 4102.53	  938.65	 3163.88	  307.28	 7205.47
16:13:21	 7871.33	 7752.89	  118.44	  242.26	 4102.53	  938.65	 3163.88	  307.28	 7203.36
16:13:23	 7871.33	 7752.60	  118.73	  242.26	 4102.53	  938.65	 3163.88	  307.31	 7203.03
16:13:25	 7871.33	 7753.20	  118.13	  242.52	 4102.53	  938.65	 3163.88	  307.31	 7203.37
16:13:27	 7871.33	 7752.33	  119.00	  242.55	 4102.53	  938.65	 3163.88	  307.34	 7202.45
16:13:29	 7871.33	 7752.60	  118.73	  242.80	 4102.53	  938.65	 3163.88	  307.36	 7202.44
16:13:31	 7871.33	 7755.59	  115.74	  242.82	 4102.53	  938.65	 3163.88	  307.36	 7205.41
16:13:33	 7871.33	 7752.97	  118.36	  242.84	 4102.53	  938.65	 3163.88	  307.37	 7202.76
16:13:35	 7871.33	 7753.33	  118.00	  243.10	 4102.53	  938.65	 3163.88	  307.41	 7202.83
16:13:37	 7871.33	 7753.06	  118.27	  243.13	 4102.53	  938.65	 3163.88	  307.40	 7202.53
16:13:39	 7871.33	 7753.42	  117.91	  243.39	 4102.53	  938.65	 3163.88	  307.43	 7202.60
16:13:41	 7871.33	 7753.54	  117.79	  243.40	 4102.53	  938.65	 3163.88	  307.45	 7202.70
16:13:43	 7871.33	 7753.56	  117.77	  243.41	 4102.53	  938.65	 3163.88	  307.46	 7202.68
16:13:46	 7871.33	 7753.94	  117.39	  243.68	 4102.53	  938.65	 3163.88	  307.49	 7202.77
16:13:48	 7871.33	 7753.44	  117.89	  243.70	 4102.53	  938.65	 3163.88	  307.50	 7202.24
16:13:50	 7871.33	 7753.92	  117.41	  243.96	 4102.53	  938.65	 3163.88	  307.52	 7202.44
16:13:52	 7871.33	 7753.67	  117.66	  244.00	 4102.53	  938.65	 3163.88	  307.52	 7202.15
16:13:54	 7871.33	 7757.79	  113.55	  244.26	 4102.53	  938.65	 3163.88	  307.47	 7206.06
16:13:56	 7871.33	 7744.13	  127.20	  233.79	 4102.53	  938.65	 3163.88	  307.56	 7202.79
16:13:58	 7871.33	 7743.41	  127.92	  233.81	 4102.53	  938.65	 3163.88	  307.57	 7202.03
16:14:00	 7871.33	 7744.00	  127.33	  234.07	 4102.53	  938.65	 3163.88	  307.59	 7202.34
16:14:02	 7871.33	 7743.98	  127.35	  234.09	 4102.53	  938.65	 3163.88	  307.61	 7202.29
16:14:04	 7871.33	 7744.11	  127.23	  234.36	 4102.53	  938.65	 3163.88	  307.62	 7202.13
16:14:06	 7871.33	 7745.96	  125.37	  234.38	 4102.53	  938.65	 3163.88	  307.66	 7203.93
16:14:08	 7871.33	 7744.02	  127.32	  234.41	 4102.53	  938.65	 3163.88	  307.67	 7201.93
16:14:10	 7871.33	 7744.62	  126.71	  234.68	 4102.53	  938.65	 3163.88	  307.68	 7202.27
16:14:12	 7871.33	 7744.83	  126.50	  234.69	 4102.53	  938.65	 3163.88	  307.70	 7202.45
16:14:14	 7871.33	 7745.20	  126.14	  234.96	 4102.53	  938.65	 3163.88	  307.73	 7202.51
16:14:16	 7871.33	 7748.31	  123.02	  234.97	 4102.53	  938.65	 3163.88	  307.73	 7205.61
16:14:18	 7871.33	 7744.38	  126.95	  234.98	 4102.53	  938.65	 3163.88	  307.75	 7201.64
16:14:20	 7871.33	 7745.21	  126.12	  235.25	 4102.53	  938.65	 3163.88	  307.77	 7202.20
16:14:22	 7871.33	 7745.57	  125.76	  235.26	 4102.53	  938.65	 3163.88	  307.79	 7202.53
16:14:24	 7871.33	 7745.80	  125.53	  235.54	 4102.53	  938.65	 3163.88	  307.77	 7202.49
16:14:26	 7871.33	 7745.80	  125.53	  235.54	 4102.53	  938.65	 3163.88	  307.82	 7202.44
16:14:28	 7871.33	 7746.32	  125.01	  235.54	 4102.53	  938.65	 3163.88	  307.84	 7202.95
16:14:30	 7871.33	 7745.59	  125.74	  235.82	 4102.53	  938.65	 3163.88	  307.84	 7201.93
16:14:32	 7871.33	 7747.04	  124.29	  235.84	 4102.53	  938.65	 3163.88	  307.86	 7203.34
16:14:34	 7871.33	 7746.04	  125.30	  236.19	 4102.53	  938.65	 3163.88	  307.88	 7201.97
16:14:36	 7871.33	 7746.40	  124.93	  236.22	 4102.53	  938.65	 3163.88	  307.89	 7202.29
16:14:38	 7871.33	 7745.79	  125.54	  236.23	 4102.53	  938.65	 3163.88	  307.91	 7201.65
16:14:40	 7871.33	 7746.17	  125.16	  236.51	 4102.53	  938.65	 3163.88	  307.93	 7201.73
16:14:42	 7871.33	 7746.41	  124.92	  236.53	 4102.53	  938.65	 3163.88	  307.94	 7201.94
16:14:44	 7871.33	 7746.88	  124.45	  236.79	 4102.53	  938.65	 3163.88	  307.96	 7202.13
16:14:46	 7871.33	 7747.25	  124.09	  236.81	 4102.53	  938.65	 3163.88	  307.97	 7202.46
16:14:48	 7871.33	 7745.98	  125.35	  236.83	 4102.53	  938.65	 3163.88	  308.00	 7201.15
16:14:50	 7871.33	 7747.76	  123.57	  237.12	 4102.53	  938.65	 3163.88	  308.00	 7202.64
16:14:52	 7871.33	 7747.02	  124.31	  237.13	 4102.53	  938.65	 3163.88	  308.03	 7201.86
16:14:54	 7871.33	 7747.14	  124.19	  237.39	 4102.53	  938.65	 3163.88	  308.04	 7201.70
16:14:56	 7871.33	 7747.49	  123.84	  237.40	 4102.53	  938.65	 3163.88	  308.06	 7202.02
16:14:58	 7871.33	 7748.26	  123.07	  237.42	 4102.53	  938.65	 3163.88	  308.08	 7202.77
16:15:00	 7871.33	 7747.01	  124.32	  237.68	 4102.53	  938.65	 3163.88	  308.09	 7201.25
16:15:02	 7871.33	 7747.26	  124.07	  237.69	 4102.53	  938.65	 3163.88	  308.11	 7201.47
16:15:04	 7871.33	 7747.76	  123.57	  237.96	 4102.53	  938.65	 3163.88	  308.12	 7201.68
16:15:06	 7871.33	 7747.87	  123.46	  237.98	 4102.53	  938.65	 3163.88	  308.14	 7201.75
16:15:08	 7871.33	 7748.76	  122.57	  237.98	 4102.53	  938.65	 3163.88	  308.16	 7202.62
16:15:10	 7871.33	 7747.65	  123.68	  238.25	 4102.53	  938.65	 3163.88	  308.16	 7201.23
16:15:12	 7871.33	 7749.21	  122.12	  238.26	 4102.53	  938.65	 3163.88	  308.20	 7202.76
16:15:14	 7871.33	 7749.29	  122.05	  238.52	 4102.53	  938.65	 3163.88	  308.19	 7202.57
16:15:16	 7871.33	 7749.14	  122.19	  238.53	 4102.53	  938.65	 3163.88	  308.21	 7202.40
16:15:18	 7871.33	 7748.41	  122.93	  238.54	 4102.53	  938.65	 3163.88	  308.23	 7201.63
16:15:20	 7871.33	 7748.97	  122.36	  238.79	 4102.53	  938.65	 3163.88	  308.25	 7201.93
16:15:22	 7871.33	 7749.08	  122.25	  238.81	 4102.53	  938.65	 3163.88	  308.26	 7202.01
16:15:24	 7871.33	 7749.58	  121.75	  239.06	 4102.53	  938.65	 3163.88	  308.28	 7202.24
16:15:26	 7871.33	 7749.81	  121.52	  239.08	 4102.53	  938.65	 3163.88	  308.28	 7202.45
16:15:28	 7871.33	 7749.08	  122.25	  239.10	 4102.53	  938.65	 3163.88	  308.31	 7201.67
16:15:30	 7871.33	 7752.27	  119.06	  239.37	 4102.53	  938.65	 3163.88	  308.32	 7204.58
16:15:32	 7871.33	 7749.68	  121.65	  239.40	 4102.53	  938.65	 3163.88	  308.34	 7201.95
16:15:34	 7871.33	 7750.30	  121.04	  239.66	 4102.53	  938.65	 3163.88	  308.36	 7202.28
16:15:36	 7871.33	 7750.71	  120.62	  239.69	 4102.53	  938.65	 3163.88	  308.38	 7202.64
16:15:38	 7871.33	 7749.85	  121.48	  239.70	 4102.53	  938.65	 3163.88	  308.39	 7201.76
16:15:40	 7871.33	 7750.43	  120.91	  239.96	 4102.53	  938.65	 3163.88	  308.41	 7202.06
16:15:42	 7871.33	 7750.66	  120.67	  239.97	 4102.53	  938.65	 3163.88	  308.43	 7202.26
16:15:44	 7871.33	 7751.27	  120.07	  240.24	 4102.53	  938.65	 3163.88	  308.45	 7202.58
16:15:46	 7871.33	 7752.14	  119.20	  240.25	 4102.53	  938.65	 3163.88	  308.45	 7203.43
16:15:48	 7871.33	 7750.56	  120.77	  240.27	 4102.53	  938.65	 3163.88	  308.48	 7201.81
16:15:50	 7871.33	 7751.17	  120.16	  240.53	 4102.53	  938.65	 3163.88	  308.49	 7202.15
16:15:52	 7871.33	 7751.14	  120.19	  240.53	 4102.53	  938.65	 3163.88	  308.51	 7202.11
16:15:54	 7871.33	 7751.61	  119.72	  240.80	 4102.53	  938.65	 3163.88	  308.51	 7202.30
16:15:56	 7871.33	 7751.73	  119.60	  240.80	 4102.53	  938.65	 3163.88	  308.54	 7202.39
16:15:58	 7871.33	 7751.14	  120.19	  240.81	 4102.53	  938.65	 3163.88	  308.56	 7201.77
16:16:00	 7871.33	 7751.66	  119.67	  241.09	 4102.53	  938.65	 3163.88	  308.57	 7202.01
16:16:02	 7871.33	 7754.98	  116.35	  241.10	 4102.53	  938.65	 3163.88	  308.58	 7205.31
16:16:04	 7871.33	 7751.86	  119.48	  241.36	 4102.53	  938.65	 3163.88	  308.60	 7201.89
16:16:06	 7871.33	 7752.36	  118.97	  241.38	 4102.53	  938.65	 3163.88	  308.61	 7202.38
16:16:08	 7871.33	 7754.44	  116.89	  231.14	 4102.53	  938.65	 3163.88	  308.70	 7214.60
16:16:10	 7871.33	 7755.98	  115.36	  231.41	 4102.53	  938.65	 3163.88	  308.79	 7215.77
16:16:12	 7871.33	 7756.34	  114.99	  231.43	 4102.53	  938.65	 3163.88	  308.80	 7216.11
16:16:14	 7871.33	 7756.84	  114.49	  231.70	 4102.53	  938.65	 3163.88	  308.82	 7216.32
16:16:16	 7871.33	 7756.66	  114.68	  231.73	 4102.53	  938.65	 3163.88	  308.81	 7216.11
16:16:18	 7871.33	 7752.53	  118.80	  231.74	 4102.53	  938.65	 3163.88	  308.86	 7211.93
16:16:20	 7871.33	 7753.27	  118.07	  232.02	 4102.53	  938.65	 3163.88	  308.85	 7212.40
16:16:22	 7871.33	 7753.48	  117.86	  232.02	 4102.53	  938.65	 3163.88	  308.89	 7212.56
16:16:24	 7871.33	 7753.71	  117.62	  232.29	 4102.53	  938.65	 3163.88	  308.89	 7212.54
16:16:27	 7871.33	 7753.82	  117.52	  232.31	 4102.53	  938.65	 3163.88	  308.91	 7212.60
16:16:29	 7871.33	 7752.46	  118.87	  232.58	 4102.53	  938.65	 3163.88	  308.84	 7211.04
16:16:31	 7871.33	 7753.07	  118.27	  232.61	 4102.53	  938.65	 3163.88	  308.94	 7211.52
16:16:33	 7871.33	 7753.60	  117.73	  232.62	 4102.53	  938.65	 3163.88	  308.96	 7212.01
16:16:35	 7871.33	 7756.57	  114.77	  232.89	 4102.53	  938.65	 3163.88	  308.97	 7214.71
16:16:37	 7871.33	 7753.81	  117.52	  232.90	 4102.53	  938.65	 3163.88	  308.98	 7211.93
16:16:39	 7871.33	 7753.20	  118.13	  233.16	 4102.53	  938.65	 3163.88	  308.93	 7211.11
16:16:41	 7871.33	 7753.68	  117.65	  233.18	 4102.53	  938.65	 3163.88	  309.01	 7211.48
16:16:43	 7871.33	 7753.91	  117.42	  233.21	 4102.53	  938.65	 3163.88	  309.05	 7211.65
16:16:45	 7871.33	 7756.27	  115.06	  233.46	 4102.53	  938.65	 3163.88	  309.06	 7213.75
16:16:47	 7871.33	 7754.41	  116.92	  233.48	 4102.53	  938.65	 3163.88	  309.09	 7211.84
16:16:49	 7871.33	 7754.29	  117.04	  233.75	 4102.53	  938.65	 3163.88	  309.10	 7211.45
16:16:51	 7871.33	 7754.41	  116.92	  233.77	 4102.53	  938.65	 3163.88	  309.12	 7211.53
16:16:53	 7871.33	 7754.52	  116.81	  233.77	 4102.53	  938.65	 3163.88	  309.13	 7211.61
16:16:55	 7871.33	 7754.88	  116.45	  234.04	 4102.53	  938.65	 3163.88	  309.15	 7211.70
16:16:57	 7871.33	 7755.02	  116.31	  234.05	 4102.53	  938.65	 3163.88	  309.17	 7211.80
16:16:59	 7871.33	 7754.90	  116.43	  234.32	 4102.53	  938.65	 3163.88	  309.17	 7211.41
16:17:01	 7871.33	 7754.90	  116.43	  234.34	 4102.53	  938.65	 3163.88	  309.19	 7211.38
16:17:03	 7871.33	 7755.39	  115.94	  234.34	 4102.53	  938.65	 3163.88	  309.20	 7211.85
16:17:05	 7871.33	 7755.37	  115.96	  234.61	 4102.53	  938.65	 3163.88	  309.21	 7211.54
16:17:07	 7871.33	 7759.18	  112.15	  234.62	 4102.53	  938.65	 3163.88	  309.23	 7215.34
16:17:09	 7871.33	 7756.00	  115.34	  234.87	 4102.53	  938.65	 3163.88	  309.26	 7211.87
16:17:11	 7871.33	 7755.40	  115.93	  234.89	 4102.53	  938.65	 3163.88	  309.27	 7211.24
16:17:13	 7871.33	 7755.76	  115.57	  234.91	 4102.53	  938.65	 3163.88	  309.29	 7211.55
16:17:15	 7871.33	 7756.12	  115.21	  235.18	 4102.53	  938.65	 3163.88	  309.29	 7211.66
16:17:17	 7871.33	 7756.46	  114.87	  235.19	 4102.53	  938.65	 3163.88	  309.33	 7211.95
16:17:19	 7871.33	 7756.11	  115.22	  235.45	 4102.53	  938.65	 3163.88	  309.34	 7211.31
16:17:21	 7871.33	 7756.47	  114.86	  235.48	 4102.53	  938.65	 3163.88	  309.35	 7211.64
16:17:23	 7871.33	 7756.37	  114.96	  235.50	 4102.53	  938.65	 3163.88	  309.37	 7211.49
16:17:25	 7871.33	 7756.72	  114.61	  235.76	 4102.53	  938.65	 3163.88	  309.39	 7211.57
16:17:27	 7871.33	 7757.10	  114.23	  235.78	 4102.53	  938.65	 3163.88	  309.40	 7211.93
16:17:29	 7871.33	 7746.55	  124.78	  226.45	 4102.53	  938.65	 3163.88	  309.00	 7211.10
16:17:31	 7871.33	 7746.79	  124.55	  226.47	 4102.53	  938.65	 3163.88	  309.02	 7211.30
16:17:33	 7871.33	 7748.15	  123.18	  226.49	 4102.53	  938.65	 3163.88	  309.04	 7212.62
16:17:35	 7871.33	 7747.41	  123.92	  226.75	 4102.53	  938.65	 3163.88	  309.06	 7211.61
16:17:37	 7871.33	 7747.77	  123.56	  226.77	 4102.53	  938.65	 3163.88	  309.07	 7211.93
16:17:39	 7871.33	 7749.90	  121.43	  227.04	 4102.53	  938.65	 3163.88	  309.07	 7213.78
16:17:41	 7871.33	 7747.38	  123.95	  227.06	 4102.53	  938.65	 3163.88	  309.10	 7211.23
16:17:43	 7871.33	 7747.38	  123.95	  227.09	 4102.53	  938.65	 3163.88	  309.11	 7211.18
16:17:45	 7871.33	 7749.21	  122.12	  227.35	 4102.53	  938.65	 3163.88	  309.13	 7212.74
16:17:47	 7871.33	 7748.12	  123.21	  227.36	 4102.53	  938.65	 3163.88	  309.14	 7211.62
16:17:49	 7871.33	 7747.51	  123.82	  227.62	 4102.53	  938.65	 3163.88	  309.16	 7210.73
16:17:51	 7871.33	 7748.12	  123.21	  227.62	 4102.53	  938.65	 3163.88	  309.18	 7211.31
16:17:53	 7871.33	 7748.22	  123.11	  227.64	 4102.53	  938.65	 3163.88	  309.19	 7211.39
16:17:55	 7871.33	 7748.22	  123.11	  227.91	 4102.53	  938.65	 3163.88	  309.20	 7211.11
16:17:57	 7871.33	 7749.70	  121.63	  227.92	 4102.53	  938.65	 3163.88	  309.23	 7212.55
16:17:59	 7871.33	 7748.24	  123.09	  228.18	 4102.53	  938.65	 3163.88	  309.24	 7210.82
16:18:01	 7871.33	 7748.84	  122.49	  228.20	 4102.53	  938.65	 3163.88	  309.26	 7211.38
16:18:03	 7871.33	 7748.72	  122.61	  228.21	 4102.53	  938.65	 3163.88	  309.28	 7211.24
16:18:05	 7871.33	 7749.07	  122.26	  228.48	 4102.53	  938.65	 3163.88	  309.29	 7211.30
16:18:07	 7871.33	 7749.07	  122.26	  228.52	 4102.53	  938.65	 3163.88	  309.30	 7211.25
16:18:09	 7871.33	 7749.70	  121.63	  228.80	 4102.53	  938.65	 3163.88	  309.32	 7211.58
16:18:11	 7871.33	 7752.32	  119.01	  228.81	 4102.53	  938.65	 3163.88	  309.33	 7214.18
16:18:13	 7871.33	 7749.19	  122.14	  228.81	 4102.53	  938.65	 3163.88	  309.36	 7211.02
16:18:15	 7871.33	 7749.55	  121.78	  229.10	 4102.53	  938.65	 3163.88	  309.36	 7211.09
16:18:17	 7871.33	 7749.28	  122.05	  229.13	 4102.53	  938.65	 3163.88	  309.38	 7210.77
16:18:19	 7871.33	 7749.27	  122.07	  229.39	 4102.53	  938.65	 3163.88	  309.40	 7210.47
16:18:21	 7871.33	 7749.91	  121.42	  229.41	 4102.53	  938.65	 3163.88	  309.41	 7211.10
16:18:23	 7871.33	 7741.08	  130.25	  229.41	 4102.53	  938.65	 3163.88	  300.33	 7211.33
16:18:25	 7871.33	 7741.20	  130.13	  229.68	 4102.53	  938.65	 3163.88	  300.34	 7211.17
16:18:27	 7871.33	 7741.08	  130.25	  229.70	 4102.53	  938.65	 3163.88	  300.36	 7211.02
