    Time	  MemTotal	   MemUsed	   MemFree	   MemBuff	SwapTotal	SwapUsed	SwapFree	SwapCached	RealUsedMem
15:55:30	 7871.33	 7751.23	  120.11	  223.48	 4102.53	  963.68	 3138.85	  287.36	 7240.38
15:55:32	 7871.33	 7751.57	  119.77	  223.50	 4102.53	  963.68	 3138.85	  287.41	 7240.65
15:55:34	 7871.33	 7751.06	  120.27	  223.79	 4102.53	  963.68	 3138.85	  287.44	 7239.84
15:55:36	 7871.33	 7751.45	  119.88	  223.82	 4102.53	  963.68	 3138.85	  287.46	 7240.18
15:55:38	 7871.33	 7751.70	  119.64	  224.08	 4102.53	  963.68	 3138.85	  287.47	 7240.14
15:55:40	 7871.33	 7753.04	  118.29	  224.11	 4102.53	  963.68	 3138.85	  287.50	 7241.44
15:55:42	 7871.33	 7751.82	  119.52	  224.14	 4102.53	  963.68	 3138.85	  287.50	 7240.18
15:55:44	 7871.33	 7751.70	  119.64	  224.41	 4102.53	  963.68	 3138.85	  287.52	 7239.76
15:55:46	 7871.33	 7751.94	  119.39	  224.44	 4102.53	  963.68	 3138.85	  287.54	 7239.96
15:55:48	 7871.33	 7752.66	  118.67	  224.71	 4102.53	  963.68	 3138.85	  287.55	 7240.41
15:55:50	 7871.33	 7752.66	  118.67	  224.73	 4102.53	  963.68	 3138.85	  287.57	 7240.36
15:55:52	 7871.33	 7755.16	  116.17	  224.76	 4102.53	  963.68	 3138.85	  287.60	 7242.81
15:55:54	 7871.33	 7756.39	  114.94	  225.03	 4102.53	  963.68	 3138.85	  287.61	 7243.75
15:55:56	 7871.33	 7752.44	  118.89	  225.06	 4102.53	  963.68	 3138.85	  287.62	 7239.76
15:55:58	 7871.33	 7753.16	  118.17	  225.32	 4102.53	  963.68	 3138.85	  287.64	 7240.21
15:56:00	 7871.33	 7753.41	  117.92	  225.35	 4102.53	  963.68	 3138.85	  287.65	 7240.41
15:56:02	 7871.33	 7753.41	  117.93	  225.36	 4102.53	  963.68	 3138.85	  287.67	 7240.38
15:56:04	 7871.33	 7753.29	  118.05	  225.62	 4102.53	  963.68	 3138.85	  287.69	 7239.97
15:56:06	 7871.33	 7753.76	  117.57	  225.65	 4102.53	  963.68	 3138.85	  287.71	 7240.41
15:56:08	 7871.33	 7753.76	  117.57	  225.91	 4102.53	  963.68	 3138.85	  287.72	 7240.14
15:56:10	 7871.33	 7753.89	  117.44	  225.94	 4102.53	  963.68	 3138.85	  287.74	 7240.21
15:56:12	 7871.33	 7754.38	  116.96	  225.97	 4102.53	  963.68	 3138.85	  287.76	 7240.64
15:56:14	 7871.33	 7754.99	  116.34	  226.23	 4102.53	  963.68	 3138.85	  287.77	 7240.99
15:56:16	 7871.33	 7754.17	  117.16	  226.23	 4102.53	  963.68	 3138.85	  287.79	 7240.14
15:56:18	 7871.33	 7754.78	  116.55	  226.50	 4102.53	  963.68	 3138.85	  287.80	 7240.48
15:56:20	 7871.33	 7755.03	  116.30	  226.51	 4102.53	  963.68	 3138.85	  287.83	 7240.69
15:56:22	 7871.33	 7754.90	  116.43	  226.52	 4102.53	  963.68	 3138.85	  287.84	 7240.54
15:56:24	 7871.33	 7754.77	  116.56	  226.79	 4102.53	  963.68	 3138.85	  287.86	 7240.13
15:56:26	 7871.33	 7759.23	  112.10	  226.83	 4102.53	  963.68	 3138.85	  287.88	 7244.52
15:56:28	 7871.33	 7745.85	  125.48	  217.50	 4102.53	  963.68	 3138.85	  287.73	 7240.61
15:56:30	 7871.33	 7745.81	  125.52	  217.53	 4102.53	  963.68	 3138.85	  287.75	 7240.53
15:56:32	 7871.33	 7745.92	  125.41	  217.55	 4102.53	  963.68	 3138.85	  287.78	 7240.60
15:56:34	 7871.33	 7745.57	  125.77	  217.81	 4102.53	  963.68	 3138.85	  287.79	 7239.96
15:56:36	 7871.33	 7745.81	  125.52	  217.84	 4102.53	  963.68	 3138.85	  287.81	 7240.16
15:56:38	 7871.33	 7746.21	  125.12	  218.11	 4102.53	  963.68	 3138.85	  287.83	 7240.27
15:56:40	 7871.33	 7746.04	  125.29	  218.13	 4102.53	  963.68	 3138.85	  287.85	 7240.07
15:56:42	 7871.33	 7746.39	  124.94	  218.15	 4102.53	  963.68	 3138.85	  287.86	 7240.38
15:56:45	 7871.33	 7746.03	  125.30	  218.41	 4102.53	  963.68	 3138.85	  287.88	 7239.73
15:56:47	 7871.33	 7746.50	  124.83	  218.45	 4102.53	  963.68	 3138.85	  287.89	 7240.17
15:56:49	 7871.33	 7746.99	  124.34	  218.74	 4102.53	  963.68	 3138.85	  287.91	 7240.34
15:56:51	 7871.33	 7746.77	  124.56	  218.75	 4102.53	  963.68	 3138.85	  287.92	 7240.10
15:56:53	 7871.33	 7747.25	  124.08	  219.01	 4102.53	  963.68	 3138.85	  287.85	 7240.39
15:56:55	 7871.33	 7746.75	  124.59	  219.04	 4102.53	  963.68	 3138.85	  287.95	 7239.75
15:56:57	 7871.33	 7747.12	  124.21	  219.05	 4102.53	  963.68	 3138.85	  287.97	 7240.10
15:56:59	 7871.33	 7749.73	  121.60	  219.31	 4102.53	  963.68	 3138.85	  287.98	 7242.44
15:57:01	 7871.33	 7748.57	  122.76	  219.32	 4102.53	  963.68	 3138.85	  288.00	 7241.25
15:57:03	 7871.33	 7747.75	  123.58	  219.58	 4102.53	  963.68	 3138.85	  287.94	 7240.23
15:57:05	 7871.33	 7747.38	  123.95	  219.61	 4102.53	  963.68	 3138.85	  288.03	 7239.74
15:57:07	 7871.33	 7747.84	  123.49	  219.61	 4102.53	  963.68	 3138.85	  288.06	 7240.17
15:57:09	 7871.33	 7748.21	  123.12	  219.89	 4102.53	  963.68	 3138.85	  288.06	 7240.25
15:57:11	 7871.33	 7748.46	  122.87	  219.91	 4102.53	  963.68	 3138.85	  288.08	 7240.47
15:57:13	 7871.33	 7750.80	  120.53	  220.19	 4102.53	  963.68	 3138.85	  288.01	 7242.61
15:57:15	 7871.33	 7748.21	  123.12	  220.23	 4102.53	  963.68	 3138.85	  288.11	 7239.88
15:57:17	 7871.33	 7748.45	  122.88	  220.25	 4102.53	  963.68	 3138.85	  288.14	 7240.06
15:57:19	 7871.33	 7748.80	  122.54	  220.52	 4102.53	  963.68	 3138.85	  288.15	 7240.13
15:57:21	 7871.33	 7749.10	  122.23	  220.54	 4102.53	  963.68	 3138.85	  288.17	 7240.39
15:57:23	 7871.33	 7749.04	  122.29	  220.80	 4102.53	  963.68	 3138.85	  288.11	 7240.13
15:57:25	 7871.33	 7749.06	  122.27	  220.82	 4102.53	  963.68	 3138.85	  288.21	 7240.04
15:57:27	 7871.33	 7749.18	  122.15	  220.86	 4102.53	  963.68	 3138.85	  288.22	 7240.11
15:57:29	 7871.33	 7749.45	  121.88	  221.14	 4102.53	  963.68	 3138.85	  288.22	 7240.09
15:57:31	 7871.33	 7752.27	  119.07	  221.16	 4102.53	  963.68	 3138.85	  288.24	 7242.87
15:57:33	 7871.33	 7750.01	  121.32	  221.47	 4102.53	  963.68	 3138.85	  288.17	 7240.37
15:57:35	 7871.33	 7750.25	  121.08	  221.49	 4102.53	  963.68	 3138.85	  288.27	 7240.48
15:57:37	 7871.33	 7750.17	  121.16	  221.54	 4102.53	  963.68	 3138.85	  288.29	 7240.34
15:57:39	 7871.33	 7750.52	  120.81	  221.81	 4102.53	  963.68	 3138.85	  288.32	 7240.39
15:57:41	 7871.33	 7750.54	  120.79	  221.82	 4102.53	  963.68	 3138.85	  288.34	 7240.38
15:57:43	 7871.33	 7751.11	  120.23	  222.09	 4102.53	  963.68	 3138.85	  288.26	 7240.76
15:57:45	 7871.33	 7750.14	  121.20	  222.09	 4102.53	  963.68	 3138.85	  288.36	 7239.68
15:57:47	 7871.33	 7752.47	  118.86	  222.12	 4102.53	  963.68	 3138.85	  288.38	 7241.97
15:57:49	 7871.33	 7750.77	  120.57	  222.39	 4102.53	  963.68	 3138.85	  288.39	 7239.98
15:57:51	 7871.33	 7751.00	  120.33	  222.40	 4102.53	  963.68	 3138.85	  288.42	 7240.18
15:57:53	 7871.33	 7751.23	  120.10	  222.68	 4102.53	  963.68	 3138.85	  288.34	 7240.22
15:57:55	 7871.33	 7751.34	  119.99	  222.69	 4102.53	  963.68	 3138.85	  288.45	 7240.21
15:57:57	 7871.33	 7751.70	  119.63	  222.70	 4102.53	  963.68	 3138.85	  288.46	 7240.55
15:57:59	 7871.33	 7751.98	  119.36	  222.97	 4102.53	  963.68	 3138.85	  288.48	 7240.53
15:58:01	 7871.33	 7751.86	  119.48	  222.99	 4102.53	  963.68	 3138.85	  288.48	 7240.38
15:58:03	 7871.33	 7755.44	  115.89	  223.27	 4102.53	  963.68	 3138.85	  288.57	 7243.60
15:58:05	 7871.33	 7751.11	  120.23	  223.28	 4102.53	  963.68	 3138.85	  288.52	 7239.30
15:58:07	 7871.33	 7752.07	  119.27	  223.29	 4102.53	  963.68	 3138.85	  288.55	 7240.23
15:58:09	 7871.33	 7752.42	  118.91	  223.57	 4102.53	  963.68	 3138.85	  288.56	 7240.29
15:58:11	 7871.33	 7752.80	  118.53	  223.58	 4102.53	  963.68	 3138.85	  288.58	 7240.64
15:58:13	 7871.33	 7753.05	  118.28	  223.84	 4102.53	  963.68	 3138.85	  288.50	 7240.71
15:58:15	 7871.33	 7752.45	  118.88	  223.85	 4102.53	  963.68	 3138.85	  288.60	 7240.01
15:58:17	 7871.33	 7753.12	  118.21	  223.86	 4102.53	  963.68	 3138.85	  288.64	 7240.62
15:58:19	 7871.33	 7753.12	  118.21	  224.15	 4102.53	  963.68	 3138.85	  288.65	 7240.33
15:58:21	 7871.33	 7754.38	  116.95	  224.16	 4102.53	  963.68	 3138.85	  288.67	 7241.56
15:58:23	 7871.33	 7753.52	  117.81	  224.43	 4102.53	  963.68	 3138.85	  288.68	 7240.41
15:58:25	 7871.33	 7753.53	  117.80	  224.43	 4102.53	  963.68	 3138.85	  288.70	 7240.40
15:58:27	 7871.33	 7753.62	  117.71	  224.44	 4102.53	  963.68	 3138.85	  288.71	 7240.47
15:58:29	 7871.33	 7754.10	  117.23	  224.73	 4102.53	  963.68	 3138.85	  288.71	 7240.66
15:58:31	 7871.33	 7754.10	  117.23	  224.73	 4102.53	  963.68	 3138.85	  288.74	 7240.63
15:58:33	 7871.33	 7754.61	  116.72	  224.99	 4102.53	  963.68	 3138.85	  288.76	 7240.86
15:58:35	 7871.33	 7757.10	  114.23	  225.01	 4102.53	  963.68	 3138.85	  288.77	 7243.32
15:58:37	 7871.33	 7754.26	  117.07	  225.02	 4102.53	  963.68	 3138.85	  288.79	 7240.45
15:58:39	 7871.33	 7754.60	  116.73	  225.29	 4102.53	  963.68	 3138.85	  288.80	 7240.52
15:58:41	 7871.33	 7754.84	  116.49	  225.31	 4102.53	  963.68	 3138.85	  288.82	 7240.71
15:58:43	 7871.33	 7755.44	  115.89	  225.56	 4102.53	  963.68	 3138.85	  288.84	 7241.04
15:58:45	 7871.33	 7755.76	  115.57	  225.58	 4102.53	  963.68	 3138.85	  288.86	 7241.33
15:58:47	 7871.33	 7755.00	  116.34	  225.61	 4102.53	  963.68	 3138.85	  288.86	 7240.53
15:58:49	 7871.33	 7755.36	  115.97	  225.88	 4102.53	  963.68	 3138.85	  288.89	 7240.59
15:58:51	 7871.33	 7755.33	  116.00	  225.92	 4102.53	  963.68	 3138.85	  288.90	 7240.51
15:58:53	 7871.33	 7755.69	  115.64	  226.20	 4102.53	  963.68	 3138.85	  288.92	 7240.57
15:58:55	 7871.33	 7757.84	  113.50	  226.21	 4102.53	  963.68	 3138.85	  288.94	 7242.68
15:58:57	 7871.33	 7755.97	  115.36	  226.21	 4102.53	  963.68	 3138.85	  288.95	 7240.80
15:58:59	 7871.33	 7756.73	  114.60	  226.48	 4102.53	  963.68	 3138.85	  288.97	 7241.28
15:59:01	 7871.33	 7756.34	  115.00	  226.50	 4102.53	  963.68	 3138.85	  288.97	 7240.86
15:59:03	 7871.33	 7756.67	  114.66	  226.78	 4102.53	  963.68	 3138.85	  288.98	 7240.91
15:59:05	 7871.33	 7756.30	  115.03	  226.78	 4102.53	  963.68	 3138.85	  289.02	 7240.50
15:59:07	 7871.33	 7749.52	  121.81	  216.22	 4102.53	  963.68	 3138.85	  288.44	 7244.86
15:59:09	 7871.33	 7747.28	  124.05	  216.50	 4102.53	  963.68	 3138.85	  288.37	 7242.41
15:59:11	 7871.33	 7745.75	  125.58	  216.52	 4102.53	  963.68	 3138.85	  288.40	 7240.83
15:59:13	 7871.33	 7745.39	  125.94	  216.81	 4102.53	  963.68	 3138.85	  288.41	 7240.17
15:59:15	 7871.33	 7745.63	  125.70	  216.84	 4102.53	  963.68	 3138.85	  288.41	 7240.38
15:59:17	 7871.33	 7746.00	  125.33	  216.85	 4102.53	  963.68	 3138.85	  288.44	 7240.72
15:59:19	 7871.33	 7746.28	  125.05	  217.10	 4102.53	  963.68	 3138.85	  288.46	 7240.71
15:59:22	 7871.33	 7747.36	  123.97	  217.11	 4102.53	  963.68	 3138.85	  288.48	 7241.77
15:59:24	 7871.33	 7746.48	  124.85	  217.39	 4102.53	  963.68	 3138.85	  288.50	 7240.59
15:59:26	 7871.33	 7746.24	  125.09	  217.40	 4102.53	  963.68	 3138.85	  288.52	 7240.32
15:59:28	 7871.33	 7746.48	  124.85	  217.65	 4102.53	  963.68	 3138.85	  288.45	 7240.38
15:59:30	 7871.33	 7750.09	  121.25	  217.68	 4102.53	  963.68	 3138.85	  288.55	 7243.86
15:59:32	 7871.33	 7747.36	  123.97	  217.70	 4102.53	  963.68	 3138.85	  288.56	 7241.10
15:59:34	 7871.33	 7746.75	  124.58	  217.96	 4102.53	  963.68	 3138.85	  288.58	 7240.21
15:59:36	 7871.33	 7746.96	  124.37	  218.02	 4102.53	  963.68	 3138.85	  288.58	 7240.36
15:59:38	 7871.33	 7747.33	  124.00	  218.29	 4102.53	  963.68	 3138.85	  288.53	 7240.52
15:59:40	 7871.33	 7750.06	  121.27	  218.32	 4102.53	  963.68	 3138.85	  288.62	 7243.12
15:59:42	 7871.33	 7747.72	  123.61	  218.35	 4102.53	  963.68	 3138.85	  288.63	 7240.74
15:59:44	 7871.33	 7747.24	  124.09	  218.62	 4102.53	  963.68	 3138.85	  288.66	 7239.96
15:59:46	 7871.33	 7747.60	  123.73	  218.63	 4102.53	  963.68	 3138.85	  288.67	 7240.30
15:59:48	 7871.33	 7747.81	  123.52	  218.89	 4102.53	  963.68	 3138.85	  288.59	 7240.33
15:59:50	 7871.33	 7748.19	  123.14	  218.93	 4102.53	  963.68	 3138.85	  288.70	 7240.56
15:59:52	 7871.33	 7748.18	  123.16	  218.93	 4102.53	  963.68	 3138.85	  288.71	 7240.53
15:59:54	 7871.33	 7748.07	  123.26	  219.20	 4102.53	  963.68	 3138.85	  288.73	 7240.14
15:59:56	 7871.33	 7747.96	  123.38	  219.23	 4102.53	  963.68	 3138.85	  288.76	 7239.97
15:59:58	 7871.33	 7748.45	  122.88	  219.50	 4102.53	  963.68	 3138.85	  288.69	 7240.26
16:00:00	 7871.33	 7748.79	  122.54	  219.54	 4102.53	  963.68	 3138.85	  288.78	 7240.46
16:00:02	 7871.33	 7748.92	  122.41	  219.56	 4102.53	  963.67	 3138.86	  288.80	 7240.56
16:00:04	 7871.33	 7749.29	  122.04	  219.86	 4102.53	  963.67	 3138.86	  288.99	 7240.44
16:00:06	 7871.33	 7748.59	  122.74	  219.89	 4102.53	  963.67	 3138.86	  289.02	 7239.69
16:00:08	 7871.33	 7749.68	  121.66	  220.17	 4102.53	  963.67	 3138.86	  288.95	 7240.55
16:00:10	 7871.33	 7749.80	  121.53	  220.20	 4102.53	  963.67	 3138.86	  289.05	 7240.55
16:00:12	 7871.33	 7752.75	  118.58	  220.23	 4102.53	  963.67	 3138.86	  289.08	 7243.44
16:00:14	 7871.33	 7749.76	  121.57	  220.51	 4102.53	  963.67	 3138.86	  289.08	 7240.17
16:00:16	 7871.33	 7749.92	  121.41	  220.54	 4102.53	  963.67	 3138.86	  289.11	 7240.27
16:00:18	 7871.33	 7750.40	  120.93	  220.83	 4102.53	  963.67	 3138.86	  289.05	 7240.53
16:00:20	 7871.33	 7750.49	  120.84	  220.84	 4102.53	  963.67	 3138.86	  289.15	 7240.50
16:00:22	 7871.33	 7750.73	  120.60	  220.86	 4102.53	  963.67	 3138.86	  289.15	 7240.72
16:00:24	 7871.33	 7750.49	  120.84	  221.12	 4102.53	  963.67	 3138.86	  289.17	 7240.20
16:00:26	 7871.33	 7750.61	  120.72	  221.13	 4102.53	  963.67	 3138.86	  289.20	 7240.29
16:00:28	 7871.33	 7751.26	  120.07	  221.40	 4102.53	  963.67	 3138.86	  289.29	 7240.57
16:00:30	 7871.33	 7751.79	  119.54	  221.43	 4102.53	  963.67	 3138.86	  289.20	 7241.16
16:00:32	 7871.33	 7751.23	  120.11	  221.43	 4102.53	  963.67	 3138.86	  289.25	 7240.55
16:00:34	 7871.33	 7751.17	  120.16	  221.70	 4102.53	  963.67	 3138.86	  289.25	 7240.21
16:00:36	 7871.33	 7751.47	  119.86	  221.73	 4102.53	  963.67	 3138.86	  289.27	 7240.48
16:00:38	 7871.33	 7753.32	  118.02	  221.99	 4102.53	  963.67	 3138.86	  289.36	 7241.96
16:00:40	 7871.33	 7751.98	  119.36	  222.01	 4102.53	  963.67	 3138.86	  289.30	 7240.66
16:00:42	 7871.33	 7751.98	  119.36	  222.03	 4102.53	  963.67	 3138.86	  289.32	 7240.62
16:00:44	 7871.33	 7754.93	  116.40	  222.30	 4102.53	  963.67	 3138.86	  289.33	 7243.30
16:00:46	 7871.33	 7752.07	  119.27	  222.34	 4102.53	  963.67	 3138.86	  289.34	 7240.39
16:00:48	 7871.33	 7752.43	  118.90	  222.61	 4102.53	  963.67	 3138.86	  289.45	 7240.37
16:00:50	 7871.33	 7752.72	  118.61	  222.65	 4102.53	  963.67	 3138.86	  289.38	 7240.69
16:00:52	 7871.33	 7752.70	  118.63	  222.67	 4102.53	  963.67	 3138.86	  289.41	 7240.62
16:00:54	 7871.33	 7752.58	  118.75	  222.94	 4102.53	  963.67	 3138.86	  289.42	 7240.23
16:00:56	 7871.33	 7752.79	  118.54	  222.98	 4102.53	  963.67	 3138.86	  289.45	 7240.37
16:00:58	 7871.33	 7753.28	  118.05	  223.26	 4102.53	  963.67	 3138.86	  289.37	 7240.65
16:01:00	 7871.33	 7753.65	  117.68	  223.28	 4102.53	  963.67	 3138.86	  289.46	 7240.90
16:01:02	 7871.33	 7753.29	  118.04	  223.30	 4102.53	  963.67	 3138.86	  289.48	 7240.51
16:01:04	 7871.33	 7753.20	  118.14	  223.57	 4102.53	  963.67	 3138.86	  289.50	 7240.12
16:01:06	 7871.33	 7753.54	  117.80	  223.58	 4102.53	  963.67	 3138.86	  289.52	 7240.44
16:01:08	 7871.33	 7754.14	  117.19	  223.86	 4102.53	  963.67	 3138.86	  289.46	 7240.83
16:01:10	 7871.33	 7754.14	  117.19	  223.88	 4102.53	  963.67	 3138.86	  289.57	 7240.70
16:01:12	 7871.33	 7756.98	  114.35	  223.89	 4102.53	  963.67	 3138.86	  289.59	 7243.51
16:01:14	 7871.33	 7753.66	  117.68	  224.17	 4102.53	  963.67	 3138.86	  289.60	 7239.89
16:01:16	 7871.33	 7757.36	  113.97	  224.18	 4102.53	  963.67	 3138.86	  289.62	 7243.56
16:01:18	 7871.33	 7754.49	  116.84	  224.45	 4102.53	  963.67	 3138.86	  289.62	 7240.42
16:01:20	 7871.33	 7754.97	  116.36	  224.46	 4102.53	  963.67	 3138.86	  289.65	 7240.86
16:01:22	 7871.33	 7754.73	  116.60	  224.49	 4102.53	  963.67	 3138.86	  289.66	 7240.58
16:01:24	 7871.33	 7754.39	  116.94	  224.76	 4102.53	  963.67	 3138.86	  289.68	 7239.95
16:01:26	 7871.33	 7754.27	  117.06	  224.79	 4102.53	  963.67	 3138.86	  289.69	 7239.79
16:01:28	 7871.33	 7755.23	  116.10	  225.04	 4102.53	  963.67	 3138.86	  289.71	 7240.48
16:01:30	 7871.33	 7755.59	  115.75	  225.07	 4102.53	  963.67	 3138.86	  289.74	 7240.77
16:01:32	 7871.33	 7755.48	  115.85	  225.09	 4102.53	  963.67	 3138.86	  289.75	 7240.64
16:01:34	 7871.33	 7756.23	  115.10	  225.36	 4102.53	  963.67	 3138.86	  289.77	 7241.10
16:01:36	 7871.33	 7755.71	  115.62	  225.38	 4102.53	  963.67	 3138.86	  289.79	 7240.55
16:01:38	 7871.33	 7755.72	  115.61	  225.62	 4102.53	  963.67	 3138.86	  289.80	 7240.30
16:01:40	 7871.33	 7756.09	  115.24	  225.65	 4102.53	  963.67	 3138.86	  289.81	 7240.64
16:01:42	 7871.33	 7756.20	  115.13	  225.67	 4102.53	  963.67	 3138.86	  289.82	 7240.71
16:01:44	 7871.33	 7756.08	  115.25	  225.95	 4102.53	  963.67	 3138.86	  289.84	 7240.30
16:01:46	 7871.33	 7756.44	  114.89	  225.96	 4102.53	  963.67	 3138.86	  289.86	 7240.62
16:01:48	 7871.33	 7759.80	  111.54	  226.23	 4102.53	  963.67	 3138.86	  289.87	 7243.70
16:01:50	 7871.33	 7756.93	  114.41	  226.27	 4102.53	  963.67	 3138.86	  289.89	 7240.77
16:01:52	 7871.33	 7757.78	  113.55	  226.29	 4102.53	  963.67	 3138.86	  289.90	 7241.59
16:01:54	 7871.33	 7757.04	  114.29	  226.57	 4102.53	  963.67	 3138.86	  289.91	 7240.56
16:01:56	 7871.33	 7756.79	  114.54	  226.59	 4102.53	  963.67	 3138.86	  289.94	 7240.26
16:01:58	 7871.33	 7758.43	  112.91	  226.87	 4102.53	  963.67	 3138.86	  289.95	 7241.61
16:02:00	 7871.33	 7757.65	  113.68	  226.89	 4102.53	  963.67	 3138.86	  289.96	 7240.80
16:02:02	 7871.33	 7757.63	  113.70	  226.90	 4102.53	  963.67	 3138.86	  289.98	 7240.74
16:02:05	 7871.33	 7757.51	  113.82	  227.18	 4102.53	  963.67	 3138.86	  290.00	 7240.33
16:02:07	 7871.33	 7757.77	  113.57	  227.21	 4102.53	  963.67	 3138.86	  290.02	 7240.54
16:02:09	 7871.33	 7749.56	  121.77	  218.64	 4102.53	  963.67	 3138.86	  289.98	 7240.94
16:02:11	 7871.33	 7749.53	  121.80	  218.67	 4102.53	  963.67	 3138.86	  289.88	 7240.98
16:02:13	 7871.33	 7749.41	  121.92	  218.96	 4102.53	  963.67	 3138.86	  289.82	 7240.63
16:02:15	 7871.33	 7749.53	  121.80	  219.01	 4102.53	  963.67	 3138.86	  289.90	 7240.62
16:02:17	 7871.33	 7749.77	  121.56	  219.03	 4102.53	  963.67	 3138.86	  289.94	 7240.80
16:02:19	 7871.33	 7749.88	  121.45	  219.30	 4102.53	  963.67	 3138.86	  289.94	 7240.63
16:02:21	 7871.33	 7750.38	  120.95	  219.33	 4102.53	  963.67	 3138.86	  289.97	 7241.08
16:02:23	 7871.33	 7750.50	  120.83	  219.59	 4102.53	  963.67	 3138.86	  290.07	 7240.83
16:02:25	 7871.33	 7750.02	  121.32	  219.62	 4102.53	  963.67	 3138.86	  290.00	 7240.40
16:02:27	 7871.33	 7750.12	  121.21	  219.63	 4102.53	  963.67	 3138.86	  290.02	 7240.47
16:02:29	 7871.33	 7750.61	  120.73	  219.90	 4102.53	  963.67	 3138.86	  290.03	 7240.67
16:02:31	 7871.33	 7755.94	  115.39	  219.90	 4102.53	  963.67	 3138.86	  290.05	 7245.98
16:02:33	 7871.33	 7751.47	  119.86	  220.16	 4102.53	  963.67	 3138.86	  290.15	 7241.15
16:02:35	 7871.33	 7750.74	  120.59	  220.20	 4102.53	  963.67	 3138.86	  290.09	 7240.46
16:02:37	 7871.33	 7750.50	  120.83	  220.21	 4102.53	  963.67	 3138.86	  290.11	 7240.18
16:02:39	 7871.33	 7751.09	  120.24	  220.47	 4102.53	  963.67	 3138.86	  290.12	 7240.50
16:02:41	 7871.33	 7751.09	  120.24	  220.49	 4102.53	  963.67	 3138.86	  290.14	 7240.46
16:02:43	 7871.33	 7751.73	  119.61	  220.76	 4102.53	  963.67	 3138.86	  290.07	 7240.89
16:02:45	 7871.33	 7751.48	  119.85	  220.78	 4102.53	  963.67	 3138.86	  290.16	 7240.54
16:02:47	 7871.33	 7751.48	  119.85	  220.80	 4102.53	  963.67	 3138.86	  290.17	 7240.52
16:02:49	 7871.33	 7752.09	  119.24	  221.06	 4102.53	  963.67	 3138.86	  290.19	 7240.84
16:02:51	 7871.33	 7752.06	  119.27	  221.10	 4102.53	  963.67	 3138.86	  290.21	 7240.75
16:02:53	 7871.33	 7753.41	  117.93	  221.36	 4102.53	  963.67	 3138.86	  290.14	 7241.90
16:02:55	 7871.33	 7751.73	  119.61	  221.38	 4102.53	  963.67	 3138.86	  290.23	 7240.12
16:02:57	 7871.33	 7752.21	  119.12	  221.39	 4102.53	  963.67	 3138.86	  290.26	 7240.56
16:02:59	 7871.33	 7752.42	  118.91	  221.64	 4102.53	  963.67	 3138.86	  290.27	 7240.50
16:03:01	 7871.33	 7752.68	  118.65	  221.70	 4102.53	  963.67	 3138.86	  290.27	 7240.71
16:03:03	 7871.33	 7755.05	  116.28	  221.96	 4102.53	  963.67	 3138.86	  290.22	 7242.87
16:03:05	 7871.33	 7755.06	  116.27	  221.98	 4102.53	  963.67	 3138.86	  290.31	 7242.77
16:03:07	 7871.33	 7752.83	  118.50	  222.00	 4102.53	  963.67	 3138.86	  290.34	 7240.49
16:03:09	 7871.33	 7753.07	  118.27	  222.26	 4102.53	  963.67	 3138.86	  290.37	 7240.43
16:03:11	 7871.33	 7753.28	  118.05	  222.27	 4102.53	  963.67	 3138.86	  290.38	 7240.62
16:03:13	 7871.33	 7753.64	  117.69	  222.54	 4102.53	  963.67	 3138.86	  290.31	 7240.79
16:03:15	 7871.33	 7753.41	  117.93	  222.57	 4102.53	  963.67	 3138.86	  290.40	 7240.44
16:03:17	 7871.33	 7753.53	  117.80	  222.58	 4102.53	  963.67	 3138.86	  290.41	 7240.53
16:03:19	 7871.33	 7753.79	  117.55	  222.85	 4102.53	  963.67	 3138.86	  290.43	 7240.50
16:03:21	 7871.33	 7753.89	  117.44	  222.88	 4102.53	  963.67	 3138.86	  290.44	 7240.57
16:03:23	 7871.33	 7754.24	  117.09	  223.15	 4102.53	  963.67	 3138.86	  290.37	 7240.71
16:03:25	 7871.33	 7754.00	  117.33	  223.16	 4102.53	  963.67	 3138.86	  290.47	 7240.37
16:03:27	 7871.33	 7754.01	  117.32	  223.21	 4102.53	  963.67	 3138.86	  290.48	 7240.32
16:03:29	 7871.33	 7754.62	  116.71	  223.50	 4102.53	  963.67	 3138.86	  290.50	 7240.62
16:03:31	 7871.33	 7754.87	  116.46	  223.52	 4102.53	  963.67	 3138.86	  290.53	 7240.82
16:03:33	 7871.33	 7754.99	  116.34	  223.79	 4102.53	  963.67	 3138.86	  290.45	 7240.75
16:03:35	 7871.33	 7758.19	  113.14	  223.83	 4102.53	  963.67	 3138.86	  290.54	 7243.82
16:03:37	 7871.33	 7754.48	  116.85	  223.86	 4102.53	  963.67	 3138.86	  290.56	 7240.06
16:03:39	 7871.33	 7758.46	  112.88	  224.14	 4102.53	  963.67	 3138.86	  290.59	 7243.73
16:03:41	 7871.33	 7755.25	  116.08	  224.17	 4102.53	  963.67	 3138.86	  290.61	 7240.47
16:03:43	 7871.33	 7755.72	  115.61	  224.45	 4102.53	  963.67	 3138.86	  290.54	 7240.74
16:03:45	 7871.33	 7755.25	  116.08	  224.49	 4102.53	  963.67	 3138.86	  290.62	 7240.14
16:03:47	 7871.33	 7755.62	  115.71	  224.52	 4102.53	  963.67	 3138.86	  290.63	 7240.46
16:03:49	 7871.33	 7755.94	  115.39	  224.80	 4102.53	  963.67	 3138.86	  290.67	 7240.47
16:03:51	 7871.33	 7757.43	  113.90	  224.82	 4102.53	  963.67	 3138.86	  290.68	 7241.93
16:03:53	 7871.33	 7756.45	  114.88	  225.10	 4102.53	  963.67	 3138.86	  290.71	 7240.64
16:03:55	 7871.33	 7755.93	  115.40	  225.11	 4102.53	  963.67	 3138.86	  290.73	 7240.10
16:03:57	 7871.33	 7755.95	  115.38	  225.13	 4102.53	  963.67	 3138.86	  290.75	 7240.07
16:03:59	 7871.33	 7756.67	  114.66	  225.40	 4102.53	  963.67	 3138.86	  290.77	 7240.50
16:04:01	 7871.33	 7756.90	  114.43	  225.42	 4102.53	  963.67	 3138.86	  290.78	 7240.70
16:04:03	 7871.33	 7757.40	  113.93	  225.70	 4102.53	  963.67	 3138.86	  290.79	 7240.91
16:04:05	 7871.33	 7757.41	  113.92	  225.73	 4102.53	  963.67	 3138.86	  290.81	 7240.87
16:04:07	 7871.33	 7760.54	  110.79	  225.75	 4102.53	  963.67	 3138.86	  290.82	 7243.97
16:04:09	 7871.33	 7757.52	  113.81	  226.02	 4102.53	  963.67	 3138.86	  290.85	 7240.65
16:04:11	 7871.33	 7757.63	  113.70	  226.03	 4102.53	  963.67	 3138.86	  290.87	 7240.73
16:04:13	 7871.33	 7759.52	  111.81	  226.30	 4102.53	  963.67	 3138.86	  290.89	 7242.34
16:04:15	 7871.33	 7757.77	  113.57	  226.33	 4102.53	  963.67	 3138.86	  290.91	 7240.53
16:04:17	 7871.33	 7758.01	  113.32	  226.33	 4102.53	  963.67	 3138.86	  290.93	 7240.75
16:04:19	 7871.33	 7748.30	  123.03	  217.57	 4102.53	  963.67	 3138.86	  289.97	 7240.77
16:04:21	 7871.33	 7748.43	  122.91	  217.59	 4102.53	  963.67	 3138.86	  289.99	 7240.85
16:04:23	 7871.33	 7748.91	  122.42	  217.85	 4102.53	  963.67	 3138.86	  290.00	 7241.06
16:04:25	 7871.33	 7748.95	  122.38	  217.90	 4102.53	  963.67	 3138.86	  290.02	 7241.03
16:04:27	 7871.33	 7748.82	  122.51	  217.91	 4102.53	  963.67	 3138.86	  290.04	 7240.87
16:04:29	 7871.33	 7749.55	  121.79	  218.18	 4102.53	  963.67	 3138.86	  290.06	 7241.30
16:04:31	 7871.33	 7749.28	  122.05	  218.21	 4102.53	  963.67	 3138.86	  290.12	 7240.95
16:04:33	 7871.33	 7749.77	  121.57	  218.50	 4102.53	  963.67	 3138.86	  290.14	 7241.12
16:04:35	 7871.33	 7748.92	  122.41	  218.53	 4102.53	  963.67	 3138.86	  290.16	 7240.23
16:04:37	 7871.33	 7749.31	  122.02	  218.54	 4102.53	  963.67	 3138.86	  290.18	 7240.60
16:04:39	 7871.33	 7752.76	  118.57	  218.79	 4102.53	  963.67	 3138.86	  290.20	 7243.77
16:04:41	 7871.33	 7750.04	  121.29	  218.81	 4102.53	  963.67	 3138.86	  290.21	 7241.01
16:04:43	 7871.33	 7749.89	  121.44	  219.07	 4102.53	  963.67	 3138.86	  290.23	 7240.59
16:04:45	 7871.33	 7749.77	  121.56	  219.09	 4102.53	  963.67	 3138.86	  290.24	 7240.44
16:04:47	 7871.33	 7749.28	  122.05	  219.11	 4102.53	  963.67	 3138.86	  290.25	 7239.92
16:04:49	 7871.33	 7749.91	  121.42	  219.37	 4102.53	  963.67	 3138.86	  290.27	 7240.27
16:04:51	 7871.33	 7750.40	  120.93	  219.39	 4102.53	  963.67	 3138.86	  290.30	 7240.71
16:04:53	 7871.33	 7750.77	  120.57	  219.66	 4102.53	  963.67	 3138.86	  290.30	 7240.80
16:04:55	 7871.33	 7750.49	  120.84	  219.68	 4102.53	  963.67	 3138.86	  290.32	 7240.48
16:04:57	 7871.33	 7750.50	  120.83	  219.70	 4102.53	  963.67	 3138.86	  290.34	 7240.46
16:04:59	 7871.33	 7752.28	  119.05	  219.97	 4102.53	  963.67	 3138.86	  290.36	 7241.95
16:05:01	 7871.33	 7752.76	  118.57	  220.00	 4102.53	  963.67	 3138.86	  290.37	 7242.39
16:05:03	 7871.33	 7751.45	  119.88	  220.27	 4102.53	  963.67	 3138.86	  290.39	 7240.80
16:05:06	 7871.33	 7750.87	  120.46	  220.30	 4102.53	  963.67	 3138.86	  290.40	 7240.18
16:05:08	 7871.33	 7751.82	  119.51	  220.57	 4102.53	  963.67	 3138.86	  290.34	 7240.91
16:05:10	 7871.33	 7751.94	  119.39	  220.58	 4102.53	  963.67	 3138.86	  290.44	 7240.92
16:05:12	 7871.33	 7754.34	  116.99	  220.63	 4102.53	  963.67	 3138.86	  290.44	 7243.27
16:05:14	 7871.33	 7751.59	  119.74	  220.89	 4102.53	  963.67	 3138.86	  290.46	 7240.23
16:05:16	 7871.33	 7752.07	  119.26	  220.92	 4102.53	  963.67	 3138.86	  290.48	 7240.68
16:05:18	 7871.33	 7752.55	  118.78	  221.19	 4102.53	  963.67	 3138.86	  290.42	 7240.94
16:05:20	 7871.33	 7753.03	  118.30	  221.21	 4102.53	  963.67	 3138.86	  290.52	 7241.30
16:05:22	 7871.33	 7753.92	  117.41	  221.23	 4102.53	  963.67	 3138.86	  290.53	 7242.16
16:05:24	 7871.33	 7752.45	  118.88	  221.49	 4102.53	  963.67	 3138.86	  290.54	 7240.42
16:05:26	 7871.33	 7752.45	  118.88	  221.51	 4102.53	  963.67	 3138.86	  290.56	 7240.38
16:05:28	 7871.33	 7752.79	  118.55	  221.80	 4102.53	  963.67	 3138.86	  290.50	 7240.49
16:05:30	 7871.33	 7753.15	  118.18	  221.81	 4102.53	  963.67	 3138.86	  290.59	 7240.75
16:05:32	 7871.33	 7753.03	  118.30	  221.82	 4102.53	  963.67	 3138.86	  290.61	 7240.60
16:05:34	 7871.33	 7753.44	  117.89	  222.11	 4102.53	  963.67	 3138.86	  290.62	 7240.71
16:05:36	 7871.33	 7753.42	  117.91	  222.12	 4102.53	  963.67	 3138.86	  290.64	 7240.66
16:05:38	 7871.33	 7753.77	  117.56	  222.40	 4102.53	  963.67	 3138.86	  290.57	 7240.80
16:05:40	 7871.33	 7753.88	  117.46	  222.44	 4102.53	  963.67	 3138.86	  290.66	 7240.77
16:05:42	 7871.33	 7753.88	  117.46	  222.45	 4102.53	  963.67	 3138.86	  290.69	 7240.74
16:05:44	 7871.33	 7755.49	  115.84	  222.72	 4102.53	  963.67	 3138.86	  290.70	 7242.07
16:05:46	 7871.33	 7753.77	  117.56	  222.75	 4102.53	  963.67	 3138.86	  290.71	 7240.32
16:05:48	 7871.33	 7754.25	  117.08	  223.01	 4102.53	  963.67	 3138.86	  290.65	 7240.59
16:05:50	 7871.33	 7754.62	  116.71	  223.05	 4102.53	  963.67	 3138.86	  290.75	 7240.82
16:05:52	 7871.33	 7754.62	  116.71	  223.07	 4102.53	  963.67	 3138.86	  290.78	 7240.77
16:05:54	 7871.33	 7754.12	  117.21	  223.36	 4102.53	  963.67	 3138.86	  290.77	 7240.00
16:05:56	 7871.33	 7757.71	  113.62	  223.39	 4102.53	  963.67	 3138.86	  290.80	 7243.52
16:05:58	 7871.33	 7755.34	  115.99	  223.66	 4102.53	  963.67	 3138.86	  290.73	 7240.95
16:06:00	 7871.33	 7755.46	  115.87	  223.71	 4102.53	  963.67	 3138.86	  290.81	 7240.95
16:06:02	 7871.33	 7755.59	  115.75	  223.71	 4102.53	  963.67	 3138.86	  290.86	 7241.02
16:06:04	 7871.33	 7754.84	  116.50	  223.98	 4102.53	  963.67	 3138.86	  290.86	 7239.99
16:06:06	 7871.33	 7755.34	  116.00	  224.02	 4102.53	  963.67	 3138.86	  290.88	 7240.44
16:06:08	 7871.33	 7755.71	  115.62	  224.28	 4102.53	  963.67	 3138.86	  290.82	 7240.61
16:06:10	 7871.33	 7755.84	  115.50	  224.32	 4102.53	  963.67	 3138.86	  290.89	 7240.62
16:06:12	 7871.33	 7756.05	  115.29	  224.38	 4102.53	  963.67	 3138.86	  290.91	 7240.76
16:06:14	 7871.33	 7755.80	  115.53	  224.64	 4102.53	  963.67	 3138.86	  290.95	 7240.22
16:06:16	 7871.33	 7759.39	  111.94	  224.69	 4102.53	  963.67	 3138.86	  290.93	 7243.78
16:06:18	 7871.33	 7759.39	  111.94	  224.95	 4102.53	  963.67	 3138.86	  290.89	 7243.55
16:06:20	 7871.33	 7756.71	  114.62	  224.98	 4102.53	  963.67	 3138.86	  290.98	 7240.76
16:06:22	 7871.33	 7756.59	  114.75	  225.02	 4102.53	  963.67	 3138.86	  291.00	 7240.57
16:06:24	 7871.33	 7756.42	  114.91	  225.28	 4102.53	  963.67	 3138.86	  291.02	 7240.12
16:06:26	 7871.33	 7756.55	  114.78	  225.30	 4102.53	  963.67	 3138.86	  291.02	 7240.23
16:06:28	 7871.33	 7757.14	  114.20	  225.57	 4102.53	  963.67	 3138.86	  290.97	 7240.60
16:06:30	 7871.33	 7757.32	  114.01	  225.59	 4102.53	  963.67	 3138.86	  291.07	 7240.66
16:06:32	 7871.33	 7757.15	  114.18	  225.63	 4102.53	  963.67	 3138.86	  291.06	 7240.46
16:06:34	 7871.33	 7757.15	  114.18	  225.91	 4102.53	  963.67	 3138.86	  291.09	 7240.15
16:06:36	 7871.33	 7757.26	  114.07	  225.92	 4102.53	  963.67	 3138.86	  291.12	 7240.21
16:06:38	 7871.33	 7747.71	  123.62	  217.03	 4102.53	  963.67	 3138.86	  290.81	 7239.88
16:06:40	 7871.33	 7749.80	  121.54	  217.05	 4102.53	  963.67	 3138.86	  290.83	 7241.91
16:06:42	 7871.33	 7748.69	  122.64	  217.07	 4102.53	  963.67	 3138.86	  290.83	 7240.79
16:06:44	 7871.33	 7748.57	  122.76	  217.38	 4102.53	  963.67	 3138.86	  290.87	 7240.33
16:06:46	 7871.33	 7749.05	  122.28	  217.41	 4102.53	  963.67	 3138.86	  290.96	 7240.68
16:06:48	 7871.33	 7753.00	  118.33	  217.68	 4102.53	  963.67	 3138.86	  290.98	 7244.34
16:06:50	 7871.33	 7749.63	  121.70	  217.70	 4102.53	  963.67	 3138.86	  291.01	 7240.92
16:06:52	 7871.33	 7749.90	  121.43	  217.72	 4102.53	  963.67	 3138.86	  291.02	 7241.16
16:06:54	 7871.33	 7749.54	  121.79	  217.99	 4102.53	  963.67	 3138.86	  291.04	 7240.52
16:06:56	 7871.33	 7749.54	  121.79	  218.01	 4102.53	  963.67	 3138.86	  291.05	 7240.48
16:06:58	 7871.33	 7749.91	  121.42	  218.29	 4102.53	  963.67	 3138.86	  291.07	 7240.55
16:07:00	 7871.33	 7749.99	  121.34	  218.30	 4102.53	  963.67	 3138.86	  291.09	 7240.61
16:07:02	 7871.33	 7750.64	  120.70	  218.31	 4102.53	  963.67	 3138.86	  291.11	 7241.22
16:07:04	 7871.33	 7750.13	  121.20	  218.59	 4102.53	  963.67	 3138.86	  291.12	 7240.41
16:07:06	 7871.33	 7750.25	  121.08	  218.61	 4102.53	  963.67	 3138.86	  291.14	 7240.50
16:07:08	 7871.33	 7750.75	  120.58	  218.87	 4102.53	  963.67	 3138.86	  291.15	 7240.73
16:07:10	 7871.33	 7751.10	  120.23	  218.88	 4102.53	  963.67	 3138.86	  291.17	 7241.05
16:07:12	 7871.33	 7751.08	  120.25	  218.90	 4102.53	  963.67	 3138.86	  291.18	 7241.00
16:07:14	 7871.33	 7751.87	  119.46	  219.16	 4102.53	  963.67	 3138.86	  291.20	 7241.51
16:07:16	 7871.33	 7750.61	  120.72	  219.19	 4102.53	  963.67	 3138.86	  291.21	 7240.21
16:07:18	 7871.33	 7751.36	  119.98	  219.47	 4102.53	  963.67	 3138.86	  291.22	 7240.66
16:07:20	 7871.33	 7754.07	  117.26	  219.50	 4102.53	  963.67	 3138.86	  291.25	 7243.32
16:07:22	 7871.33	 7751.45	  119.89	  219.52	 4102.53	  963.67	 3138.86	  291.27	 7240.66
16:07:24	 7871.33	 7751.08	  120.25	  219.79	 4102.53	  963.67	 3138.86	  291.28	 7240.02
16:07:26	 7871.33	 7751.58	  119.75	  219.82	 4102.53	  963.67	 3138.86	  291.30	 7240.46
16:07:28	 7871.33	 7751.95	  119.39	  220.09	 4102.53	  963.67	 3138.86	  291.30	 7240.55
16:07:30	 7871.33	 7751.95	  119.39	  220.12	 4102.53	  963.67	 3138.86	  291.34	 7240.49
16:07:32	 7871.33	 7752.17	  119.16	  220.15	 4102.53	  963.67	 3138.86	  291.36	 7240.66
16:07:34	 7871.33	 7751.83	  119.50	  220.43	 4102.53	  963.67	 3138.86	  291.37	 7240.03
16:07:36	 7871.33	 7752.05	  119.28	  220.46	 4102.53	  963.67	 3138.86	  291.38	 7240.21
16:07:38	 7871.33	 7752.57	  118.77	  220.73	 4102.53	  963.67	 3138.86	  291.40	 7240.44
16:07:40	 7871.33	 7752.69	  118.64	  220.77	 4102.53	  963.67	 3138.86	  291.42	 7240.50
16:07:42	 7871.33	 7752.81	  118.52	  220.82	 4102.53	  963.67	 3138.86	  291.44	 7240.55
16:07:44	 7871.33	 7752.91	  118.43	  221.08	 4102.53	  963.67	 3138.86	  291.44	 7240.39
16:07:46	 7871.33	 7752.90	  118.43	  221.11	 4102.53	  963.67	 3138.86	  291.45	 7240.34
16:07:48	 7871.33	 7754.52	  116.81	  221.39	 4102.53	  963.67	 3138.86	  291.46	 7241.67
16:07:51	 7871.33	 7753.66	  117.67	  221.40	 4102.53	  963.67	 3138.86	  291.48	 7240.78
16:07:53	 7871.33	 7757.17	  114.16	  221.68	 4102.53	  963.67	 3138.86	  291.41	 7244.09
16:07:55	 7871.33	 7753.56	  117.77	  221.69	 4102.53	  963.67	 3138.86	  291.51	 7240.36
16:07:57	 7871.33	 7753.75	  117.58	  221.71	 4102.53	  963.67	 3138.86	  291.52	 7240.52
16:07:59	 7871.33	 7753.87	  117.46	  221.98	 4102.53	  963.67	 3138.86	  291.55	 7240.34
16:08:01	 7871.33	 7754.75	  116.58	  222.00	 4102.53	  963.67	 3138.86	  291.57	 7241.18
16:08:03	 7871.33	 7754.62	  116.71	  222.28	 4102.53	  963.67	 3138.86	  291.50	 7240.84
16:08:05	 7871.33	 7753.90	  117.43	  222.31	 4102.53	  963.67	 3138.86	  291.60	 7239.99
16:08:07	 7871.33	 7754.26	  117.07	  222.33	 4102.53	  963.67	 3138.86	  291.60	 7240.33
16:08:09	 7871.33	 7754.84	  116.49	  222.63	 4102.53	  963.67	 3138.86	  291.61	 7240.60
16:08:11	 7871.33	 7754.25	  117.09	  222.64	 4102.53	  963.67	 3138.86	  291.65	 7239.96
16:08:13	 7871.33	 7755.46	  115.87	  222.90	 4102.53	  963.67	 3138.86	  291.57	 7240.99
16:08:15	 7871.33	 7754.61	  116.72	  222.95	 4102.53	  963.67	 3138.86	  291.66	 7240.00
16:08:17	 7871.33	 7755.33	  116.00	  222.96	 4102.53	  963.67	 3138.86	  291.68	 7240.68
16:08:19	 7871.33	 7755.44	  115.89	  223.22	 4102.53	  963.67	 3138.86	  291.71	 7240.52
16:08:21	 7871.33	 7755.55	  115.78	  223.29	 4102.53	  963.67	 3138.86	  291.70	 7240.57
16:08:23	 7871.33	 7757.33	  114.00	  223.56	 4102.53	  963.67	 3138.86	  291.64	 7242.12
16:08:25	 7871.33	 7755.88	  115.46	  223.60	 4102.53	  963.67	 3138.86	  291.73	 7240.54
16:08:27	 7871.33	 7756.05	  115.28	  223.63	 4102.53	  963.67	 3138.86	  291.77	 7240.65
16:08:29	 7871.33	 7756.30	  115.04	  223.90	 4102.53	  963.67	 3138.86	  291.78	 7240.62
16:08:31	 7871.33	 7756.77	  114.57	  223.95	 4102.53	  963.67	 3138.86	  291.79	 7241.02
16:08:33	 7871.33	 7756.89	  114.45	  224.23	 4102.53	  963.67	 3138.86	  291.72	 7240.93
16:08:35	 7871.33	 7758.33	  113.00	  224.26	 4102.53	  963.67	 3138.86	  291.84	 7242.23
16:08:37	 7871.33	 7756.55	  114.78	  224.28	 4102.53	  963.67	 3138.86	  291.84	 7240.43
16:08:39	 7871.33	 7756.92	  114.41	  224.54	 4102.53	  963.67	 3138.86	  291.86	 7240.52
16:08:41	 7871.33	 7757.27	  114.07	  224.57	 4102.53	  963.67	 3138.86	  291.88	 7240.82
16:08:43	 7871.33	 7758.19	  113.14	  224.85	 4102.53	  963.67	 3138.86	  292.47	 7240.87
16:08:45	 7871.33	 7756.56	  114.77	  224.87	 4102.53	  963.67	 3138.86	  292.64	 7239.05
16:08:47	 7871.33	 7755.72	  115.61	  224.90	 4102.53	  963.67	 3138.86	  292.66	 7238.16
16:08:49	 7871.33	 7756.24	  115.09	  225.17	 4102.53	  963.67	 3138.86	  292.85	 7238.23
16:08:51	 7871.33	 7756.48	  114.85	  225.19	 4102.53	  963.67	 3138.86	  292.85	 7238.45
16:08:53	 7871.33	 7756.58	  114.75	  225.45	 4102.53	  963.67	 3138.86	  292.80	 7238.34
16:08:55	 7871.33	 7754.86	  116.47	  225.45	 4102.53	  963.67	 3138.86	  292.88	 7236.53
16:08:57	 7871.33	 7751.49	  119.84	  216.18	 4102.53	  963.67	 3138.86	  292.27	 7243.04
16:08:59	 7871.33	 7745.44	  125.89	  216.45	 4102.53	  963.67	 3138.86	  292.21	 7236.78
16:09:01	 7871.33	 7745.34	  126.00	  216.47	 4102.53	  963.67	 3138.86	  292.23	 7236.63
16:09:03	 7871.33	 7745.93	  125.40	  216.74	 4102.53	  963.67	 3138.86	  292.17	 7237.02
16:09:05	 7871.33	 7745.18	  126.15	  216.76	 4102.53	  963.67	 3138.86	  292.26	 7236.16
16:09:07	 7871.33	 7745.91	  125.42	  216.78	 4102.53	  963.67	 3138.86	  292.27	 7236.86
16:09:09	 7871.33	 7746.59	  124.74	  217.04	 4102.53	  963.67	 3138.86	  292.30	 7237.26
16:09:11	 7871.33	 7746.73	  124.60	  217.05	 4102.53	  963.67	 3138.86	  292.31	 7237.37
16:09:13	 7871.33	 7746.97	  124.36	  217.34	 4102.53	  963.67	 3138.86	  292.22	 7237.41
16:09:15	 7871.33	 7746.50	  124.84	  217.36	 4102.53	  963.67	 3138.86	  292.33	 7236.81
16:09:17	 7871.33	 7746.87	  124.46	  217.39	 4102.53	  963.67	 3138.86	  292.34	 7237.14
16:09:19	 7871.33	 7747.47	  123.86	  217.68	 4102.53	  963.67	 3138.86	  292.36	 7237.44
16:09:21	 7871.33	 7747.85	  123.48	  217.71	 4102.53	  963.67	 3138.86	  292.38	 7237.77
16:09:23	 7871.33	 7748.08	  123.25	  217.99	 4102.53	  963.67	 3138.86	  292.41	 7237.68
16:09:25	 7871.33	 7748.22	  123.11	  218.00	 4102.53	  963.67	 3138.86	  292.43	 7237.80
16:09:27	 7871.33	 7748.69	  122.64	  218.00	 4102.53	  963.67	 3138.86	  292.44	 7238.25
16:09:29	 7871.33	 7752.77	  118.57	  218.28	 4102.53	  963.67	 3138.86	  292.46	 7242.03
16:09:31	 7871.33	 7749.32	  122.01	  218.29	 4102.53	  963.67	 3138.86	  292.49	 7238.55
16:09:33	 7871.33	 7749.56	  121.77	  218.54	 4102.53	  963.67	 3138.86	  292.50	 7238.53
16:09:35	 7871.33	 7749.33	  122.00	  218.57	 4102.53	  963.67	 3138.86	  292.52	 7238.25
16:09:37	 7871.33	 7749.20	  122.13	  218.57	 4102.53	  963.67	 3138.86	  292.53	 7238.09
16:09:39	 7871.33	 7749.66	  121.67	  218.84	 4102.53	  963.67	 3138.86	  292.54	 7238.28
16:09:41	 7871.33	 7749.55	  121.78	  218.89	 4102.53	  963.67	 3138.86	  292.55	 7238.12
16:09:43	 7871.33	 7753.37	  117.96	  219.17	 4102.53	  963.67	 3138.86	  292.58	 7241.62
16:09:45	 7871.33	 7749.66	  121.67	  219.23	 4102.53	  963.67	 3138.86	  292.59	 7237.84
16:09:47	 7871.33	 7749.77	  121.57	  219.25	 4102.53	  963.67	 3138.86	  292.61	 7237.91
16:09:49	 7871.33	 7750.37	  120.96	  219.53	 4102.53	  963.67	 3138.86	  292.62	 7238.23
16:09:51	 7871.33	 7750.37	  120.96	  219.57	 4102.53	  963.67	 3138.86	  292.64	 7238.15
16:09:53	 7871.33	 7750.73	  120.60	  219.85	 4102.53	  963.67	 3138.86	  292.65	 7238.23
16:09:55	 7871.33	 7750.16	  121.17	  219.88	 4102.53	  963.67	 3138.86	  292.66	 7237.61
16:09:57	 7871.33	 7750.28	  121.05	  219.91	 4102.53	  963.67	 3138.86	  292.68	 7237.70
16:09:59	 7871.33	 7750.98	  120.35	  220.17	 4102.53	  963.67	 3138.86	  292.70	 7238.12
16:10:01	 7871.33	 7754.23	  117.11	  220.21	 4102.53	  963.67	 3138.86	  292.72	 7241.30
16:10:03	 7871.33	 7751.48	  119.85	  220.48	 4102.53	  963.67	 3138.86	  292.74	 7238.27
16:10:05	 7871.33	 7753.46	  117.87	  220.51	 4102.53	  963.67	 3138.86	  292.76	 7240.20
16:10:07	 7871.33	 7750.89	  120.44	  220.55	 4102.53	  963.67	 3138.86	  292.78	 7237.56
16:10:09	 7871.33	 7751.48	  119.85	  220.83	 4102.53	  963.67	 3138.86	  292.80	 7237.86
16:10:11	 7871.33	 7752.25	  119.08	  220.86	 4102.53	  963.67	 3138.86	  292.80	 7238.59
16:10:13	 7871.33	 7752.09	  119.24	  221.12	 4102.53	  963.67	 3138.86	  292.82	 7238.15
16:10:15	 7871.33	 7751.58	  119.75	  221.14	 4102.53	  963.67	 3138.86	  292.84	 7237.61
16:10:17	 7871.33	 7753.30	  118.04	  221.18	 4102.53	  963.67	 3138.86	  292.85	 7239.26
16:10:19	 7871.33	 7752.48	  118.86	  221.44	 4102.53	  963.67	 3138.86	  292.88	 7238.16
16:10:21	 7871.33	 7752.48	  118.85	  221.44	 4102.53	  963.67	 3138.86	  292.89	 7238.15
16:10:23	 7871.33	 7753.30	  118.03	  221.72	 4102.53	  963.67	 3138.86	  292.91	 7238.67
16:10:25	 7871.33	 7752.43	  118.90	  221.74	 4102.53	  963.67	 3138.86	  292.92	 7237.77
16:10:27	 7871.33	 7752.55	  118.78	  221.76	 4102.53	  963.67	 3138.86	  292.93	 7237.86
16:10:30	 7871.33	 7753.32	  118.02	  222.04	 4102.53	  963.67	 3138.86	  292.96	 7238.32
16:10:32	 7871.33	 7753.19	  118.14	  222.05	 4102.53	  963.67	 3138.86	  292.97	 7238.17
16:10:34	 7871.33	 7753.86	  117.47	  222.32	 4102.53	  963.67	 3138.86	  292.99	 7238.56
16:10:36	 7871.33	 7752.79	  118.54	  222.33	 4102.53	  963.67	 3138.86	  293.01	 7237.45
16:10:38	 7871.33	 7753.28	  118.05	  222.59	 4102.53	  963.67	 3138.86	  292.95	 7237.74
16:10:40	 7871.33	 7754.88	  116.45	  222.62	 4102.53	  963.67	 3138.86	  293.03	 7239.23
16:10:42	 7871.33	 7753.29	  118.04	  222.63	 4102.53	  963.67	 3138.86	  293.06	 7237.60
16:10:44	 7871.33	 7756.04	  115.29	  222.91	 4102.53	  963.67	 3138.86	  293.07	 7240.07
16:10:46	 7871.33	 7754.04	  117.30	  222.93	 4102.53	  963.67	 3138.86	  293.09	 7238.01
16:10:48	 7871.33	 7754.26	  117.07	  223.18	 4102.53	  963.67	 3138.86	  293.02	 7238.06
16:10:50	 7871.33	 7754.62	  116.71	  223.22	 4102.53	  963.67	 3138.86	  293.11	 7238.30
16:10:52	 7871.33	 7757.73	  113.60	  223.23	 4102.53	  963.67	 3138.86	  293.12	 7241.37
16:10:54	 7871.33	 7756.92	  114.41	  223.49	 4102.53	  963.67	 3138.86	  293.14	 7240.29
16:10:56	 7871.33	 7754.51	  116.82	  223.52	 4102.53	  963.67	 3138.86	  293.15	 7237.84
16:10:58	 7871.33	 7754.75	  116.59	  223.78	 4102.53	  963.67	 3138.86	  293.09	 7237.88
16:11:00	 7871.33	 7755.35	  115.98	  223.80	 4102.53	  963.67	 3138.86	  293.17	 7238.38
16:11:02	 7871.33	 7755.24	  116.09	  223.82	 4102.53	  963.67	 3138.86	  293.19	 7238.23
16:11:04	 7871.33	 7754.89	  116.44	  224.09	 4102.53	  963.67	 3138.86	  293.20	 7237.60
16:11:06	 7871.33	 7755.30	  116.03	  224.11	 4102.53	  963.67	 3138.86	  293.24	 7237.95
16:11:08	 7871.33	 7755.35	  115.98	  224.37	 4102.53	  963.67	 3138.86	  293.17	 7237.81
16:11:10	 7871.33	 7755.59	  115.75	  224.39	 4102.53	  963.67	 3138.86	  293.26	 7237.94
16:11:12	 7871.33	 7755.84	  115.50	  224.41	 4102.53	  963.67	 3138.86	  293.28	 7238.14
16:11:14	 7871.33	 7755.52	  115.81	  224.68	 4102.53	  963.67	 3138.86	  293.30	 7237.54
16:11:16	 7871.33	 7757.88	  113.45	  224.70	 4102.53	  963.67	 3138.86	  293.31	 7239.87
16:11:18	 7871.33	 7756.46	  114.88	  224.99	 4102.53	  963.67	 3138.86	  293.24	 7238.23
16:11:20	 7871.33	 7756.44	  114.89	  225.00	 4102.53	  963.67	 3138.86	  293.34	 7238.10
16:11:22	 7871.33	 7756.68	  114.65	  225.02	 4102.53	  963.67	 3138.86	  293.37	 7238.30
16:11:24	 7871.33	 7756.19	  115.14	  225.31	 4102.53	  963.67	 3138.86	  293.38	 7237.50
16:11:26	 7871.33	 7759.09	  112.24	  225.33	 4102.53	  963.67	 3138.86	  293.40	 7240.36
16:11:28	 7871.33	 7756.95	  114.38	  225.59	 4102.53	  963.67	 3138.86	  293.34	 7238.03
16:11:30	 7871.33	 7757.07	  114.26	  225.61	 4102.53	  963.67	 3138.86	  293.42	 7238.04
16:11:32	 7871.33	 7756.54	  114.79	  225.64	 4102.53	  963.67	 3138.86	  293.43	 7237.46
16:11:34	 7871.33	 7756.43	  114.90	  225.92	 4102.53	  963.67	 3138.86	  293.46	 7237.05
16:11:36	 7871.33	 7756.92	  114.41	  225.95	 4102.53	  963.67	 3138.86	  293.47	 7237.50
16:11:38	 7871.33	 7751.81	  119.52	  216.86	 4102.53	  963.67	 3138.86	  293.37	 7241.58
16:11:40	 7871.33	 7748.21	  123.12	  216.89	 4102.53	  963.67	 3138.86	  293.37	 7237.95
16:11:42	 7871.33	 7747.88	  123.45	  216.92	 4102.53	  963.67	 3138.86	  293.39	 7237.57
16:11:44	 7871.33	 7748.20	  123.13	  217.19	 4102.53	  963.67	 3138.86	  293.40	 7237.61
16:11:46	 7871.33	 7748.32	  123.01	  217.23	 4102.53	  963.67	 3138.86	  293.41	 7237.68
16:11:48	 7871.33	 7748.80	  122.53	  217.48	 4102.53	  963.67	 3138.86	  293.36	 7237.96
16:11:50	 7871.33	 7748.84	  122.50	  217.51	 4102.53	  963.67	 3138.86	  293.45	 7237.88
16:11:52	 7871.33	 7749.08	  122.25	  217.52	 4102.53	  963.67	 3138.86	  293.47	 7238.08
16:11:54	 7871.33	 7748.84	  122.49	  217.80	 4102.53	  963.67	 3138.86	  293.48	 7237.56
16:11:56	 7871.33	 7748.93	  122.41	  217.81	 4102.53	  963.67	 3138.86	  293.51	 7237.61
16:11:58	 7871.33	 7749.05	  122.28	  218.09	 4102.53	  963.67	 3138.86	  293.45	 7237.52
16:12:00	 7871.33	 7749.66	  121.67	  218.11	 4102.53	  963.67	 3138.86	  293.54	 7238.01
16:12:02	 7871.33	 7749.81	  121.52	  218.14	 4102.53	  963.67	 3138.86	  293.54	 7238.13
16:12:04	 7871.33	 7749.56	  121.77	  218.42	 4102.53	  963.67	 3138.86	  293.56	 7237.58
16:12:06	 7871.33	 7749.79	  121.54	  218.44	 4102.53	  963.67	 3138.86	  293.59	 7237.77
16:12:08	 7871.33	 7750.01	  121.32	  218.74	 4102.53	  963.67	 3138.86	  293.50	 7237.77
16:12:10	 7871.33	 7753.98	  117.36	  218.75	 4102.53	  963.67	 3138.86	  293.62	 7241.61
16:12:12	 7871.33	 7751.52	  119.81	  218.77	 4102.53	  963.67	 3138.86	  293.62	 7239.13
16:12:14	 7871.33	 7749.93	  121.41	  219.07	 4102.53	  963.67	 3138.86	  293.70	 7237.16
16:12:16	 7871.33	 7750.17	  121.16	  219.10	 4102.53	  963.67	 3138.86	  293.73	 7237.34
16:12:18	 7871.33	 7750.50	  120.83	  219.38	 4102.53	  963.67	 3138.86	  293.75	 7237.38
16:12:20	 7871.33	 7750.61	  120.72	  219.42	 4102.53	  963.67	 3138.86	  293.77	 7237.42
16:12:22	 7871.33	 7751.24	  120.09	  219.45	 4102.53	  963.67	 3138.86	  293.78	 7238.02
16:12:24	 7871.33	 7750.87	  120.46	  219.72	 4102.53	  963.67	 3138.86	  293.80	 7237.36
16:12:26	 7871.33	 7751.23	  120.10	  219.76	 4102.53	  963.67	 3138.86	  293.81	 7237.66
16:12:28	 7871.33	 7751.72	  119.61	  220.03	 4102.53	  963.67	 3138.86	  293.82	 7237.87
16:12:30	 7871.33	 7751.82	  119.51	  220.06	 4102.53	  963.67	 3138.86	  293.83	 7237.93
16:12:32	 7871.33	 7752.33	  119.00	  220.09	 4102.53	  963.67	 3138.86	  293.86	 7238.38
16:12:34	 7871.33	 7753.06	  118.27	  220.38	 4102.53	  963.67	 3138.86	  293.88	 7238.80
16:12:36	 7871.33	 7752.08	  119.25	  220.41	 4102.53	  963.67	 3138.86	  293.89	 7237.78
16:12:38	 7871.33	 7752.45	  118.89	  220.70	 4102.53	  963.67	 3138.86	  293.91	 7237.84
16:12:40	 7871.33	 7752.32	  119.01	  220.73	 4102.53	  963.67	 3138.86	  293.92	 7237.68
16:12:42	 7871.33	 7754.57	  116.77	  220.75	 4102.53	  963.67	 3138.86	  293.93	 7239.88
16:12:44	 7871.33	 7752.32	  119.01	  221.03	 4102.53	  963.67	 3138.86	  293.96	 7237.34
16:12:46	 7871.33	 7753.79	  117.54	  221.05	 4102.53	  963.67	 3138.86	  293.98	 7238.77
16:12:48	 7871.33	 7753.06	  118.27	  221.34	 4102.53	  963.67	 3138.86	  293.98	 7237.74
16:12:50	 7871.33	 7753.06	  118.27	  221.37	 4102.53	  963.67	 3138.86	  294.00	 7237.69
16:12:52	 7871.33	 7753.55	  117.78	  221.38	 4102.53	  963.67	 3138.86	  294.02	 7238.16
16:12:54	 7871.33	 7753.04	  118.30	  221.66	 4102.53	  963.67	 3138.86	  294.02	 7237.35
16:12:56	 7871.33	 7753.04	  118.30	  221.70	 4102.53	  963.67	 3138.86	  294.05	 7237.29
16:12:58	 7871.33	 7753.79	  117.55	  221.96	 4102.53	  963.67	 3138.86	  294.06	 7237.76
16:13:00	 7871.33	 7753.66	  117.67	  221.98	 4102.53	  963.67	 3138.86	  294.07	 7237.61
16:13:02	 7871.33	 7753.78	  117.55	  221.99	 4102.53	  963.67	 3138.86	  294.09	 7237.70
16:13:04	 7871.33	 7756.49	  114.84	  222.25	 4102.53	  963.67	 3138.86	  294.11	 7240.12
16:13:06	 7871.33	 7753.78	  117.55	  222.28	 4102.53	  963.67	 3138.86	  294.12	 7237.38
16:13:08	 7871.33	 7754.39	  116.94	  222.54	 4102.53	  963.67	 3138.86	  294.14	 7237.71
16:13:10	 7871.33	 7754.91	  116.43	  222.57	 4102.53	  963.67	 3138.86	  294.16	 7238.18
16:13:12	 7871.33	 7754.91	  116.43	  222.58	 4102.53	  963.67	 3138.86	  294.17	 7238.16
16:13:14	 7871.33	 7754.75	  116.58	  222.86	 4102.53	  963.67	 3138.86	  294.20	 7237.70
16:13:16	 7871.33	 7755.00	  116.34	  222.87	 4102.53	  963.67	 3138.86	  294.21	 7237.91
16:13:18	 7871.33	 7755.35	  115.98	  223.13	 4102.53	  963.67	 3138.86	  294.23	 7237.99
16:13:20	 7871.33	 7755.62	  115.71	  223.17	 4102.53	  963.67	 3138.86	  294.25	 7238.20
16:13:23	 7871.33	 7755.25	  116.08	  223.43	 4102.53	  963.67	 3138.86	  294.19	 7237.64
16:13:25	 7871.33	 7755.38	  115.96	  223.46	 4102.53	  963.67	 3138.86	  294.29	 7237.62
16:13:27	 7871.33	 7755.75	  115.59	  223.46	 4102.53	  963.67	 3138.86	  294.31	 7237.97
16:13:29	 7871.33	 7755.84	  115.50	  223.73	 4102.53	  963.67	 3138.86	  294.33	 7237.78
16:13:31	 7871.33	 7756.08	  115.25	  223.75	 4102.53	  963.67	 3138.86	  294.34	 7237.99
16:13:33	 7871.33	 7756.59	  114.74	  224.03	 4102.53	  963.67	 3138.86	  294.27	 7238.30
16:13:35	 7871.33	 7755.87	  115.46	  224.05	 4102.53	  963.67	 3138.86	  294.37	 7237.44
16:13:37	 7871.33	 7759.20	  112.13	  224.06	 4102.53	  963.67	 3138.86	  294.39	 7240.75
16:13:39	 7871.33	 7756.43	  114.90	  224.32	 4102.53	  963.67	 3138.86	  294.40	 7237.71
16:13:41	 7871.33	 7756.68	  114.66	  224.36	 4102.53	  963.67	 3138.86	  294.42	 7237.89
16:13:43	 7871.33	 7758.40	  112.93	  224.63	 4102.53	  963.67	 3138.86	  294.35	 7239.42
16:13:45	 7871.33	 7756.21	  115.12	  224.66	 4102.53	  963.67	 3138.86	  294.45	 7237.11
16:13:47	 7871.33	 7756.69	  114.64	  224.66	 4102.53	  963.67	 3138.86	  294.46	 7237.57
16:13:49	 7871.33	 7756.93	  114.40	  224.94	 4102.53	  963.67	 3138.86	  294.47	 7237.52
16:13:51	 7871.33	 7757.16	  114.17	  224.96	 4102.53	  963.67	 3138.86	  294.50	 7237.70
16:13:53	 7871.33	 7757.40	  113.93	  225.24	 4102.53	  963.67	 3138.86	  294.41	 7237.75
16:13:55	 7871.33	 7758.43	  112.90	  225.27	 4102.53	  963.67	 3138.86	  294.52	 7238.64
16:13:57	 7871.33	 7757.42	  113.91	  225.27	 4102.53	  963.67	 3138.86	  294.54	 7237.61
16:13:59	 7871.33	 7748.62	  122.71	  216.15	 4102.53	  963.67	 3138.86	  294.54	 7237.94
16:14:01	 7871.33	 7748.46	  122.87	  216.18	 4102.53	  963.67	 3138.86	  294.47	 7237.81
16:14:03	 7871.33	 7748.93	  122.41	  216.44	 4102.53	  963.67	 3138.86	  294.40	 7238.09
16:14:05	 7871.33	 7748.20	  123.13	  216.48	 4102.53	  963.67	 3138.86	  294.48	 7237.24
16:14:07	 7871.33	 7748.59	  122.74	  216.49	 4102.53	  963.67	 3138.86	  294.53	 7237.57
16:14:09	 7871.33	 7751.92	  119.41	  216.77	 4102.53	  963.67	 3138.86	  294.52	 7240.63
16:14:11	 7871.33	 7749.43	  121.90	  216.79	 4102.53	  963.67	 3138.86	  294.54	 7238.11
16:14:13	 7871.33	 7749.56	  121.77	  217.05	 4102.53	  963.67	 3138.86	  294.48	 7238.03
16:14:15	 7871.33	 7748.94	  122.39	  217.07	 4102.53	  963.67	 3138.86	  294.59	 7237.28
16:14:17	 7871.33	 7749.07	  122.26	  217.10	 4102.53	  963.67	 3138.86	  294.60	 7237.37
16:14:19	 7871.33	 7749.69	  121.64	  217.37	 4102.53	  963.67	 3138.86	  294.61	 7237.71
16:14:21	 7871.33	 7749.80	  121.53	  217.38	 4102.53	  963.67	 3138.86	  294.64	 7237.79
16:14:23	 7871.33	 7750.13	  121.20	  217.66	 4102.53	  963.67	 3138.86	  294.57	 7237.90
16:14:25	 7871.33	 7749.52	  121.81	  217.68	 4102.53	  963.67	 3138.86	  294.66	 7237.18
16:14:27	 7871.33	 7749.64	  121.69	  217.70	 4102.53	  963.67	 3138.86	  294.68	 7237.27
16:14:29	 7871.33	 7750.30	  121.04	  217.97	 4102.53	  963.67	 3138.86	  294.70	 7237.63
16:14:31	 7871.33	 7750.52	  120.81	  217.97	 4102.53	  963.67	 3138.86	  294.72	 7237.84
16:14:33	 7871.33	 7750.63	  120.70	  218.25	 4102.53	  963.67	 3138.86	  294.64	 7237.75
16:14:35	 7871.33	 7750.01	  121.32	  218.28	 4102.53	  963.67	 3138.86	  294.79	 7236.94
16:14:37	 7871.33	 7750.61	  120.72	  218.30	 4102.53	  963.67	 3138.86	  294.81	 7237.50
16:14:39	 7871.33	 7750.98	  120.36	  218.58	 4102.53	  963.67	 3138.86	  294.81	 7237.59
16:14:41	 7871.33	 7753.25	  118.08	  218.63	 4102.53	  963.67	 3138.86	  294.83	 7239.79
16:14:43	 7871.33	 7751.61	  119.72	  218.91	 4102.53	  963.67	 3138.86	  294.78	 7237.93
16:14:45	 7871.33	 7751.13	  120.20	  218.94	 4102.53	  963.67	 3138.86	  294.88	 7237.32
16:14:47	 7871.33	 7751.22	  120.11	  218.97	 4102.53	  963.67	 3138.86	  294.89	 7237.36
16:14:49	 7871.33	 7751.70	  119.63	  219.24	 4102.53	  963.67	 3138.86	  294.91	 7237.55
16:14:51	 7871.33	 7754.57	  116.76	  219.28	 4102.53	  963.67	 3138.86	  294.92	 7240.38
16:14:53	 7871.33	 7752.22	  119.11	  219.56	 4102.53	  963.67	 3138.86	  294.85	 7237.81
16:14:55	 7871.33	 7750.99	  120.34	  219.57	 4102.53	  963.67	 3138.86	  294.96	 7236.46
16:14:57	 7871.33	 7751.86	  119.48	  219.59	 4102.53	  963.67	 3138.86	  294.96	 7237.30
16:14:59	 7871.33	 7752.21	  119.12	  219.84	 4102.53	  963.67	 3138.86	  295.00	 7237.38
16:15:01	 7871.33	 7752.43	  118.90	  219.85	 4102.53	  963.67	 3138.86	  295.01	 7237.57
16:15:03	 7871.33	 7753.20	  118.13	  220.12	 4102.53	  963.67	 3138.86	  294.95	 7238.14
16:15:05	 7871.33	 7752.34	  118.99	  220.14	 4102.53	  963.67	 3138.86	  295.03	 7237.18
16:15:07	 7871.33	 7752.81	  118.52	  220.16	 4102.53	  963.67	 3138.86	  295.06	 7237.59
16:15:09	 7871.33	 7752.81	  118.52	  220.42	 4102.53	  963.67	 3138.86	  295.08	 7237.31
16:15:11	 7871.33	 7753.29	  118.04	  220.43	 4102.53	  963.67	 3138.86	  295.09	 7237.77
16:15:13	 7871.33	 7757.89	  113.44	  220.69	 4102.53	  963.67	 3138.86	  295.11	 7242.09
16:15:15	 7871.33	 7753.99	  117.34	  220.70	 4102.53	  963.67	 3138.86	  295.12	 7238.17
16:15:17	 7871.33	 7754.18	  117.15	  220.71	 4102.53	  963.67	 3138.86	  295.14	 7238.33
16:15:19	 7871.33	 7754.89	  116.44	  220.98	 4102.53	  963.67	 3138.86	  295.16	 7238.75
16:15:21	 7871.33	 7754.88	  116.46	  220.99	 4102.53	  963.67	 3138.86	  295.33	 7238.55
16:15:23	 7871.33	 7746.28	  125.05	  221.29	 4102.53	  963.67	 3138.86	  286.44	 7238.55
16:15:25	 7871.33	 7745.56	  125.77	  221.30	 4102.53	  963.67	 3138.86	  286.48	 7237.78
16:15:27	 7871.33	 7745.68	  125.65	  221.32	 4102.53	  963.67	 3138.86	  286.50	 7237.86
16:15:29	 7871.33	 7746.15	  125.18	  221.59	 4102.53	  963.67	 3138.86	  286.51	 7238.05
16:15:31	 7871.33	 7746.63	  124.70	  221.61	 4102.53	  963.67	 3138.86	  286.53	 7238.50
16:15:33	 7871.33	 7746.65	  124.68	  221.88	 4102.53	  963.67	 3138.86	  286.55	 7238.21
16:15:35	 7871.33	 7749.50	  121.84	  221.90	 4102.53	  963.67	 3138.86	  286.57	 7241.02
16:15:37	 7871.33	 7746.82	  124.52	  221.91	 4102.53	  963.67	 3138.86	  286.59	 7238.32
16:15:39	 7871.33	 7747.17	  124.16	  222.18	 4102.53	  963.67	 3138.86	  286.59	 7238.40
16:15:41	 7871.33	 7747.15	  124.18	  222.20	 4102.53	  963.67	 3138.86	  286.62	 7238.33
16:15:43	 7871.33	 7747.62	  123.71	  222.45	 4102.53	  963.67	 3138.86	  286.64	 7238.54
16:15:45	 7871.33	 7747.01	  124.32	  222.48	 4102.53	  963.67	 3138.86	  286.65	 7237.88
16:15:47	 7871.33	 7748.47	  122.86	  222.50	 4102.53	  963.67	 3138.86	  286.67	 7239.31
16:15:49	 7871.33	 7747.62	  123.71	  222.77	 4102.53	  963.67	 3138.86	  286.67	 7238.18
16:15:51	 7871.33	 7747.74	  123.59	  222.82	 4102.53	  963.67	 3138.86	  286.68	 7238.24
16:15:53	 7871.33	 7747.96	  123.38	  223.07	 4102.53	  963.67	 3138.86	  286.71	 7238.18
16:15:55	 7871.33	 7747.35	  123.98	  223.09	 4102.53	  963.67	 3138.86	  286.71	 7237.54
16:15:57	 7871.33	 7748.08	  123.25	  223.12	 4102.53	  963.67	 3138.86	  286.75	 7238.21
16:15:59	 7871.33	 7748.47	  122.86	  223.38	 4102.53	  963.67	 3138.86	  286.76	 7238.34
16:16:01	 7871.33	 7748.84	  122.50	  223.41	 4102.53	  963.67	 3138.86	  286.77	 7238.65
16:16:03	 7871.33	 7749.07	  122.26	  223.68	 4102.53	  963.67	 3138.86	  286.79	 7238.61
16:16:05	 7871.33	 7747.98	  123.35	  223.69	 4102.53	  963.67	 3138.86	  286.81	 7237.48
16:16:07	 7871.33	 7751.54	  119.79	  213.94	 4102.53	  963.67	 3138.86	  286.76	 7250.85
16:16:10	 7871.33	 7752.71	  118.62	  214.20	 4102.53	  963.67	 3138.86	  286.70	 7251.81
16:16:12	 7871.33	 7752.01	  119.32	  214.23	 4102.53	  963.67	 3138.86	  286.70	 7251.08
16:16:14	 7871.33	 7752.05	  119.28	  214.53	 4102.53	  963.67	 3138.86	  286.71	 7250.81
16:16:16	 7871.33	 7749.05	  122.28	  214.54	 4102.53	  963.67	 3138.86	  286.73	 7247.78
16:16:18	 7871.33	 7749.36	  121.97	  214.82	 4102.53	  963.67	 3138.86	  286.67	 7247.87
16:16:20	 7871.33	 7749.48	  121.85	  214.84	 4102.53	  963.67	 3138.86	  286.76	 7247.88
16:16:22	 7871.33	 7751.43	  119.90	  214.85	 4102.53	  963.67	 3138.86	  286.79	 7249.79
16:16:24	 7871.33	 7749.72	  121.61	  215.12	 4102.53	  963.67	 3138.86	  286.80	 7247.80
16:16:26	 7871.33	 7748.25	  123.09	  215.15	 4102.53	  963.67	 3138.86	  286.82	 7246.28
16:16:28	 7871.33	 7748.84	  122.50	  215.43	 4102.53	  963.67	 3138.86	  286.75	 7246.66
16:16:30	 7871.33	 7748.96	  122.38	  215.47	 4102.53	  963.67	 3138.86	  286.83	 7246.65
16:16:32	 7871.33	 7749.21	  122.12	  215.50	 4102.53	  963.67	 3138.86	  286.88	 7246.83
16:16:34	 7871.33	 7752.35	  118.98	  215.78	 4102.53	  963.67	 3138.86	  286.89	 7249.68
16:16:36	 7871.33	 7749.37	  121.96	  215.81	 4102.53	  963.67	 3138.86	  286.91	 7246.65
16:16:38	 7871.33	 7749.69	  121.64	  216.09	 4102.53	  963.67	 3138.86	  286.83	 7246.77
16:16:40	 7871.33	 7750.30	  121.04	  216.10	 4102.53	  963.67	 3138.86	  286.94	 7247.25
16:16:42	 7871.33	 7750.17	  121.16	  216.11	 4102.53	  963.67	 3138.86	  286.96	 7247.09
16:16:44	 7871.33	 7749.90	  121.43	  216.39	 4102.53	  963.67	 3138.86	  286.96	 7246.55
16:16:46	 7871.33	 7751.06	  120.27	  216.41	 4102.53	  963.67	 3138.86	  286.99	 7247.66
16:16:48	 7871.33	 7750.55	  120.79	  216.67	 4102.53	  963.67	 3138.86	  286.93	 7246.95
16:16:50	 7871.33	 7752.40	  118.93	  216.69	 4102.53	  963.67	 3138.86	  287.02	 7248.69
16:16:52	 7871.33	 7750.52	  120.82	  216.70	 4102.53	  963.67	 3138.86	  287.04	 7246.78
16:16:54	 7871.33	 7750.39	  120.95	  216.97	 4102.53	  963.67	 3138.86	  287.04	 7246.38
16:16:56	 7871.33	 7750.15	  121.18	  216.99	 4102.53	  963.67	 3138.86	  287.07	 7246.09
16:16:58	 7871.33	 7750.89	  120.45	  217.25	 4102.53	  963.67	 3138.86	  287.01	 7246.62
16:17:00	 7871.33	 7751.13	  120.20	  217.29	 4102.53	  963.67	 3138.86	  287.09	 7246.76
16:17:02	 7871.33	 7751.48	  119.86	  217.29	 4102.53	  963.67	 3138.86	  287.13	 7247.06
16:17:04	 7871.33	 7750.87	  120.46	  217.55	 4102.53	  963.67	 3138.86	  287.14	 7246.18
16:17:06	 7871.33	 7751.12	  120.21	  217.57	 4102.53	  963.67	 3138.86	  287.15	 7246.40
16:17:08	 7871.33	 7752.11	  119.23	  217.82	 4102.53	  963.67	 3138.86	  287.09	 7247.19
16:17:10	 7871.33	 7751.61	  119.72	  217.85	 4102.53	  963.67	 3138.86	  287.18	 7246.59
16:17:12	 7871.33	 7751.91	  119.42	  217.87	 4102.53	  963.67	 3138.86	  287.21	 7246.83
16:17:14	 7871.33	 7751.61	  119.73	  218.12	 4102.53	  963.67	 3138.86	  287.22	 7246.26
16:17:16	 7871.33	 7751.86	  119.47	  218.13	 4102.53	  963.67	 3138.86	  287.23	 7246.50
16:17:18	 7871.33	 7751.85	  119.48	  218.41	 4102.53	  963.67	 3138.86	  287.17	 7246.27
16:17:20	 7871.33	 7753.57	  117.76	  218.42	 4102.53	  963.67	 3138.86	  287.27	 7247.89
16:17:22	 7871.33	 7754.76	  116.57	  218.45	 4102.53	  963.67	 3138.86	  287.27	 7249.04
16:17:24	 7871.33	 7752.23	  119.11	  218.71	 4102.53	  963.67	 3138.86	  287.29	 7246.22
16:17:26	 7871.33	 7752.24	  119.09	  218.71	 4102.53	  963.67	 3138.86	  287.31	 7246.22
16:17:28	 7871.33	 7752.70	  118.64	  219.00	 4102.53	  963.67	 3138.86	  287.42	 7246.28
16:17:30	 7871.33	 7753.55	  117.78	  219.01	 4102.53	  963.67	 3138.86	  287.35	 7247.19
16:17:32	 7871.33	 7752.95	  118.38	  219.02	 4102.53	  963.67	 3138.86	  287.37	 7246.57
16:17:34	 7871.33	 7752.59	  118.74	  219.29	 4102.53	  963.67	 3138.86	  287.37	 7245.93
16:17:36	 7871.33	 7752.70	  118.64	  219.31	 4102.53	  963.67	 3138.86	  287.40	 7245.98
16:17:38	 7871.33	 7753.16	  118.18	  219.59	 4102.53	  963.67	 3138.86	  287.43	 7246.14
16:17:40	 7871.33	 7753.14	  118.19	  219.61	 4102.53	  963.67	 3138.86	  287.45	 7246.09
16:17:42	 7871.33	 7753.54	  117.80	  219.62	 4102.53	  963.67	 3138.86	  287.45	 7246.46
16:17:44	 7871.33	 7753.29	  118.04	  219.89	 4102.53	  963.67	 3138.86	  287.47	 7245.93
16:17:46	 7871.33	 7753.05	  118.28	  219.90	 4102.53	  963.67	 3138.86	  287.49	 7245.66
16:17:48	 7871.33	 7753.62	  117.71	  220.16	 4102.53	  963.67	 3138.86	  287.50	 7245.97
16:17:50	 7871.33	 7753.99	  117.34	  220.19	 4102.53	  963.67	 3138.86	  287.52	 7246.28
16:17:52	 7871.33	 7754.87	  116.46	  220.19	 4102.53	  963.67	 3138.86	  287.54	 7247.14
16:17:54	 7871.33	 7756.16	  115.18	  220.46	 4102.53	  963.67	 3138.86	  287.55	 7248.14
16:17:56	 7871.33	 7753.77	  117.56	  220.48	 4102.53	  963.67	 3138.86	  287.57	 7245.72
16:17:58	 7871.33	 7754.38	  116.96	  220.74	 4102.53	  963.67	 3138.86	  287.59	 7246.05
16:18:00	 7871.33	 7754.36	  116.97	  220.77	 4102.53	  963.67	 3138.86	  287.60	 7245.99
16:18:02	 7871.33	 7754.72	  116.61	  220.79	 4102.53	  963.67	 3138.86	  287.61	 7246.32
16:18:04	 7871.33	 7754.13	  117.20	  221.06	 4102.53	  963.67	 3138.86	  287.63	 7245.44
16:18:06	 7871.33	 7754.74	  116.59	  221.10	 4102.53	  963.67	 3138.86	  287.65	 7245.99
16:18:08	 7871.33	 7755.10	  116.23	  221.36	 4102.53	  963.67	 3138.86	  287.67	 7246.07
16:18:10	 7871.33	 7755.47	  115.86	  221.42	 4102.53	  963.67	 3138.86	  287.67	 7246.38
16:18:12	 7871.33	 7755.11	  116.22	  221.45	 4102.53	  963.67	 3138.86	  287.70	 7245.96
16:18:14	 7871.33	 7755.21	  116.12	  221.73	 4102.53	  963.67	 3138.86	  287.71	 7245.78
16:18:16	 7871.33	 7754.50	  116.84	  221.73	 4102.53	  963.67	 3138.86	  287.73	 7245.04
16:18:18	 7871.33	 7755.35	  115.98	  222.01	 4102.53	  963.67	 3138.86	  287.74	 7245.60
16:18:20	 7871.33	 7755.93	  115.40	  222.02	 4102.53	  963.67	 3138.86	  287.76	 7246.16
16:18:22	 7871.33	 7755.80	  115.53	  222.07	 4102.53	  963.67	 3138.86	  287.77	 7245.96
16:18:24	 7871.33	 7755.44	  115.89	  222.35	 4102.53	  963.67	 3138.86	  287.77	 7245.32
16:18:26	 7871.33	 7758.94	  112.39	  222.38	 4102.53	  963.67	 3138.86	  287.80	 7248.77
