    Time	  MemTotal	   MemUsed	   MemFree	   MemBuff	SwapTotal	SwapUsed	SwapFree	SwapCached	RealUsedMem
15:55:04	 7999.33	 7831.61	  167.72	 1935.54	 4110.34	  977.70	 3132.64	 2133.23	 3762.85
15:55:06	 7999.33	 7844.30	  155.04	 1935.80	 4110.34	  977.70	 3132.64	 2133.70	 3774.79
15:55:08	 7999.33	 7835.36	  163.97	 1935.82	 4110.34	  977.70	 3132.64	 2134.52	 3765.02
15:55:10	 7999.33	 7836.78	  162.55	 1935.84	 4110.34	  977.70	 3132.64	 2134.97	 3765.97
15:55:12	 7999.33	 7833.10	  166.23	 1932.02	 4110.34	  977.70	 3132.64	 2135.34	 3765.74
15:55:14	 7999.33	 7832.62	  166.71	 1920.04	 4110.34	  977.82	 3132.52	 2135.53	 3777.05
15:55:16	 7999.33	 7831.25	  168.08	 1912.38	 4110.34	  978.01	 3132.33	 2135.70	 3783.17
15:55:18	 7999.33	 7766.40	  232.93	 1912.40	 4110.34	  978.01	 3132.33	 2088.45	 3765.55
15:55:20	 7999.33	 7767.99	  231.34	 1912.41	 4110.34	  978.01	 3132.33	 2088.80	 3766.78
15:55:22	 7999.33	 7766.03	  233.30	 1912.79	 4110.34	  978.01	 3132.33	 2089.20	 3764.04
15:55:24	 7999.33	 7770.09	  229.24	 1912.82	 4110.34	  978.01	 3132.33	 2089.61	 3767.67
15:55:26	 7999.33	 7768.82	  230.51	 1913.07	 4110.34	  978.01	 3132.33	 2090.00	 3765.75
15:55:28	 7999.33	 7776.66	  222.68	 1913.08	 4110.34	  978.01	 3132.33	 2090.39	 3773.18
15:55:30	 7999.33	 7780.65	  218.68	 1913.11	 4110.34	  978.01	 3132.33	 2090.79	 3776.75
15:55:32	 7999.33	 7776.26	  223.07	 1913.37	 4110.34	  978.01	 3132.33	 2091.18	 3771.71
15:55:34	 7999.33	 7786.43	  212.90	 1913.38	 4110.34	  978.01	 3132.33	 2091.58	 3781.48
15:55:36	 7999.33	 7787.45	  211.89	 1913.52	 4110.34	  978.01	 3132.33	 2091.98	 3781.95
15:55:38	 7999.33	 7790.90	  208.43	 1913.53	 4110.34	  978.01	 3132.33	 2092.37	 3785.00
15:55:40	 7999.33	 7780.55	  218.79	 1913.55	 4110.34	  978.01	 3132.33	 2092.76	 3774.23
15:55:42	 7999.33	 7780.80	  218.53	 1913.95	 4110.34	  978.01	 3132.33	 2093.33	 3773.53
15:55:44	 7999.33	 7778.27	  221.06	 1913.95	 4110.34	  978.01	 3132.33	 2093.72	 3770.60
15:55:46	 7999.33	 7780.32	  219.01	 1914.21	 4110.34	  978.01	 3132.33	 2094.12	 3772.00
15:55:48	 7999.33	 7779.23	  220.10	 1914.22	 4110.34	  978.01	 3132.33	 2094.34	 3770.67
15:55:50	 7999.33	 7780.62	  218.71	 1914.25	 4110.34	  978.01	 3132.33	 2094.71	 3771.66
15:55:52	 7999.33	 7779.70	  219.63	 1914.50	 4110.34	  978.01	 3132.33	 2095.30	 3769.90
15:55:54	 7999.33	 7782.66	  216.68	 1914.52	 4110.34	  978.01	 3132.33	 2095.52	 3772.61
15:55:57	 7999.33	 7784.47	  214.86	 1914.80	 4110.34	  978.01	 3132.33	 2096.07	 3773.61
15:55:59	 7999.33	 7783.15	  216.18	 1914.81	 4110.34	  978.01	 3132.33	 2096.47	 3771.87
15:56:01	 7999.33	 7782.62	  216.71	 1915.09	 4110.34	  978.01	 3132.33	 2096.78	 3770.75
15:56:03	 7999.33	 7790.65	  208.68	 1915.11	 4110.34	  978.01	 3132.33	 2097.27	 3778.28
15:56:05	 7999.33	 7790.38	  208.95	 1915.13	 4110.34	  978.01	 3132.33	 2097.64	 3777.61
15:56:07	 7999.33	 7785.94	  213.39	 1915.40	 4110.34	  978.01	 3132.33	 2098.03	 3772.51
15:56:09	 7999.33	 7785.46	  213.87	 1915.40	 4110.34	  978.01	 3132.33	 2098.43	 3771.64
15:56:11	 7999.33	 7785.72	  213.61	 1915.67	 4110.34	  978.01	 3132.33	 2098.73	 3771.32
15:56:13	 7999.33	 7786.77	  212.56	 1915.70	 4110.34	  978.01	 3132.33	 2099.20	 3771.88
15:56:15	 7999.33	 7792.23	  207.11	 1915.71	 4110.34	  978.01	 3132.33	 2099.63	 3776.88
15:56:17	 7999.33	 7798.85	  200.48	 1915.98	 4110.34	  978.01	 3132.33	 2100.03	 3782.85
15:56:19	 7999.33	 7789.42	  209.91	 1915.98	 4110.34	  978.01	 3132.33	 2100.40	 3773.04
15:56:21	 7999.33	 7789.01	  210.32	 1916.25	 4110.34	  978.01	 3132.33	 2100.79	 3771.98
15:56:23	 7999.33	 7791.95	  207.38	 1916.25	 4110.34	  978.01	 3132.33	 2101.16	 3774.54
15:56:25	 7999.33	 7790.98	  208.35	 1916.27	 4110.34	  978.01	 3132.33	 2101.56	 3773.15
15:56:27	 7999.33	 7792.89	  206.44	 1916.53	 4110.34	  978.01	 3132.33	 2101.95	 3774.41
15:56:29	 7999.33	 7796.87	  202.46	 1916.55	 4110.34	  978.01	 3132.33	 2102.36	 3777.96
15:56:31	 7999.33	 7793.50	  205.84	 1916.82	 4110.34	  978.01	 3132.33	 2102.74	 3773.94
15:56:33	 7999.33	 7795.49	  203.84	 1916.82	 4110.34	  978.01	 3132.33	 2103.12	 3775.55
15:56:35	 7999.33	 7796.09	  203.24	 1916.85	 4110.34	  978.01	 3132.33	 2103.50	 3775.74
15:56:37	 7999.33	 7807.32	  192.01	 1917.12	 4110.34	  978.01	 3132.33	 2103.92	 3786.29
15:56:39	 7999.33	 7798.39	  200.94	 1917.13	 4110.34	  978.01	 3132.33	 2104.30	 3776.96
15:56:41	 7999.33	 7794.18	  205.15	 1917.40	 4110.34	  978.01	 3132.33	 2104.68	 3772.11
15:56:43	 7999.33	 7796.75	  202.58	 1917.42	 4110.34	  978.01	 3132.33	 2105.07	 3774.27
15:56:45	 7999.33	 7796.26	  203.07	 1917.43	 4110.34	  978.01	 3132.33	 2105.46	 3773.37
15:56:47	 7999.33	 7796.83	  202.50	 1917.70	 4110.34	  978.01	 3132.33	 2105.84	 3773.29
15:56:49	 7999.33	 7800.43	  198.90	 1917.71	 4110.34	  978.01	 3132.33	 2106.39	 3776.33
15:56:51	 7999.33	 7800.03	  199.30	 1917.98	 4110.34	  978.01	 3132.33	 2106.79	 3775.26
15:56:53	 7999.33	 7805.02	  194.31	 1917.99	 4110.34	  978.01	 3132.33	 2107.18	 3779.86
15:56:56	 7999.33	 7800.73	  198.61	 1918.01	 4110.34	  978.01	 3132.33	 2107.39	 3775.33
15:56:58	 7999.33	 7802.57	  196.76	 1918.03	 4110.34	  978.01	 3132.33	 2107.77	 3776.78
15:57:00	 7999.33	 7798.52	  200.82	 1918.04	 4110.34	  978.01	 3132.33	 2108.33	 3772.15
15:57:02	 7999.33	 7800.36	  198.97	 1918.55	 4110.34	  978.01	 3132.33	 2108.72	 3773.09
15:57:04	 7999.33	 7809.16	  190.17	 1918.58	 4110.34	  978.01	 3132.33	 2109.10	 3781.49
15:57:06	 7999.33	 7803.67	  195.66	 1918.84	 4110.34	  978.01	 3132.33	 2109.41	 3775.42
15:57:08	 7999.33	 7801.68	  197.65	 1918.85	 4110.34	  978.01	 3132.33	 2109.88	 3772.95
15:57:10	 7999.33	 7807.04	  192.29	 1918.87	 4110.34	  978.01	 3132.33	 2110.11	 3778.07
15:57:12	 7999.33	 7809.45	  189.89	 1919.13	 4110.34	  978.01	 3132.33	 2110.71	 3779.61
15:57:14	 7999.33	 7803.36	  195.98	 1919.14	 4110.34	  978.01	 3132.33	 2111.09	 3773.12
15:57:16	 7999.33	 7808.93	  190.41	 1919.41	 4110.34	  978.01	 3132.33	 2111.47	 3778.05
15:57:18	 7999.33	 7810.17	  189.16	 1919.43	 4110.34	  978.01	 3132.33	 2111.85	 3778.89
15:57:20	 7999.33	 7804.86	  194.47	 1919.43	 4110.34	  978.01	 3132.33	 2112.25	 3773.17
15:57:22	 7999.33	 7802.87	  196.46	 1919.70	 4110.34	  978.01	 3132.33	 2112.64	 3770.53
15:57:24	 7999.33	 7810.78	  188.55	 1919.73	 4110.34	  978.01	 3132.33	 2113.06	 3777.99
15:57:26	 7999.33	 7812.37	  186.96	 1919.99	 4110.34	  978.01	 3132.33	 2113.43	 3778.95
15:57:28	 7999.33	 7808.91	  190.42	 1920.01	 4110.34	  978.01	 3132.33	 2113.81	 3775.09
15:57:30	 7999.33	 7806.55	  192.79	 1920.02	 4110.34	  978.01	 3132.33	 2114.20	 3772.32
15:57:32	 7999.33	 7807.13	  192.20	 1920.30	 4110.34	  978.01	 3132.33	 2114.57	 3772.26
15:57:34	 7999.33	 7810.32	  189.02	 1920.31	 4110.34	  978.01	 3132.33	 2114.98	 3775.03
15:57:36	 7999.33	 7809.07	  190.26	 1920.57	 4110.34	  978.01	 3132.33	 2115.37	 3773.14
15:57:38	 7999.33	 7811.14	  188.19	 1920.59	 4110.34	  978.01	 3132.33	 2115.74	 3774.81
15:57:40	 7999.33	 7812.66	  186.68	 1920.60	 4110.34	  978.01	 3132.33	 2116.16	 3775.90
15:57:42	 7999.33	 7816.75	  182.58	 1920.86	 4110.34	  978.01	 3132.33	 2116.52	 3779.37
15:57:44	 7999.33	 7811.63	  187.70	 1920.88	 4110.34	  978.01	 3132.33	 2116.92	 3773.83
15:57:46	 7999.33	 7820.14	  179.19	 1921.14	 4110.34	  978.01	 3132.33	 2117.47	 3781.53
15:57:48	 7999.33	 7811.12	  188.21	 1921.16	 4110.34	  978.01	 3132.33	 2117.86	 3772.10
15:57:50	 7999.33	 7817.10	  182.23	 1921.16	 4110.34	  978.01	 3132.33	 2118.11	 3777.83
15:57:52	 7999.33	 7812.46	  186.88	 1921.43	 4110.34	  978.01	 3132.33	 2118.65	 3772.38
15:57:55	 7999.33	 7813.52	  185.81	 1921.45	 4110.34	  978.01	 3132.33	 2118.87	 3773.21
15:57:57	 7999.33	 7815.70	  183.64	 1921.70	 4110.34	  978.01	 3132.33	 2119.43	 3774.57
15:57:59	 7999.33	 7823.27	  176.06	 1921.73	 4110.34	  978.01	 3132.33	 2119.82	 3781.73
15:58:01	 7999.33	 7814.77	  184.56	 1921.98	 4110.34	  978.01	 3132.33	 2120.11	 3772.68
15:58:03	 7999.33	 7817.99	  181.34	 1921.99	 4110.34	  978.01	 3132.33	 2120.58	 3775.42
15:58:05	 7999.33	 7816.32	  183.02	 1922.02	 4110.34	  978.01	 3132.33	 2120.98	 3773.32
15:58:07	 7999.33	 7817.38	  181.95	 1922.27	 4110.34	  978.01	 3132.33	 2121.38	 3773.72
15:58:09	 7999.33	 7821.33	  178.00	 1922.30	 4110.34	  978.01	 3132.33	 2121.76	 3777.27
15:58:11	 7999.33	 7816.33	  183.00	 1922.57	 4110.34	  978.01	 3132.33	 2122.06	 3771.70
15:58:13	 7999.33	 7821.72	  177.61	 1922.59	 4110.34	  978.01	 3132.33	 2122.56	 3776.56
15:58:15	 7999.33	 7828.90	  170.43	 1922.60	 4110.34	  978.01	 3132.33	 2122.97	 3783.33
15:58:17	 7999.33	 7819.72	  179.61	 1922.86	 4110.34	  978.01	 3132.33	 2123.35	 3773.51
15:58:19	 7999.33	 7818.73	  180.60	 1922.88	 4110.34	  978.01	 3132.33	 2123.75	 3772.11
15:58:21	 7999.33	 7825.64	  173.69	 1923.14	 4110.34	  978.01	 3132.33	 2124.14	 3778.36
15:58:23	 7999.33	 7819.21	  180.12	 1923.15	 4110.34	  978.01	 3132.33	 2124.51	 3771.55
15:58:25	 7999.33	 7823.52	  175.81	 1923.17	 4110.34	  978.01	 3132.33	 2124.89	 3775.46
15:58:27	 7999.33	 7822.03	  177.30	 1923.44	 4110.34	  978.01	 3132.33	 2125.29	 3773.30
15:58:29	 7999.33	 7822.52	  176.82	 1923.46	 4110.34	  978.01	 3132.33	 2125.68	 3773.37
15:58:31	 7999.33	 7821.02	  178.31	 1923.73	 4110.34	  978.01	 3132.33	 2126.05	 3771.24
15:58:33	 7999.33	 7824.17	  175.16	 1923.73	 4110.34	  978.01	 3132.33	 2126.46	 3773.98
15:58:35	 7999.33	 7823.42	  175.91	 1923.76	 4110.34	  978.01	 3132.33	 2126.83	 3772.83
15:58:37	 7999.33	 7827.21	  172.12	 1924.02	 4110.34	  978.01	 3132.33	 2127.22	 3775.97
15:58:39	 7999.33	 7825.31	  174.02	 1924.03	 4110.34	  978.01	 3132.33	 2127.61	 3773.66
15:58:41	 7999.33	 7824.33	  175.00	 1924.30	 4110.34	  978.01	 3132.33	 2127.99	 3772.04
15:58:43	 7999.33	 7828.50	  170.83	 1924.31	 4110.34	  978.01	 3132.33	 2128.39	 3775.80
15:58:45	 7999.33	 7826.75	  172.58	 1924.33	 4110.34	  978.01	 3132.33	 2128.77	 3773.65
15:58:47	 7999.33	 7829.85	  169.48	 1924.60	 4110.34	  978.01	 3132.33	 2129.16	 3776.09
15:58:49	 7999.33	 7827.42	  171.91	 1920.65	 4110.34	  978.01	 3132.33	 2129.52	 3777.25
15:58:51	 7999.33	 7824.21	  175.12	 1920.80	 4110.34	  978.01	 3132.33	 2130.11	 3773.31
15:58:53	 7999.33	 7825.52	  173.81	 1920.82	 4110.34	  978.01	 3132.33	 2130.48	 3774.23
15:58:55	 7999.33	 7830.24	  169.09	 1920.83	 4110.34	  978.01	 3132.33	 2130.73	 3778.69
15:58:57	 7999.33	 7825.99	  173.34	 1921.22	 4110.34	  978.01	 3132.33	 2131.10	 3773.67
15:58:59	 7999.33	 7826.14	  173.20	 1921.25	 4110.34	  978.01	 3132.33	 2131.50	 3773.39
15:59:01	 7999.33	 7829.71	  169.62	 1921.50	 4110.34	  978.01	 3132.33	 2132.07	 3776.14
15:59:04	 7999.33	 7827.09	  172.24	 1921.52	 4110.34	  978.01	 3132.33	 2132.44	 3773.13
15:59:06	 7999.33	 7829.54	  169.80	 1921.80	 4110.34	  978.01	 3132.33	 2132.75	 3774.98
15:59:08	 7999.33	 7828.51	  170.82	 1921.80	 4110.34	  978.01	 3132.33	 2133.06	 3773.65
15:59:10	 7999.33	 7830.62	  168.71	 1921.84	 4110.34	  978.01	 3132.33	 2133.59	 3775.20
15:59:12	 7999.33	 7828.79	  170.55	 1922.10	 4110.34	  978.01	 3132.33	 2133.98	 3772.70
15:59:14	 7999.33	 7831.61	  167.72	 1922.10	 4110.34	  978.01	 3132.33	 2134.21	 3775.30
15:59:16	 7999.33	 7843.53	  155.80	 1922.38	 4110.34	  978.01	 3132.33	 2134.69	 3786.46
15:59:18	 7999.33	 7845.00	  154.33	 1918.39	 4110.34	  978.06	 3132.29	 2135.01	 3791.61
15:59:20	 7999.33	 7830.13	  169.20	 1918.40	 4110.34	  978.06	 3132.29	 2135.38	 3776.35
15:59:22	 7999.33	 7831.06	  168.27	 1910.44	 4110.34	  978.28	 3132.07	 2135.72	 3784.91
15:59:24	 7999.33	 7834.91	  164.43	 1910.44	 4110.34	  978.28	 3132.07	 2136.12	 3788.35
15:59:26	 7999.33	 7836.16	  163.17	 1910.98	 4110.34	  978.28	 3132.07	 2136.46	 3788.72
15:59:28	 7999.33	 7841.27	  158.07	 1910.98	 4110.34	  978.28	 3132.07	 2136.87	 3793.42
15:59:30	 7999.33	 7822.73	  176.60	 1911.00	 4110.34	  978.28	 3132.07	 2137.27	 3774.47
15:59:32	 7999.33	 7778.86	  220.47	 1911.27	 4110.34	  978.28	 3132.07	 2089.95	 3777.64
15:59:34	 7999.33	 7789.93	  209.41	 1911.27	 4110.34	  978.35	 3132.00	 2089.95	 3788.70
15:59:36	 7999.33	 7775.71	  223.62	 1911.55	 4110.34	  978.35	 3132.00	 2090.32	 3773.84
15:59:38	 7999.33	 7775.18	  224.16	 1911.56	 4110.34	  978.35	 3132.00	 2090.72	 3772.89
15:59:40	 7999.33	 7778.65	  220.68	 1911.57	 4110.34	  978.35	 3132.00	 2091.11	 3775.97
15:59:42	 7999.33	 7774.46	  224.88	 1911.85	 4110.34	  978.35	 3132.00	 2091.50	 3771.11
15:59:44	 7999.33	 7782.70	  216.63	 1911.85	 4110.34	  978.35	 3132.00	 2091.89	 3778.96
15:59:46	 7999.33	 7779.74	  219.59	 1912.13	 4110.34	  978.35	 3132.00	 2092.28	 3775.33
15:59:48	 7999.33	 7777.27	  222.07	 1912.15	 4110.34	  978.35	 3132.00	 2092.68	 3772.43
15:59:50	 7999.33	 7778.86	  220.47	 1912.17	 4110.34	  978.35	 3132.00	 2093.06	 3773.63
15:59:52	 7999.33	 7781.07	  218.27	 1912.43	 4110.34	  978.35	 3132.00	 2093.47	 3775.17
15:59:54	 7999.33	 7778.94	  220.39	 1912.45	 4110.34	  978.35	 3132.00	 2093.86	 3772.64
15:59:56	 7999.33	 7782.67	  216.66	 1912.71	 4110.34	  978.35	 3132.00	 2094.25	 3775.71
15:59:58	 7999.33	 7780.62	  218.71	 1912.74	 4110.34	  978.35	 3132.00	 2094.62	 3773.26
16:00:00	 7999.33	 7782.56	  216.77	 1912.74	 4110.34	  978.35	 3132.00	 2095.03	 3774.79
16:00:02	 7999.33	 7782.91	  216.42	 1913.01	 4110.34	  978.35	 3132.00	 2095.72	 3774.18
16:00:04	 7999.33	 7787.72	  211.61	 1913.04	 4110.34	  978.35	 3132.00	 2096.12	 3778.56
16:00:07	 7999.33	 7782.23	  217.10	 1913.30	 4110.34	  978.35	 3132.00	 2096.42	 3772.52
16:00:09	 7999.33	 7785.19	  214.14	 1913.32	 4110.34	  978.35	 3132.00	 2096.93	 3774.94
16:00:11	 7999.33	 7784.23	  215.10	 1913.59	 4110.34	  978.35	 3132.00	 2097.42	 3773.22
16:00:13	 7999.33	 7782.71	  216.62	 1913.62	 4110.34	  978.35	 3132.00	 2097.72	 3771.38
16:00:15	 7999.33	 7789.82	  209.51	 1913.64	 4110.34	  978.35	 3132.00	 2098.10	 3778.08
16:00:17	 7999.33	 7784.52	  214.81	 1913.91	 4110.34	  978.35	 3132.00	 2098.30	 3772.31
16:00:19	 7999.33	 7787.12	  212.21	 1913.93	 4110.34	  978.35	 3132.00	 2098.86	 3774.34
16:00:21	 7999.33	 7785.17	  214.16	 1914.19	 4110.34	  978.35	 3132.00	 2099.37	 3771.61
16:00:23	 7999.33	 7786.62	  212.71	 1914.22	 4110.34	  978.35	 3132.00	 2099.65	 3772.75
16:00:25	 7999.33	 7789.05	  210.28	 1914.23	 4110.34	  978.35	 3132.00	 2100.09	 3774.72
16:00:27	 7999.33	 7799.66	  199.67	 1914.50	 4110.34	  978.35	 3132.00	 2100.35	 3784.82
16:00:29	 7999.33	 7786.38	  212.95	 1914.52	 4110.34	  978.35	 3132.00	 2100.72	 3771.13
16:00:31	 7999.33	 7789.33	  210.00	 1914.54	 4110.34	  978.35	 3132.00	 2101.13	 3773.66
16:00:33	 7999.33	 7788.54	  210.80	 1914.56	 4110.34	  978.35	 3132.00	 2101.51	 3772.46
16:00:35	 7999.33	 7790.62	  208.71	 1914.58	 4110.34	  978.35	 3132.00	 2101.89	 3774.15
16:00:37	 7999.33	 7790.23	  209.10	 1915.09	 4110.34	  978.35	 3132.00	 2102.30	 3772.84
16:00:39	 7999.33	 7793.19	  206.14	 1915.09	 4110.34	  978.35	 3132.00	 2102.70	 3775.41
16:00:41	 7999.33	 7789.75	  209.58	 1915.12	 4110.34	  978.35	 3132.00	 2103.08	 3771.55
16:00:43	 7999.33	 7800.50	  198.83	 1915.13	 4110.34	  978.35	 3132.00	 2103.50	 3781.88
16:00:45	 7999.33	 7794.47	  204.86	 1915.13	 4110.34	  978.35	 3132.00	 2103.88	 3775.46
16:00:47	 7999.33	 7794.14	  205.19	 1915.66	 4110.34	  978.35	 3132.00	 2104.26	 3774.22
16:00:49	 7999.33	 7794.29	  205.04	 1915.66	 4110.34	  978.35	 3132.00	 2104.66	 3773.96
16:00:51	 7999.33	 7791.32	  208.02	 1915.91	 4110.34	  978.35	 3132.00	 2105.05	 3770.35
16:00:53	 7999.33	 7792.02	  207.31	 1915.94	 4110.34	  978.35	 3132.00	 2105.44	 3770.64
16:00:55	 7999.33	 7796.47	  202.86	 1915.96	 4110.34	  978.35	 3132.00	 2105.84	 3774.67
16:00:57	 7999.33	 7797.30	  202.04	 1916.23	 4110.34	  978.35	 3132.00	 2106.21	 3774.85
16:00:59	 7999.33	 7800.79	  198.54	 1916.25	 4110.34	  978.35	 3132.00	 2106.61	 3777.94
16:01:01	 7999.33	 7794.16	  205.17	 1916.50	 4110.34	  978.35	 3132.00	 2107.02	 3770.64
16:01:03	 7999.33	 7795.09	  204.25	 1916.52	 4110.34	  978.35	 3132.00	 2107.42	 3771.14
16:01:05	 7999.33	 7802.14	  197.20	 1916.54	 4110.34	  978.35	 3132.00	 2107.84	 3777.76
16:01:07	 7999.33	 7800.15	  199.18	 1916.80	 4110.34	  978.35	 3132.00	 2108.22	 3775.12
16:01:09	 7999.33	 7798.86	  200.47	 1916.82	 4110.34	  978.35	 3132.00	 2108.80	 3773.25
16:01:11	 7999.33	 7800.44	  198.89	 1917.08	 4110.34	  978.35	 3132.00	 2109.00	 3774.36
16:01:14	 7999.33	 7798.66	  200.67	 1917.11	 4110.34	  978.35	 3132.00	 2109.39	 3772.16
16:01:16	 7999.33	 7804.27	  195.06	 1917.37	 4110.34	  978.35	 3132.00	 2109.86	 3777.05
16:01:18	 7999.33	 7803.09	  196.24	 1917.38	 4110.34	  978.35	 3132.00	 2110.35	 3775.36
16:01:20	 7999.33	 7802.73	  196.61	 1917.40	 4110.34	  978.35	 3132.00	 2110.57	 3774.75
16:01:22	 7999.33	 7797.96	  201.37	 1917.41	 4110.34	  978.52	 3131.82	 2110.85	 3769.71
16:01:24	 7999.33	 7798.87	  200.46	 1917.44	 4110.34	  978.52	 3131.82	 2111.57	 3769.86
16:01:26	 7999.33	 7799.96	  199.37	 1917.95	 4110.34	  978.52	 3131.82	 2111.64	 3770.38
16:01:28	 7999.33	 7800.28	  199.05	 1917.95	 4110.34	  978.52	 3131.82	 2112.18	 3770.15
16:01:30	 7999.33	 7807.80	  191.54	 1918.00	 4110.34	  978.52	 3131.82	 2112.59	 3777.21
16:01:32	 7999.33	 7810.28	  189.05	 1918.25	 4110.34	  978.52	 3131.82	 2113.02	 3779.01
16:01:34	 7999.33	 7807.73	  191.61	 1918.28	 4110.34	  978.52	 3131.82	 2113.41	 3776.04
16:01:36	 7999.33	 7805.23	  194.10	 1918.54	 4110.34	  978.52	 3131.82	 2113.81	 3772.88
16:01:38	 7999.33	 7803.30	  196.03	 1918.54	 4110.34	  978.52	 3131.82	 2114.21	 3770.55
16:01:40	 7999.33	 7802.95	  196.38	 1918.58	 4110.34	  978.52	 3131.82	 2114.58	 3769.79
16:01:42	 7999.33	 7805.69	  193.64	 1918.84	 4110.34	  978.52	 3131.82	 2114.99	 3771.86
16:01:44	 7999.33	 7804.95	  194.38	 1918.86	 4110.34	  978.52	 3131.82	 2115.37	 3770.72
16:01:46	 7999.33	 7806.06	  193.27	 1919.12	 4110.34	  978.52	 3131.82	 2115.75	 3771.18
16:01:48	 7999.33	 7812.48	  186.86	 1919.15	 4110.34	  978.52	 3131.82	 2116.15	 3777.18
16:01:50	 7999.33	 7807.41	  191.93	 1919.16	 4110.34	  978.52	 3131.82	 2116.57	 3771.68
16:01:52	 7999.33	 7810.94	  188.39	 1919.43	 4110.34	  978.52	 3131.82	 2116.97	 3774.54
16:01:54	 7999.33	 7812.96	  186.37	 1919.48	 4110.34	  978.52	 3131.82	 2117.36	 3776.12
16:01:56	 7999.33	 7809.20	  190.13	 1919.74	 4110.34	  978.52	 3131.82	 2117.76	 3771.70
16:01:58	 7999.33	 7810.67	  188.66	 1919.75	 4110.34	  978.52	 3131.82	 2118.16	 3772.76
16:02:00	 7999.33	 7808.44	  190.89	 1919.76	 4110.34	  978.52	 3131.82	 2118.54	 3770.14
16:02:02	 7999.33	 7809.06	  190.27	 1920.03	 4110.34	  978.52	 3131.82	 2118.93	 3770.11
16:02:04	 7999.33	 7815.52	  183.81	 1920.05	 4110.34	  978.52	 3131.82	 2119.32	 3776.14
16:02:06	 7999.33	 7812.29	  187.04	 1920.33	 4110.34	  978.52	 3131.82	 2119.73	 3772.23
16:02:08	 7999.33	 7813.89	  185.44	 1920.34	 4110.34	  978.52	 3131.82	 2120.12	 3773.44
16:02:10	 7999.33	 7811.16	  188.18	 1920.37	 4110.34	  978.52	 3131.82	 2120.49	 3770.30
16:02:12	 7999.33	 7810.83	  188.50	 1920.64	 4110.34	  978.52	 3131.82	 2120.89	 3769.30
16:02:14	 7999.33	 7813.00	  186.33	 1920.65	 4110.34	  978.52	 3131.82	 2121.27	 3771.08
16:02:16	 7999.33	 7814.97	  184.36	 1920.92	 4110.34	  978.52	 3131.82	 2121.65	 3772.40
16:02:18	 7999.33	 7813.87	  185.46	 1920.93	 4110.34	  978.52	 3131.82	 2122.05	 3770.89
16:02:20	 7999.33	 7819.83	  179.50	 1920.95	 4110.34	  978.52	 3131.82	 2122.62	 3776.27
16:02:22	 7999.33	 7813.98	  185.35	 1921.21	 4110.34	  978.52	 3131.82	 2122.84	 3769.93
16:02:24	 7999.33	 7813.24	  186.09	 1921.24	 4110.34	  978.52	 3131.82	 2123.21	 3768.79
16:02:27	 7999.33	 7817.62	  181.71	 1921.50	 4110.34	  978.52	 3131.82	 2123.79	 3772.32
16:02:29	 7999.33	 7818.60	  180.73	 1921.52	 4110.34	  978.52	 3131.82	 2124.19	 3772.89
16:02:31	 7999.33	 7816.66	  182.68	 1921.80	 4110.34	  978.52	 3131.82	 2124.66	 3770.20
16:02:33	 7999.33	 7816.09	  183.24	 1921.80	 4110.34	  978.52	 3131.82	 2124.97	 3769.33
16:02:35	 7999.33	 7817.14	  182.20	 1921.81	 4110.34	  978.52	 3131.82	 2125.35	 3769.97
16:02:37	 7999.33	 7823.81	  175.52	 1922.09	 4110.34	  978.52	 3131.82	 2125.57	 3776.15
16:02:39	 7999.33	 7819.88	  179.45	 1922.11	 4110.34	  978.52	 3131.82	 2125.97	 3771.80
16:02:41	 7999.33	 7822.30	  177.03	 1922.37	 4110.34	  978.52	 3131.82	 2126.46	 3773.48
16:02:43	 7999.33	 7820.96	  178.38	 1922.38	 4110.34	  978.52	 3131.82	 2126.93	 3771.64
16:02:45	 7999.33	 7821.52	  177.82	 1922.40	 4110.34	  978.52	 3131.82	 2127.15	 3771.96
16:02:47	 7999.33	 7821.20	  178.13	 1922.77	 4110.34	  978.52	 3131.82	 2127.70	 3770.73
16:02:49	 7999.33	 7822.34	  176.99	 1922.79	 4110.34	  978.52	 3131.82	 2128.10	 3771.45
16:02:51	 7999.33	 7822.34	  176.99	 1923.05	 4110.34	  978.52	 3131.82	 2128.53	 3770.77
16:02:53	 7999.33	 7831.27	  168.07	 1923.06	 4110.34	  978.52	 3131.82	 2128.91	 3779.29
16:02:55	 7999.33	 7823.20	  176.14	 1923.07	 4110.34	  978.52	 3131.82	 2129.29	 3770.84
16:02:57	 7999.33	 7824.28	  175.05	 1923.33	 4110.34	  978.52	 3131.82	 2129.69	 3771.26
16:02:59	 7999.33	 7823.29	  176.04	 1923.36	 4110.34	  978.52	 3131.82	 2130.08	 3769.85
16:03:01	 7999.33	 7827.05	  172.28	 1923.62	 4110.34	  978.52	 3131.82	 2130.48	 3772.95
16:03:03	 7999.33	 7825.61	  173.72	 1923.64	 4110.34	  978.52	 3131.82	 2130.86	 3771.11
16:03:05	 7999.33	 7827.84	  171.50	 1923.67	 4110.34	  978.52	 3131.82	 2131.26	 3772.91
16:03:07	 7999.33	 7825.80	  173.53	 1923.94	 4110.34	  978.52	 3131.82	 2131.64	 3770.23
16:03:09	 7999.33	 7825.82	  173.51	 1919.95	 4110.34	  978.52	 3131.82	 2132.02	 3773.85
16:03:11	 7999.33	 7821.78	  177.55	 1919.96	 4110.34	  978.52	 3131.82	 2132.42	 3769.39
16:03:13	 7999.33	 7823.89	  175.44	 1919.98	 4110.34	  978.52	 3131.82	 2132.81	 3771.10
16:03:15	 7999.33	 7827.47	  171.86	 1920.00	 4110.34	  978.52	 3131.82	 2133.21	 3774.26
16:03:17	 7999.33	 7825.97	  173.36	 1920.51	 4110.34	  978.52	 3131.82	 2133.61	 3771.85
16:03:19	 7999.33	 7823.61	  175.73	 1920.52	 4110.34	  978.52	 3131.82	 2133.99	 3769.10
16:03:21	 7999.33	 7823.13	  176.20	 1920.80	 4110.34	  978.52	 3131.82	 2134.36	 3767.97
16:03:23	 7999.33	 7830.15	  169.18	 1920.80	 4110.34	  978.52	 3131.82	 2134.75	 3774.59
16:03:25	 7999.33	 7833.48	  165.85	 1920.82	 4110.34	  978.52	 3131.82	 2135.14	 3777.53
16:03:27	 7999.33	 7830.46	  168.87	 1921.08	 4110.34	  978.52	 3131.82	 2135.56	 3773.82
16:03:29	 7999.33	 7827.22	  172.11	 1921.10	 4110.34	  978.52	 3131.82	 2135.95	 3770.18
16:03:31	 7999.33	 7826.69	  172.64	 1921.36	 4110.34	  978.52	 3131.82	 2136.32	 3769.02
16:03:33	 7999.33	 7830.77	  168.57	 1921.38	 4110.34	  978.52	 3131.82	 2136.70	 3772.69
16:03:35	 7999.33	 7832.13	  167.20	 1921.40	 4110.34	  978.52	 3131.82	 2137.12	 3773.60
16:03:37	 7999.33	 7831.08	  168.25	 1921.66	 4110.34	  978.52	 3131.82	 2137.52	 3771.90
16:03:39	 7999.33	 7834.42	  164.91	 1921.68	 4110.34	  978.52	 3131.82	 2138.08	 3774.66
16:03:41	 7999.33	 7787.86	  211.47	 1921.95	 4110.34	  978.52	 3131.82	 2090.59	 3775.32
16:03:44	 7999.33	 7783.33	  216.00	 1921.96	 4110.34	  978.52	 3131.82	 2091.00	 3770.38
16:03:46	 7999.33	 7786.16	  213.17	 1922.22	 4110.34	  978.52	 3131.82	 2091.47	 3772.47
16:03:48	 7999.33	 7787.33	  212.00	 1922.23	 4110.34	  978.52	 3131.82	 2091.79	 3773.32
16:03:50	 7999.33	 7787.73	  211.60	 1922.24	 4110.34	  978.52	 3131.82	 2092.32	 3773.17
16:03:52	 7999.33	 7785.37	  213.96	 1922.52	 4110.34	  978.52	 3131.82	 2092.72	 3770.13
16:03:54	 7999.33	 7785.92	  213.41	 1922.53	 4110.34	  978.52	 3131.82	 2093.10	 3770.29
16:03:56	 7999.33	 7788.95	  210.38	 1922.78	 4110.34	  978.52	 3131.82	 2093.42	 3772.75
16:03:58	 7999.33	 7797.98	  201.35	 1922.80	 4110.34	  978.52	 3131.82	 2093.88	 3781.29
16:04:00	 7999.33	 7788.84	  210.50	 1922.82	 4110.34	  978.52	 3131.82	 2094.28	 3771.73
16:04:02	 7999.33	 7790.83	  208.50	 1923.09	 4110.34	  978.52	 3131.82	 2094.66	 3773.08
16:04:04	 7999.33	 7789.10	  210.23	 1923.10	 4110.34	  978.52	 3131.82	 2094.90	 3771.10
16:04:06	 7999.33	 7790.67	  208.66	 1923.38	 4110.34	  978.52	 3131.82	 2095.48	 3771.81
16:04:08	 7999.33	 7790.58	  208.75	 1923.40	 4110.34	  978.52	 3131.82	 2095.87	 3771.31
16:04:10	 7999.33	 7795.55	  203.78	 1923.40	 4110.34	  978.52	 3131.82	 2096.28	 3775.88
16:04:12	 7999.33	 7792.32	  207.01	 1923.68	 4110.34	  978.52	 3131.82	 2096.68	 3771.96
16:04:14	 7999.33	 7799.65	  199.68	 1923.69	 4110.34	  978.52	 3131.82	 2097.08	 3778.88
16:04:16	 7999.33	 7791.98	  207.36	 1923.95	 4110.34	  978.52	 3131.82	 2097.45	 3770.58
16:04:18	 7999.33	 7794.32	  205.02	 1923.97	 4110.34	  978.52	 3131.82	 2097.84	 3772.50
16:04:20	 7999.33	 7793.45	  205.89	 1923.98	 4110.34	  978.52	 3131.82	 2098.22	 3771.25
16:04:22	 7999.33	 7795.32	  204.02	 1924.24	 4110.34	  978.52	 3131.82	 2098.61	 3772.46
16:04:24	 7999.33	 7797.44	  201.89	 1924.27	 4110.34	  978.52	 3131.82	 2099.01	 3774.16
16:04:26	 7999.33	 7794.56	  204.77	 1924.52	 4110.34	  978.52	 3131.82	 2099.39	 3770.65
16:04:28	 7999.33	 7794.88	  204.45	 1924.54	 4110.34	  978.52	 3131.82	 2099.79	 3770.55
16:04:30	 7999.33	 7801.72	  197.61	 1924.56	 4110.34	  978.52	 3131.82	 2100.17	 3776.98
16:04:32	 7999.33	 7795.66	  203.68	 1924.82	 4110.34	  978.52	 3131.82	 2100.58	 3770.26
16:04:34	 7999.33	 7796.02	  203.31	 1924.84	 4110.34	  978.52	 3131.82	 2100.97	 3770.20
16:04:36	 7999.33	 7801.00	  198.33	 1925.12	 4110.34	  978.52	 3131.82	 2101.38	 3774.51
16:04:38	 7999.33	 7795.58	  203.75	 1921.03	 4110.34	  978.57	 3131.77	 2101.44	 3773.12
16:04:40	 7999.33	 7801.85	  197.48	 1921.03	 4110.34	  978.57	 3131.77	 2101.85	 3778.97
16:04:42	 7999.33	 7804.85	  194.48	 1921.04	 4110.34	  978.57	 3131.77	 2102.24	 3781.56
16:04:44	 7999.33	 7808.07	  191.26	 1921.07	 4110.34	  978.57	 3131.77	 2102.80	 3784.20
16:04:46	 7999.33	 7815.67	  183.66	 1921.58	 4110.34	  978.57	 3131.77	 2103.04	 3791.05
16:04:48	 7999.33	 7816.47	  182.86	 1921.60	 4110.34	  978.57	 3131.77	 2103.43	 3791.44
16:04:50	 7999.33	 7814.61	  184.73	 1921.61	 4110.34	  978.57	 3131.77	 2103.83	 3789.16
16:04:52	 7999.33	 7799.09	  200.24	 1921.88	 4110.34	  978.57	 3131.77	 2104.24	 3772.98
16:04:54	 7999.33	 7802.98	  196.36	 1921.90	 4110.34	  978.57	 3131.77	 2104.63	 3776.44
16:04:56	 7999.33	 7815.26	  184.07	 1922.16	 4110.34	  978.57	 3131.77	 2105.02	 3788.08
16:04:58	 7999.33	 7802.56	  196.77	 1922.20	 4110.34	  978.57	 3131.77	 2105.38	 3774.98
16:05:01	 7999.33	 7798.75	  200.58	 1922.20	 4110.34	  978.57	 3131.77	 2105.97	 3770.58
16:05:03	 7999.33	 7804.20	  195.13	 1922.20	 4110.34	  978.57	 3131.77	 2106.19	 3775.81
16:05:05	 7999.33	 7799.60	  199.73	 1922.25	 4110.34	  978.57	 3131.77	 2106.59	 3770.77
16:05:07	 7999.33	 7801.05	  198.28	 1922.76	 4110.34	  978.57	 3131.77	 2106.98	 3771.32
16:05:09	 7999.33	 7800.80	  198.53	 1922.76	 4110.34	  978.57	 3131.77	 2107.36	 3770.69
16:05:11	 7999.33	 7806.61	  192.73	 1923.03	 4110.34	  978.57	 3131.77	 2107.84	 3775.73
16:05:13	 7999.33	 7801.18	  198.15	 1923.04	 4110.34	  978.57	 3131.77	 2108.30	 3769.84
16:05:15	 7999.33	 7803.52	  195.82	 1923.06	 4110.34	  978.57	 3131.77	 2108.69	 3771.77
16:05:17	 7999.33	 7804.72	  194.61	 1923.31	 4110.34	  978.57	 3131.77	 2109.09	 3772.31
16:05:19	 7999.33	 7804.34	  194.99	 1923.33	 4110.34	  978.57	 3131.77	 2109.33	 3771.68
16:05:21	 7999.33	 7804.23	  195.10	 1923.60	 4110.34	  978.57	 3131.77	 2109.79	 3770.84
16:05:23	 7999.33	 7804.85	  194.48	 1923.61	 4110.34	  978.57	 3131.77	 2110.31	 3770.93
16:05:25	 7999.33	 7806.29	  193.04	 1923.62	 4110.34	  978.57	 3131.77	 2110.70	 3771.97
16:05:27	 7999.33	 7804.99	  194.34	 1923.88	 4110.34	  978.57	 3131.77	 2111.09	 3770.02
16:05:29	 7999.33	 7806.23	  193.10	 1923.90	 4110.34	  978.57	 3131.77	 2111.47	 3770.86
16:05:31	 7999.33	 7807.40	  191.93	 1924.16	 4110.34	  978.57	 3131.77	 2111.88	 3771.36
16:05:33	 7999.33	 7806.13	  193.20	 1924.17	 4110.34	  978.57	 3131.77	 2112.27	 3769.70
16:05:35	 7999.33	 7809.65	  189.68	 1924.20	 4110.34	  978.57	 3131.77	 2112.65	 3772.80
16:05:37	 7999.33	 7808.41	  190.92	 1924.46	 4110.34	  978.57	 3131.77	 2113.05	 3770.90
16:05:39	 7999.33	 7809.81	  189.52	 1924.47	 4110.34	  978.57	 3131.77	 2113.44	 3771.91
16:05:41	 7999.33	 7807.50	  191.83	 1924.74	 4110.34	  978.57	 3131.77	 2113.83	 3768.93
16:05:43	 7999.33	 7809.71	  189.62	 1924.75	 4110.34	  978.57	 3131.77	 2114.21	 3770.74
16:05:45	 7999.33	 7815.98	  183.36	 1924.76	 4110.34	  978.57	 3131.77	 2114.62	 3776.60
16:05:47	 7999.33	 7814.73	  184.60	 1925.03	 4110.34	  978.57	 3131.77	 2115.01	 3774.70
16:05:49	 7999.33	 7809.09	  190.24	 1925.04	 4110.34	  978.57	 3131.77	 2115.40	 3768.66
16:05:51	 7999.33	 7812.73	  186.60	 1921.33	 4110.34	  978.64	 3131.70	 2115.66	 3775.74
16:05:53	 7999.33	 7808.20	  191.13	 1921.35	 4110.34	  978.64	 3131.70	 2116.13	 3770.71
16:05:55	 7999.33	 7810.27	  189.06	 1921.36	 4110.34	  978.64	 3131.70	 2116.53	 3772.39
16:05:57	 7999.33	 7809.18	  190.16	 1921.36	 4110.34	  978.64	 3131.70	 2116.93	 3770.89
16:05:59	 7999.33	 7808.66	  190.67	 1921.39	 4110.34	  978.64	 3131.70	 2117.31	 3769.96
16:06:01	 7999.33	 7809.78	  189.55	 1921.90	 4110.34	  978.64	 3131.70	 2117.70	 3770.19
16:06:03	 7999.33	 7809.01	  190.32	 1921.90	 4110.34	  978.64	 3131.70	 2118.09	 3769.02
16:06:05	 7999.33	 7811.87	  187.46	 1921.93	 4110.34	  978.64	 3131.70	 2118.47	 3771.47
16:06:07	 7999.33	 7814.13	  185.20	 1922.18	 4110.34	  978.64	 3131.70	 2118.87	 3773.08
16:06:09	 7999.33	 7817.27	  182.06	 1922.19	 4110.34	  978.64	 3131.70	 2119.27	 3775.81
16:06:11	 7999.33	 7811.32	  188.01	 1922.49	 4110.34	  978.64	 3131.70	 2119.61	 3769.23
16:06:13	 7999.33	 7814.70	  184.63	 1922.49	 4110.34	  978.64	 3131.70	 2120.04	 3772.16
16:06:15	 7999.33	 7814.93	  184.40	 1922.50	 4110.34	  978.64	 3131.70	 2120.59	 3771.84
16:06:18	 7999.33	 7815.58	  183.75	 1922.78	 4110.34	  978.64	 3131.70	 2120.80	 3772.00
16:06:20	 7999.33	 7819.30	  180.04	 1922.79	 4110.34	  978.64	 3131.70	 2121.21	 3775.30
16:06:22	 7999.33	 7813.84	  185.49	 1923.05	 4110.34	  978.64	 3131.70	 2121.77	 3769.03
16:06:24	 7999.33	 7820.18	  179.15	 1923.08	 4110.34	  978.64	 3131.70	 2121.98	 3775.12
16:06:26	 7999.33	 7816.11	  183.23	 1923.34	 4110.34	  978.64	 3131.70	 2122.46	 3770.31
16:06:28	 7999.33	 7818.49	  180.84	 1923.35	 4110.34	  978.64	 3131.70	 2122.92	 3772.22
16:06:30	 7999.33	 7816.60	  182.73	 1923.38	 4110.34	  978.64	 3131.70	 2123.32	 3769.90
16:06:32	 7999.33	 7828.45	  170.88	 1923.64	 4110.34	  978.64	 3131.70	 2123.72	 3781.09
16:06:34	 7999.33	 7817.94	  181.39	 1923.66	 4110.34	  978.64	 3131.70	 2124.08	 3770.20
16:06:36	 7999.33	 7821.79	  177.54	 1923.93	 4110.34	  978.64	 3131.70	 2124.40	 3773.46
16:06:38	 7999.33	 7819.73	  179.60	 1923.94	 4110.34	  978.64	 3131.70	 2124.89	 3770.89
16:06:40	 7999.33	 7823.93	  175.40	 1923.96	 4110.34	  978.64	 3131.70	 2125.32	 3774.65
16:06:42	 7999.33	 7818.85	  180.48	 1924.22	 4110.34	  978.64	 3131.70	 2125.71	 3768.92
16:06:44	 7999.33	 7826.60	  172.73	 1924.25	 4110.34	  978.64	 3131.70	 2126.13	 3776.22
16:06:46	 7999.33	 7823.63	  175.70	 1924.50	 4110.34	  978.64	 3131.70	 2126.50	 3772.62
16:06:48	 7999.33	 7822.52	  176.82	 1924.50	 4110.34	  978.64	 3131.70	 2126.89	 3771.12
16:06:50	 7999.33	 7825.36	  173.98	 1924.53	 4110.34	  978.64	 3131.70	 2127.31	 3773.52
16:06:52	 7999.33	 7821.28	  178.05	 1924.79	 4110.34	  978.64	 3131.70	 2127.69	 3768.80
16:06:54	 7999.33	 7822.00	  177.33	 1924.79	 4110.34	  978.64	 3131.70	 2128.07	 3769.14
16:06:56	 7999.33	 7829.43	  169.90	 1925.06	 4110.34	  978.64	 3131.70	 2128.48	 3775.89
16:06:58	 7999.33	 7826.34	  172.99	 1925.07	 4110.34	  978.64	 3131.70	 2128.87	 3772.40
16:07:00	 7999.33	 7824.14	  175.20	 1925.08	 4110.34	  978.64	 3131.70	 2129.25	 3769.80
16:07:02	 7999.33	 7828.92	  170.41	 1925.35	 4110.34	  978.64	 3131.70	 2129.65	 3773.92
16:07:04	 7999.33	 7824.95	  174.39	 1925.36	 4110.34	  978.64	 3131.70	 2130.04	 3769.54
16:07:06	 7999.33	 7829.01	  170.32	 1925.63	 4110.34	  978.64	 3131.70	 2130.43	 3772.95
16:07:08	 7999.33	 7829.48	  169.86	 1925.64	 4110.34	  978.64	 3131.70	 2130.82	 3773.01
16:07:10	 7999.33	 7827.07	  172.26	 1925.64	 4110.34	  978.64	 3131.70	 2131.21	 3770.21
16:07:12	 7999.33	 7833.76	  165.57	 1925.92	 4110.34	  978.64	 3131.70	 2131.61	 3776.23
16:07:14	 7999.33	 7827.76	  171.57	 1925.93	 4110.34	  978.64	 3131.70	 2132.02	 3769.81
16:07:16	 7999.33	 7827.97	  171.36	 1926.19	 4110.34	  978.64	 3131.70	 2132.39	 3769.39
16:07:18	 7999.33	 7832.23	  167.10	 1926.21	 4110.34	  978.64	 3131.70	 2132.78	 3773.24
16:07:20	 7999.33	 7830.77	  168.56	 1926.22	 4110.34	  978.64	 3131.70	 2133.18	 3771.38
16:07:22	 7999.33	 7829.99	  169.34	 1926.49	 4110.34	  978.64	 3131.70	 2133.57	 3769.93
16:07:24	 7999.33	 7831.61	  167.72	 1926.50	 4110.34	  978.64	 3131.70	 2133.97	 3771.14
16:07:26	 7999.33	 7831.75	  167.58	 1926.77	 4110.34	  978.64	 3131.70	 2134.35	 3770.63
16:07:28	 7999.33	 7837.92	  161.41	 1926.79	 4110.34	  978.64	 3131.70	 2134.91	 3776.23
16:07:30	 7999.33	 7838.81	  160.52	 1926.80	 4110.34	  978.64	 3131.70	 2135.30	 3776.71
16:07:32	 7999.33	 7833.11	  166.22	 1927.08	 4110.34	  978.64	 3131.70	 2135.52	 3770.52
16:07:35	 7999.33	 7834.07	  165.27	 1927.09	 4110.34	  978.64	 3131.70	 2136.09	 3770.89
16:07:37	 7999.33	 7842.04	  157.29	 1927.35	 4110.34	  978.64	 3131.70	 2136.47	 3778.22
16:07:39	 7999.33	 7834.53	  164.80	 1927.38	 4110.34	  978.64	 3131.70	 2136.70	 3770.45
16:07:41	 7999.33	 7833.45	  165.89	 1927.64	 4110.34	  978.64	 3131.70	 2137.17	 3768.64
16:07:43	 7999.33	 7842.15	  157.18	 1927.66	 4110.34	  978.64	 3131.70	 2137.49	 3777.00
16:07:45	 7999.33	 7838.01	  161.32	 1927.69	 4110.34	  978.64	 3131.70	 2138.03	 3772.29
16:07:47	 7999.33	 7834.41	  164.92	 1924.01	 4110.34	  978.72	 3131.62	 2137.87	 3772.54
16:07:49	 7999.33	 7833.07	  166.26	 1924.03	 4110.34	  978.72	 3131.62	 2138.42	 3770.62
16:07:51	 7999.33	 7832.50	  166.83	 1924.29	 4110.34	  978.72	 3131.62	 2138.75	 3769.46
16:07:53	 7999.33	 7786.26	  213.07	 1924.31	 4110.34	  978.72	 3131.62	 2091.49	 3770.46
16:07:55	 7999.33	 7788.07	  211.26	 1924.32	 4110.34	  978.72	 3131.62	 2091.96	 3771.79
16:07:57	 7999.33	 7787.38	  211.95	 1924.59	 4110.34	  978.72	 3131.62	 2092.34	 3770.45
16:07:59	 7999.33	 7788.68	  210.66	 1924.60	 4110.34	  978.72	 3131.62	 2092.73	 3771.34
16:08:01	 7999.33	 7790.35	  208.98	 1924.86	 4110.34	  978.72	 3131.62	 2093.14	 3772.34
16:08:03	 7999.33	 7787.74	  211.59	 1924.89	 4110.34	  978.72	 3131.62	 2093.52	 3769.33
16:08:05	 7999.33	 7795.17	  204.16	 1924.90	 4110.34	  978.72	 3131.62	 2093.92	 3776.35
16:08:07	 7999.33	 7792.04	  207.29	 1925.16	 4110.34	  978.72	 3131.62	 2094.31	 3772.57
16:08:09	 7999.33	 7790.53	  208.80	 1925.19	 4110.34	  978.72	 3131.62	 2094.70	 3770.64
16:08:11	 7999.33	 7793.23	  206.10	 1925.45	 4110.34	  978.72	 3131.62	 2095.06	 3772.72
16:08:13	 7999.33	 7790.99	  208.34	 1925.47	 4110.34	  978.72	 3131.62	 2095.48	 3770.04
16:08:15	 7999.33	 7791.46	  207.88	 1925.48	 4110.34	  978.72	 3131.62	 2095.87	 3770.11
16:08:17	 7999.33	 7797.76	  201.57	 1925.73	 4110.34	  978.72	 3131.62	 2096.25	 3775.77
16:08:19	 7999.33	 7791.71	  207.62	 1925.75	 4110.34	  978.72	 3131.62	 2096.66	 3769.29
16:08:21	 7999.33	 7791.37	  207.96	 1926.01	 4110.34	  978.72	 3131.62	 2097.02	 3768.33
16:08:23	 7999.33	 7795.42	  203.91	 1926.04	 4110.34	  978.72	 3131.62	 2097.44	 3771.93
16:08:25	 7999.33	 7793.31	  206.02	 1926.05	 4110.34	  978.72	 3131.62	 2097.83	 3769.43
16:08:27	 7999.33	 7794.29	  205.04	 1926.30	 4110.34	  978.72	 3131.62	 2098.22	 3769.76
16:08:29	 7999.33	 7804.76	  194.57	 1926.36	 4110.34	  978.72	 3131.62	 2098.61	 3779.79
16:08:31	 7999.33	 7797.37	  201.96	 1926.61	 4110.34	  978.72	 3131.62	 2098.98	 3771.78
16:08:33	 7999.33	 7800.65	  198.68	 1926.62	 4110.34	  978.72	 3131.62	 2099.38	 3774.64
16:08:35	 7999.33	 7797.31	  202.02	 1926.65	 4110.34	  978.72	 3131.62	 2099.79	 3770.87
16:08:37	 7999.33	 7797.77	  201.56	 1926.90	 4110.34	  978.72	 3131.62	 2100.18	 3770.68
16:08:39	 7999.33	 7797.70	  201.63	 1926.92	 4110.34	  978.72	 3131.62	 2100.57	 3770.21
16:08:41	 7999.33	 7799.07	  200.26	 1927.19	 4110.34	  978.72	 3131.62	 2101.14	 3770.75
16:08:43	 7999.33	 7798.38	  200.95	 1927.20	 4110.34	  978.72	 3131.62	 2101.34	 3769.84
16:08:45	 7999.33	 7802.58	  196.75	 1927.21	 4110.34	  978.72	 3131.62	 2101.71	 3773.65
16:08:47	 7999.33	 7800.46	  198.88	 1927.47	 4110.34	  978.72	 3131.62	 2102.25	 3770.73
16:08:50	 7999.33	 7799.64	  199.69	 1927.49	 4110.34	  978.72	 3131.62	 2102.46	 3769.69
16:08:52	 7999.33	 7802.46	  196.87	 1927.75	 4110.34	  978.72	 3131.62	 2102.81	 3771.90
16:08:54	 7999.33	 7804.03	  195.30	 1927.77	 4110.34	  978.72	 3131.62	 2103.17	 3773.09
16:08:56	 7999.33	 7802.13	  197.20	 1928.04	 4110.34	  978.72	 3131.62	 2103.64	 3770.45
16:08:58	 7999.33	 7803.38	  195.95	 1928.04	 4110.34	  978.72	 3131.62	 2103.93	 3771.40
16:09:00	 7999.33	 7803.72	  195.61	 1928.08	 4110.34	  978.72	 3131.62	 2104.46	 3771.18
16:09:02	 7999.33	 7802.52	  196.81	 1928.34	 4110.34	  978.72	 3131.62	 2104.67	 3769.52
16:09:04	 7999.33	 7806.58	  192.75	 1928.36	 4110.34	  978.72	 3131.62	 2105.02	 3773.21
16:09:06	 7999.33	 7807.45	  191.89	 1928.64	 4110.34	  978.72	 3131.62	 2105.50	 3773.31
16:09:08	 7999.33	 7811.96	  187.38	 1928.64	 4110.34	  978.72	 3131.62	 2105.94	 3777.38
16:09:10	 7999.33	 7805.28	  194.05	 1928.67	 4110.34	  978.72	 3131.62	 2106.32	 3770.29
16:09:12	 7999.33	 7804.39	  194.94	 1928.93	 4110.34	  978.72	 3131.62	 2106.70	 3768.76
16:09:14	 7999.33	 7808.70	  190.63	 1928.93	 4110.34	  978.72	 3131.62	 2107.07	 3772.69
16:09:16	 7999.33	 7813.28	  186.05	 1929.21	 4110.34	  978.72	 3131.62	 2107.45	 3776.61
16:09:18	 7999.33	 7807.41	  191.92	 1929.21	 4110.34	  978.72	 3131.62	 2107.81	 3770.38
16:09:20	 7999.33	 7811.61	  187.72	 1929.23	 4110.34	  978.72	 3131.62	 2108.21	 3774.17
16:09:22	 7999.33	 7807.04	  192.29	 1929.50	 4110.34	  978.72	 3131.62	 2108.55	 3768.99
16:09:24	 7999.33	 7805.22	  194.11	 1925.57	 4110.34	  978.72	 3131.62	 2108.85	 3770.80
16:09:26	 7999.33	 7804.84	  194.50	 1925.59	 4110.34	  978.72	 3131.62	 2109.22	 3770.02
16:09:28	 7999.33	 7805.72	  193.61	 1925.61	 4110.34	  978.72	 3131.62	 2109.61	 3770.51
16:09:30	 7999.33	 7804.70	  194.63	 1925.63	 4110.34	  978.72	 3131.62	 2109.96	 3769.11
16:09:32	 7999.33	 7807.09	  192.25	 1926.15	 4110.34	  978.72	 3131.62	 2110.33	 3770.61
16:09:34	 7999.33	 7806.91	  192.42	 1926.16	 4110.34	  978.72	 3131.62	 2110.70	 3770.05
16:09:36	 7999.33	 7808.74	  190.59	 1926.45	 4110.34	  978.72	 3131.62	 2111.08	 3771.22
16:09:38	 7999.33	 7809.32	  190.01	 1926.45	 4110.34	  978.72	 3131.62	 2111.44	 3771.44
16:09:40	 7999.33	 7809.26	  190.07	 1926.47	 4110.34	  978.72	 3131.62	 2111.82	 3770.97
16:09:42	 7999.33	 7811.72	  187.61	 1926.74	 4110.34	  978.72	 3131.62	 2112.20	 3772.78
16:09:44	 7999.33	 7809.33	  190.00	 1926.75	 4110.34	  978.72	 3131.62	 2112.57	 3770.01
16:09:46	 7999.33	 7812.90	  186.43	 1927.00	 4110.34	  978.72	 3131.62	 2112.94	 3772.95
16:09:48	 7999.33	 7811.20	  188.14	 1927.02	 4110.34	  978.72	 3131.62	 2113.33	 3770.84
16:09:50	 7999.33	 7817.79	  181.54	 1927.04	 4110.34	  978.72	 3131.62	 2113.68	 3777.07
16:09:52	 7999.33	 7810.57	  188.77	 1927.31	 4110.34	  978.72	 3131.62	 2114.23	 3769.02
16:09:54	 7999.33	 7813.03	  186.30	 1927.32	 4110.34	  978.72	 3131.62	 2114.46	 3771.25
16:09:56	 7999.33	 7814.47	  184.86	 1927.60	 4110.34	  978.72	 3131.62	 2115.00	 3771.87
16:09:58	 7999.33	 7814.78	  184.55	 1927.62	 4110.34	  978.72	 3131.62	 2115.36	 3771.80
16:10:00	 7999.33	 7817.14	  182.20	 1927.62	 4110.34	  978.72	 3131.62	 2115.58	 3773.93
16:10:03	 7999.33	 7812.38	  186.96	 1923.93	 4110.34	  978.77	 3131.57	 2115.93	 3772.52
16:10:05	 7999.33	 7823.80	  175.53	 1923.93	 4110.34	  978.77	 3131.57	 2116.50	 3783.37
16:10:07	 7999.33	 7821.86	  177.47	 1919.95	 4110.34	  978.77	 3131.57	 2116.86	 3785.05
16:10:09	 7999.33	 7824.36	  174.98	 1919.98	 4110.34	  978.77	 3131.57	 2117.12	 3787.25
16:10:11	 7999.33	 7822.84	  176.49	 1920.49	 4110.34	  978.77	 3131.57	 2117.51	 3784.84
16:10:13	 7999.33	 7825.20	  174.14	 1920.52	 4110.34	  978.77	 3131.57	 2117.88	 3786.80
16:10:15	 7999.33	 7827.97	  171.36	 1920.53	 4110.34	  978.77	 3131.57	 2118.46	 3788.98
16:10:17	 7999.33	 7815.62	  183.71	 1920.79	 4110.34	  978.77	 3131.57	 2118.85	 3775.98
16:10:19	 7999.33	 7816.58	  182.75	 1920.81	 4110.34	  978.77	 3131.57	 2119.23	 3776.54
16:10:21	 7999.33	 7818.05	  181.29	 1921.07	 4110.34	  978.77	 3131.57	 2119.57	 3777.40
16:10:23	 7999.33	 7818.46	  180.87	 1917.11	 4110.34	  978.85	 3131.50	 2119.69	 3781.67
16:10:25	 7999.33	 7813.09	  186.25	 1917.12	 4110.34	  978.85	 3131.50	 2120.10	 3775.86
16:10:27	 7999.33	 7809.01	  190.32	 1917.38	 4110.34	  978.85	 3131.50	 2120.50	 3771.13
16:10:29	 7999.33	 7810.80	  188.53	 1917.41	 4110.34	  978.85	 3131.50	 2120.85	 3772.54
16:10:31	 7999.33	 7813.13	  186.20	 1917.67	 4110.34	  978.85	 3131.50	 2121.29	 3774.18
16:10:33	 7999.33	 7809.90	  189.43	 1917.68	 4110.34	  978.85	 3131.50	 2121.64	 3770.57
16:10:35	 7999.33	 7813.79	  185.55	 1917.73	 4110.34	  978.85	 3131.50	 2122.06	 3774.00
16:10:37	 7999.33	 7815.41	  183.93	 1917.98	 4110.34	  978.85	 3131.50	 2122.47	 3774.95
16:10:39	 7999.33	 7813.54	  185.80	 1918.00	 4110.34	  978.85	 3131.50	 2122.84	 3772.70
16:10:41	 7999.33	 7812.07	  187.26	 1918.27	 4110.34	  978.85	 3131.50	 2123.22	 3770.59
16:10:43	 7999.33	 7813.83	  185.50	 1918.27	 4110.34	  978.85	 3131.50	 2123.64	 3771.92
16:10:45	 7999.33	 7813.41	  185.92	 1918.30	 4110.34	  978.85	 3131.50	 2124.02	 3771.10
16:10:47	 7999.33	 7816.50	  182.84	 1918.56	 4110.34	  978.85	 3131.50	 2124.40	 3773.53
16:10:49	 7999.33	 7815.65	  183.68	 1918.56	 4110.34	  978.85	 3131.50	 2124.78	 3772.31
16:10:51	 7999.33	 7817.96	  181.37	 1918.84	 4110.34	  978.85	 3131.50	 2125.18	 3773.95
16:10:53	 7999.33	 7818.32	  181.01	 1918.86	 4110.34	  978.85	 3131.50	 2125.54	 3773.92
16:10:55	 7999.33	 7817.54	  181.79	 1918.87	 4110.34	  978.85	 3131.50	 2125.95	 3772.72
16:10:57	 7999.33	 7817.83	  181.50	 1919.14	 4110.34	  978.85	 3131.50	 2126.34	 3772.35
16:10:59	 7999.33	 7822.49	  176.84	 1919.16	 4110.34	  978.85	 3131.50	 2126.73	 3776.61
16:11:01	 7999.33	 7816.21	  183.12	 1919.42	 4110.34	  978.85	 3131.50	 2127.13	 3769.65
16:11:03	 7999.33	 7818.44	  180.89	 1919.45	 4110.34	  978.85	 3131.50	 2127.50	 3771.50
16:11:05	 7999.33	 7822.12	  177.21	 1919.45	 4110.34	  978.85	 3131.50	 2127.89	 3774.77
16:11:07	 7999.33	 7818.48	  180.85	 1919.72	 4110.34	  978.85	 3131.50	 2128.28	 3770.48
16:11:09	 7999.33	 7818.02	  181.31	 1919.74	 4110.34	  978.85	 3131.50	 2128.68	 3769.61
16:11:11	 7999.33	 7820.91	  178.42	 1920.02	 4110.34	  978.85	 3131.50	 2129.07	 3771.82
16:11:13	 7999.33	 7821.47	  177.86	 1920.03	 4110.34	  978.85	 3131.50	 2129.44	 3772.00
16:11:15	 7999.33	 7820.37	  178.96	 1920.04	 4110.34	  978.85	 3131.50	 2129.84	 3770.49
16:11:17	 7999.33	 7821.70	  177.63	 1920.30	 4110.34	  978.85	 3131.50	 2130.25	 3771.15
16:11:20	 7999.33	 7820.43	  178.90	 1920.32	 4110.34	  978.85	 3131.50	 2130.63	 3769.48
16:11:22	 7999.33	 7821.12	  178.21	 1920.58	 4110.34	  978.85	 3131.50	 2131.18	 3769.37
16:11:24	 7999.33	 7821.54	  177.80	 1920.60	 4110.34	  978.85	 3131.50	 2131.58	 3769.35
16:11:26	 7999.33	 7826.90	  172.43	 1920.85	 4110.34	  978.85	 3131.50	 2132.05	 3774.00
16:11:28	 7999.33	 7826.15	  173.18	 1920.88	 4110.34	  978.85	 3131.50	 2132.32	 3772.96
16:11:30	 7999.33	 7823.43	  175.90	 1920.90	 4110.34	  978.85	 3131.50	 2132.75	 3769.79
16:11:32	 7999.33	 7825.17	  174.16	 1921.16	 4110.34	  978.85	 3131.50	 2132.96	 3771.05
16:11:34	 7999.33	 7828.29	  171.04	 1921.18	 4110.34	  978.85	 3131.50	 2133.51	 3773.61
16:11:36	 7999.33	 7827.23	  172.11	 1921.43	 4110.34	  978.85	 3131.50	 2134.00	 3771.80
16:11:38	 7999.33	 7826.72	  172.61	 1921.45	 4110.34	  978.85	 3131.50	 2134.31	 3770.96
16:11:40	 7999.33	 7828.46	  170.87	 1921.47	 4110.34	  978.85	 3131.50	 2134.71	 3772.28
16:11:42	 7999.33	 7825.59	  173.74	 1921.72	 4110.34	  978.85	 3131.50	 2135.09	 3768.78
16:11:44	 7999.33	 7826.64	  172.69	 1921.76	 4110.34	  978.85	 3131.50	 2135.52	 3769.37
16:11:46	 7999.33	 7830.45	  168.88	 1922.01	 4110.34	  978.85	 3131.50	 2135.90	 3772.54
16:11:48	 7999.33	 7831.70	  167.63	 1922.02	 4110.34	  978.85	 3131.50	 2136.29	 3773.39
16:11:50	 7999.33	 7829.24	  170.09	 1922.05	 4110.34	  978.85	 3131.50	 2136.66	 3770.52
16:11:52	 7999.33	 7828.76	  170.57	 1922.30	 4110.34	  978.85	 3131.50	 2137.05	 3769.41
16:11:54	 7999.33	 7830.55	  168.78	 1922.33	 4110.34	  978.85	 3131.50	 2137.43	 3770.79
16:11:56	 7999.33	 7831.04	  168.29	 1922.60	 4110.34	  978.85	 3131.50	 2137.83	 3770.61
16:11:58	 7999.33	 7831.93	  167.40	 1922.61	 4110.34	  978.85	 3131.50	 2138.21	 3771.11
16:12:00	 7999.33	 7835.13	  164.20	 1922.65	 4110.34	  978.85	 3131.50	 2138.63	 3773.85
16:12:02	 7999.33	 7833.97	  165.36	 1922.91	 4110.34	  978.85	 3131.50	 2139.01	 3772.05
16:12:04	 7999.33	 7784.14	  215.20	 1922.94	 4110.34	  978.85	 3131.50	 2091.68	 3769.51
16:12:06	 7999.33	 7788.88	  210.45	 1922.96	 4110.34	  978.85	 3131.50	 2092.09	 3773.83
16:12:08	 7999.33	 7791.33	  208.00	 1922.97	 4110.34	  978.85	 3131.50	 2092.48	 3775.88
16:12:10	 7999.33	 7786.58	  212.75	 1922.99	 4110.34	  978.85	 3131.50	 2092.88	 3770.71
16:12:12	 7999.33	 7786.08	  213.25	 1923.51	 4110.34	  978.85	 3131.50	 2093.25	 3769.32
16:12:14	 7999.33	 7788.18	  211.15	 1923.52	 4110.34	  978.85	 3131.50	 2093.65	 3771.00
16:12:16	 7999.33	 7787.38	  211.96	 1923.78	 4110.34	  978.85	 3131.50	 2094.04	 3769.55
16:12:18	 7999.33	 7788.21	  211.12	 1923.80	 4110.34	  978.85	 3131.50	 2094.42	 3770.00
16:12:20	 7999.33	 7793.28	  206.05	 1923.82	 4110.34	  978.85	 3131.50	 2094.83	 3774.64
16:12:22	 7999.33	 7791.81	  207.52	 1924.07	 4110.34	  978.85	 3131.50	 2095.21	 3772.54
16:12:24	 7999.33	 7790.30	  209.03	 1924.09	 4110.34	  978.85	 3131.50	 2095.78	 3770.44
16:12:26	 7999.33	 7790.30	  209.03	 1924.35	 4110.34	  978.85	 3131.50	 2096.00	 3769.95
16:12:28	 7999.33	 7794.07	  205.26	 1924.36	 4110.34	  978.85	 3131.50	 2096.39	 3773.32
16:12:30	 7999.33	 7790.53	  208.80	 1924.40	 4110.34	  978.85	 3131.50	 2096.79	 3769.34
16:12:32	 7999.33	 7791.34	  208.00	 1924.66	 4110.34	  978.85	 3131.50	 2097.19	 3769.49
16:12:34	 7999.33	 7796.72	  202.61	 1924.66	 4110.34	  978.85	 3131.50	 2097.58	 3774.48
16:12:37	 7999.33	 7796.45	  202.88	 1924.96	 4110.34	  978.85	 3131.50	 2098.12	 3773.37
16:12:39	 7999.33	 7794.17	  205.16	 1924.97	 4110.34	  978.85	 3131.50	 2098.36	 3770.85
16:12:41	 7999.33	 7792.62	  206.71	 1925.23	 4110.34	  978.85	 3131.50	 2098.82	 3768.57
16:12:43	 7999.33	 7797.74	  201.59	 1925.26	 4110.34	  978.85	 3131.50	 2099.29	 3773.19
16:12:45	 7999.33	 7794.17	  205.16	 1925.27	 4110.34	  978.85	 3131.50	 2099.68	 3769.23
16:12:47	 7999.33	 7795.73	  203.60	 1925.54	 4110.34	  978.85	 3131.50	 2100.09	 3770.11
16:12:49	 7999.33	 7795.41	  203.93	 1925.55	 4110.34	  978.85	 3131.50	 2100.30	 3769.55
16:12:51	 7999.33	 7795.38	  203.96	 1925.82	 4110.34	  978.85	 3131.50	 2100.77	 3768.79
16:12:53	 7999.33	 7796.47	  202.86	 1925.84	 4110.34	  978.85	 3131.50	 2101.22	 3769.41
16:12:55	 7999.33	 7801.64	  197.69	 1925.84	 4110.34	  978.85	 3131.50	 2101.63	 3774.17
16:12:57	 7999.33	 7801.26	  198.07	 1926.11	 4110.34	  978.85	 3131.50	 2102.01	 3773.13
16:12:59	 7999.33	 7800.87	  198.46	 1926.13	 4110.34	  978.85	 3131.50	 2102.57	 3772.17
16:13:01	 7999.33	 7802.39	  196.95	 1926.39	 4110.34	  978.85	 3131.50	 2102.84	 3773.15
16:13:03	 7999.33	 7800.30	  199.03	 1926.40	 4110.34	  978.85	 3131.50	 2103.23	 3770.68
16:13:05	 7999.33	 7798.80	  200.54	 1926.43	 4110.34	  978.85	 3131.50	 2103.61	 3768.76
16:13:07	 7999.33	 7801.59	  197.74	 1926.69	 4110.34	  978.85	 3131.50	 2104.01	 3770.89
16:13:09	 7999.33	 7801.21	  198.12	 1926.70	 4110.34	  978.85	 3131.50	 2104.38	 3770.14
16:13:11	 7999.33	 7805.18	  194.16	 1926.97	 4110.34	  978.85	 3131.50	 2104.79	 3773.41
16:13:13	 7999.33	 7801.80	  197.54	 1926.98	 4110.34	  978.85	 3131.50	 2105.18	 3769.64
16:13:15	 7999.33	 7804.26	  195.07	 1927.00	 4110.34	  978.85	 3131.50	 2105.56	 3771.70
16:13:17	 7999.33	 7805.39	  193.94	 1927.27	 4110.34	  978.85	 3131.50	 2105.96	 3772.16
16:13:19	 7999.33	 7804.79	  194.55	 1927.27	 4110.34	  978.85	 3131.50	 2106.38	 3771.14
16:13:21	 7999.33	 7803.38	  195.95	 1927.54	 4110.34	  978.85	 3131.50	 2106.74	 3769.10
16:13:23	 7999.33	 7806.46	  192.87	 1927.55	 4110.34	  978.85	 3131.50	 2107.16	 3771.75
16:13:25	 7999.33	 7807.33	  192.00	 1927.55	 4110.34	  978.85	 3131.50	 2107.54	 3772.23
16:13:27	 7999.33	 7805.68	  193.66	 1927.85	 4110.34	  978.85	 3131.50	 2107.93	 3769.90
16:13:29	 7999.33	 7810.34	  188.99	 1927.86	 4110.34	  978.85	 3131.50	 2108.33	 3774.15
16:13:31	 7999.33	 7807.52	  191.81	 1928.13	 4110.34	  978.85	 3131.50	 2108.71	 3770.68
16:13:33	 7999.33	 7809.55	  189.78	 1928.16	 4110.34	  978.85	 3131.50	 2109.10	 3772.29
16:13:35	 7999.33	 7808.70	  190.64	 1928.17	 4110.34	  978.85	 3131.50	 2109.50	 3771.03
16:13:37	 7999.33	 7809.41	  189.92	 1928.43	 4110.34	  978.85	 3131.50	 2109.88	 3771.11
16:13:39	 7999.33	 7810.57	  188.77	 1928.46	 4110.34	  978.85	 3131.50	 2110.26	 3771.84
16:13:41	 7999.33	 7809.15	  190.18	 1928.71	 4110.34	  978.85	 3131.50	 2110.66	 3769.79
16:13:43	 7999.33	 7809.27	  190.07	 1928.73	 4110.34	  978.85	 3131.50	 2111.04	 3769.50
16:13:45	 7999.33	 7814.61	  184.72	 1928.76	 4110.34	  978.85	 3131.50	 2111.46	 3774.39
16:13:47	 7999.33	 7811.29	  188.04	 1929.02	 4110.34	  978.85	 3131.50	 2112.00	 3770.28
16:13:49	 7999.33	 7810.52	  188.81	 1929.04	 4110.34	  978.85	 3131.50	 2112.23	 3769.25
16:13:51	 7999.33	 7812.37	  186.96	 1929.30	 4110.34	  978.85	 3131.50	 2112.62	 3770.45
16:13:53	 7999.33	 7814.91	  184.42	 1929.32	 4110.34	  978.85	 3131.50	 2113.00	 3772.59
16:13:56	 7999.33	 7813.41	  185.92	 1929.58	 4110.34	  978.85	 3131.50	 2113.48	 3770.34
16:13:58	 7999.33	 7814.38	  184.95	 1929.59	 4110.34	  978.85	 3131.50	 2113.80	 3770.98
16:14:00	 7999.33	 7810.55	  188.78	 1925.62	 4110.34	  979.02	 3131.32	 2114.19	 3770.74
16:14:02	 7999.33	 7812.61	  186.72	 1925.63	 4110.34	  979.02	 3131.32	 2114.75	 3772.23
16:14:04	 7999.33	 7809.41	  189.92	 1925.66	 4110.34	  979.02	 3131.32	 2115.13	 3768.62
16:14:06	 7999.33	 7815.20	  184.13	 1926.18	 4110.34	  979.02	 3131.32	 2115.54	 3773.49
16:14:08	 7999.33	 7816.61	  182.72	 1926.18	 4110.34	  979.02	 3131.32	 2115.91	 3774.51
16:14:10	 7999.33	 7813.18	  186.15	 1926.21	 4110.34	  979.02	 3131.32	 2116.30	 3770.67
16:14:12	 7999.33	 7812.45	  186.89	 1926.48	 4110.34	  979.02	 3131.32	 2116.54	 3769.43
16:14:14	 7999.33	 7813.02	  186.31	 1926.50	 4110.34	  979.02	 3131.32	 2117.09	 3769.43
16:14:16	 7999.33	 7814.85	  184.48	 1926.77	 4110.34	  979.02	 3131.32	 2117.41	 3770.68
16:14:18	 7999.33	 7814.58	  184.75	 1926.77	 4110.34	  979.02	 3131.32	 2117.90	 3769.91
16:14:20	 7999.33	 7818.90	  180.43	 1926.79	 4110.34	  979.02	 3131.32	 2118.31	 3773.80
16:14:22	 7999.33	 7817.43	  181.90	 1927.05	 4110.34	  979.02	 3131.32	 2118.70	 3771.68
16:14:24	 7999.33	 7816.32	  183.01	 1927.06	 4110.34	  979.02	 3131.32	 2119.08	 3770.18
16:14:26	 7999.33	 7819.02	  180.31	 1927.33	 4110.34	  979.02	 3131.32	 2119.49	 3772.21
16:14:28	 7999.33	 7819.75	  179.58	 1927.34	 4110.34	  979.02	 3131.32	 2119.87	 3772.54
16:14:30	 7999.33	 7819.00	  180.33	 1927.36	 4110.34	  979.02	 3131.32	 2120.26	 3771.38
16:14:32	 7999.33	 7817.31	  182.02	 1927.61	 4110.34	  979.02	 3131.32	 2120.64	 3769.05
16:14:34	 7999.33	 7819.00	  180.33	 1927.63	 4110.34	  979.02	 3131.32	 2121.04	 3770.32
16:14:36	 7999.33	 7819.78	  179.55	 1927.90	 4110.34	  979.02	 3131.32	 2121.43	 3770.45
16:14:38	 7999.33	 7820.40	  178.93	 1927.91	 4110.34	  979.02	 3131.32	 2121.81	 3770.68
16:14:40	 7999.33	 7820.20	  179.14	 1927.92	 4110.34	  979.02	 3131.32	 2122.22	 3770.05
16:14:42	 7999.33	 7819.58	  179.75	 1928.18	 4110.34	  979.02	 3131.32	 2122.59	 3768.81
16:14:44	 7999.33	 7820.05	  179.28	 1928.21	 4110.34	  979.02	 3131.32	 2123.00	 3768.85
16:14:46	 7999.33	 7822.90	  176.43	 1928.46	 4110.34	  979.02	 3131.32	 2123.37	 3771.07
16:14:48	 7999.33	 7824.22	  175.11	 1928.48	 4110.34	  979.02	 3131.32	 2123.75	 3772.00
16:14:50	 7999.33	 7823.40	  175.93	 1928.50	 4110.34	  979.02	 3131.32	 2124.17	 3770.73
16:14:52	 7999.33	 7823.20	  176.14	 1928.76	 4110.34	  979.02	 3131.32	 2124.57	 3769.87
16:14:54	 7999.33	 7828.33	  171.00	 1928.79	 4110.34	  979.02	 3131.32	 2124.96	 3774.58
16:14:56	 7999.33	 7826.33	  173.00	 1929.05	 4110.34	  979.02	 3131.32	 2125.33	 3771.94
16:14:58	 7999.33	 7824.84	  174.50	 1929.08	 4110.34	  979.02	 3131.32	 2125.71	 3770.04
16:15:00	 7999.33	 7827.30	  172.03	 1929.10	 4110.34	  979.02	 3131.32	 2126.13	 3772.08
16:15:02	 7999.33	 7829.39	  169.94	 1929.37	 4110.34	  979.02	 3131.32	 2126.68	 3773.35
16:15:04	 7999.33	 7826.32	  173.01	 1929.40	 4110.34	  979.02	 3131.32	 2126.91	 3770.02
16:15:06	 7999.33	 7828.38	  170.95	 1929.65	 4110.34	  979.02	 3131.32	 2127.31	 3771.43
16:15:08	 7999.33	 7829.55	  169.78	 1929.67	 4110.34	  979.02	 3131.32	 2127.69	 3772.20
16:15:10	 7999.33	 7827.71	  171.62	 1929.68	 4110.34	  979.02	 3131.32	 2128.25	 3769.77
16:15:12	 7999.33	 7829.07	  170.26	 1929.94	 4110.34	  979.02	 3131.32	 2128.48	 3770.65
16:15:14	 7999.33	 7829.21	  170.12	 1929.96	 4110.34	  979.02	 3131.32	 2129.04	 3770.22
16:15:17	 7999.33	 7829.70	  169.63	 1930.22	 4110.34	  979.02	 3131.32	 2129.26	 3770.23
16:15:19	 7999.33	 7830.58	  168.75	 1930.22	 4110.34	  979.02	 3131.32	 2129.82	 3770.54
16:15:21	 7999.33	 7829.48	  169.86	 1930.49	 4110.34	  979.02	 3131.32	 2130.13	 3768.86
16:15:23	 7999.33	 7835.09	  164.24	 1930.50	 4110.34	  979.02	 3131.32	 2130.43	 3774.17
16:15:25	 7999.33	 7835.96	  163.38	 1930.50	 4110.34	  979.02	 3131.32	 2130.99	 3774.46
16:15:27	 7999.33	 7829.93	  169.40	 1926.64	 4110.34	  979.07	 3131.28	 2131.36	 3771.93
16:15:29	 7999.33	 7831.36	  167.98	 1922.67	 4110.34	  979.07	 3131.28	 2131.41	 3777.27
16:15:31	 7999.33	 7840.26	  159.07	 1922.94	 4110.34	  979.07	 3131.28	 2131.99	 3785.34
16:15:33	 7999.33	 7838.25	  161.09	 1922.96	 4110.34	  979.07	 3131.28	 2132.28	 3783.00
16:15:35	 7999.33	 7842.43	  156.90	 1922.99	 4110.34	  979.07	 3131.28	 2132.70	 3786.75
16:15:37	 7999.33	 7842.75	  156.58	 1923.39	 4110.34	  979.07	 3131.28	 2133.09	 3786.27
16:15:39	 7999.33	 7842.73	  156.60	 1923.41	 4110.34	  979.07	 3131.28	 2133.47	 3785.86
16:15:41	 7999.33	 7846.41	  152.92	 1923.67	 4110.34	  979.07	 3131.28	 2133.88	 3788.87
16:15:43	 7999.33	 7831.92	  167.41	 1923.68	 4110.34	  979.07	 3131.28	 2134.29	 3773.95
16:15:45	 7999.33	 7836.38	  162.95	 1923.70	 4110.34	  979.07	 3131.28	 2134.66	 3778.02
16:15:47	 7999.33	 7840.33	  159.00	 1919.97	 4110.34	  979.14	 3131.20	 2134.95	 3785.41
16:15:49	 7999.33	 7824.93	  174.41	 1919.98	 4110.34	  979.14	 3131.20	 2135.36	 3769.59
16:15:51	 7999.33	 7825.62	  173.71	 1920.14	 4110.34	  979.14	 3131.20	 2135.71	 3769.78
16:15:53	 7999.33	 7828.25	  171.08	 1920.14	 4110.34	  979.14	 3131.20	 2136.13	 3771.98
16:15:55	 7999.33	 7827.48	  171.86	 1920.16	 4110.34	  979.14	 3131.20	 2136.52	 3770.80
16:15:57	 7999.33	 7832.41	  166.93	 1920.54	 4110.34	  979.14	 3131.20	 2136.92	 3774.94
16:15:59	 7999.33	 7831.16	  168.18	 1920.57	 4110.34	  979.14	 3131.20	 2137.29	 3773.30
16:16:01	 7999.33	 7828.58	  170.75	 1920.83	 4110.34	  979.14	 3131.20	 2137.68	 3770.07
16:16:03	 7999.33	 7831.38	  167.95	 1920.84	 4110.34	  979.14	 3131.20	 2138.06	 3772.48
16:16:05	 7999.33	 7843.39	  155.94	 1920.86	 4110.34	  979.14	 3131.20	 2138.47	 3784.06
16:16:07	 7999.33	 7831.04	  168.29	 1921.12	 4110.34	  979.14	 3131.20	 2138.75	 3771.17
16:16:09	 7999.33	 7835.75	  163.59	 1921.15	 4110.34	  979.14	 3131.20	 2139.24	 3775.36
16:16:11	 7999.33	 7831.91	  167.43	 1921.43	 4110.34	  979.14	 3131.20	 2139.62	 3770.86
16:16:13	 7999.33	 7833.51	  165.82	 1921.43	 4110.34	  979.14	 3131.20	 2140.01	 3772.07
16:16:15	 7999.33	 7833.93	  165.41	 1921.45	 4110.34	  979.14	 3131.20	 2140.41	 3772.07
16:16:17	 7999.33	 7834.05	  165.28	 1921.71	 4110.34	  979.14	 3131.20	 2140.81	 3771.53
16:16:19	 7999.33	 7832.04	  167.29	 1921.73	 4110.34	  979.14	 3131.20	 2141.20	 3769.11
16:16:21	 7999.33	 7792.27	  207.07	 1922.00	 4110.34	  979.14	 3131.20	 2093.89	 3776.37
16:16:23	 7999.33	 7786.31	  213.02	 1922.01	 4110.34	  979.14	 3131.20	 2094.28	 3770.03
16:16:25	 7999.33	 7790.02	  209.32	 1922.02	 4110.34	  979.14	 3131.20	 2094.83	 3773.16
16:16:27	 7999.33	 7789.38	  209.95	 1922.30	 4110.34	  979.14	 3131.20	 2095.20	 3771.88
16:16:30	 7999.33	 7786.90	  212.43	 1922.31	 4110.34	  979.14	 3131.20	 2095.59	 3769.00
16:16:32	 7999.33	 7787.23	  212.11	 1922.59	 4110.34	  979.14	 3131.20	 2095.98	 3768.65
16:16:34	 7999.33	 7792.45	  206.88	 1922.60	 4110.34	  979.14	 3131.20	 2096.40	 3773.45
16:16:36	 7999.33	 7793.41	  205.92	 1922.88	 4110.34	  979.14	 3131.20	 2096.85	 3773.68
16:16:38	 7999.33	 7793.36	  205.97	 1922.89	 4110.34	  979.14	 3131.20	 2097.16	 3773.31
16:16:40	 7999.33	 7790.79	  208.55	 1922.90	 4110.34	  979.14	 3131.20	 2097.55	 3770.33
16:16:42	 7999.33	 7790.29	  209.04	 1923.16	 4110.34	  979.14	 3131.20	 2097.77	 3769.36
16:16:44	 7999.33	 7794.03	  205.30	 1923.18	 4110.34	  979.14	 3131.20	 2098.34	 3772.52
16:16:46	 7999.33	 7793.10	  206.23	 1923.20	 4110.34	  979.14	 3131.20	 2098.58	 3771.33
16:16:48	 7999.33	 7793.34	  205.99	 1923.20	 4110.34	  979.14	 3131.20	 2099.13	 3771.01
16:16:50	 7999.33	 7794.44	  204.89	 1923.21	 4110.34	  979.14	 3131.20	 2099.34	 3771.88
16:16:52	 7999.33	 7793.14	  206.19	 1923.73	 4110.34	  979.14	 3131.20	 2099.93	 3769.48
16:16:54	 7999.33	 7793.98	  205.35	 1923.75	 4110.34	  979.14	 3131.20	 2100.30	 3769.93
16:16:56	 7999.33	 7802.23	  197.10	 1924.00	 4110.34	  979.14	 3131.20	 2100.73	 3777.50
16:16:58	 7999.33	 7798.04	  201.30	 1924.03	 4110.34	  979.14	 3131.20	 2101.11	 3772.90
16:17:00	 7999.33	 7798.05	  201.28	 1924.05	 4110.34	  979.14	 3131.20	 2101.47	 3772.53
16:17:02	 7999.33	 7798.40	  200.93	 1924.32	 4110.34	  979.14	 3131.20	 2101.87	 3772.21
16:17:04	 7999.33	 7796.76	  202.57	 1924.34	 4110.34	  979.14	 3131.20	 2102.25	 3770.18
16:17:06	 7999.33	 7798.05	  201.28	 1924.60	 4110.34	  979.14	 3131.20	 2102.66	 3770.80
16:17:08	 7999.33	 7808.28	  191.05	 1924.61	 4110.34	  979.14	 3131.20	 2103.07	 3780.59
16:17:10	 7999.33	 7801.13	  198.20	 1924.62	 4110.34	  979.14	 3131.20	 2103.45	 3773.06
16:17:12	 7999.33	 7802.14	  197.20	 1924.89	 4110.34	  979.14	 3131.20	 2103.85	 3773.39
16:17:14	 7999.33	 7800.67	  198.66	 1924.91	 4110.34	  979.14	 3131.20	 2104.23	 3771.53
16:17:16	 7999.33	 7801.58	  197.75	 1925.16	 4110.34	  979.14	 3131.20	 2104.62	 3771.79
16:17:18	 7999.33	 7801.67	  197.66	 1925.19	 4110.34	  979.14	 3131.20	 2104.99	 3771.49
16:17:20	 7999.33	 7814.55	  184.78	 1925.19	 4110.34	  979.14	 3131.20	 2105.42	 3783.95
16:17:22	 7999.33	 7801.98	  197.35	 1925.46	 4110.34	  979.14	 3131.20	 2105.80	 3770.73
16:17:24	 7999.33	 7804.57	  194.76	 1925.48	 4110.34	  979.14	 3131.20	 2106.17	 3772.92
16:17:26	 7999.33	 7802.96	  196.37	 1925.74	 4110.34	  979.14	 3131.20	 2106.59	 3770.63
16:17:28	 7999.33	 7803.25	  196.08	 1925.78	 4110.34	  979.14	 3131.20	 2106.95	 3770.53
16:17:30	 7999.33	 7805.62	  193.71	 1925.79	 4110.34	  979.14	 3131.20	 2107.37	 3772.46
16:17:32	 7999.33	 7815.67	  183.66	 1926.05	 4110.34	  979.14	 3131.20	 2107.78	 3781.84
16:17:34	 7999.33	 7808.34	  191.00	 1926.07	 4110.34	  979.14	 3131.20	 2108.16	 3774.11
16:17:36	 7999.33	 7806.84	  192.49	 1926.34	 4110.34	  979.14	 3131.20	 2108.56	 3771.95
16:17:38	 7999.33	 7806.92	  192.41	 1926.36	 4110.34	  979.14	 3131.20	 2108.93	 3771.62
16:17:40	 7999.33	 7805.22	  194.11	 1926.37	 4110.34	  979.14	 3131.20	 2109.50	 3769.36
16:17:42	 7999.33	 7804.84	  194.49	 1926.63	 4110.34	  979.14	 3131.20	 2109.70	 3768.51
16:17:45	 7999.33	 7815.02	  184.31	 1926.65	 4110.34	  979.14	 3131.20	 2110.29	 3778.09
16:17:47	 7999.33	 7809.34	  189.99	 1926.91	 4110.34	  979.14	 3131.20	 2110.68	 3771.75
16:17:49	 7999.33	 7809.23	  190.10	 1926.92	 4110.34	  979.14	 3131.20	 2111.04	 3771.27
16:17:51	 7999.33	 7806.62	  192.71	 1927.20	 4110.34	  979.14	 3131.20	 2111.37	 3768.05
16:17:53	 7999.33	 7807.62	  191.71	 1927.22	 4110.34	  979.14	 3131.20	 2111.84	 3768.56
16:17:55	 7999.33	 7811.64	  187.70	 1927.23	 4110.34	  979.14	 3131.20	 2112.21	 3772.19
16:17:57	 7999.33	 7819.80	  179.53	 1927.51	 4110.34	  979.14	 3131.20	 2112.62	 3779.67
16:17:59	 7999.33	 7812.03	  187.30	 1927.53	 4110.34	  979.14	 3131.20	 2112.84	 3771.66
16:18:01	 7999.33	 7810.41	  188.92	 1927.79	 4110.34	  979.14	 3131.20	 2113.31	 3769.30
16:18:03	 7999.33	 7810.51	  188.82	 1927.82	 4110.34	  979.14	 3131.20	 2113.80	 3768.89
16:18:05	 7999.33	 7810.84	  188.49	 1927.84	 4110.34	  979.14	 3131.20	 2114.19	 3768.81
16:18:07	 7999.33	 7812.54	  186.79	 1928.12	 4110.34	  979.14	 3131.20	 2114.52	 3769.90
16:18:09	 7999.33	 7823.61	  175.73	 1928.14	 4110.34	  979.14	 3131.20	 2115.04	 3780.43
16:18:11	 7999.33	 7815.02	  184.31	 1928.39	 4110.34	  979.14	 3131.20	 2115.38	 3771.25
16:18:13	 7999.33	 7814.99	  184.34	 1928.40	 4110.34	  979.14	 3131.20	 2115.77	 3770.81
16:18:15	 7999.33	 7817.97	  181.36	 1928.42	 4110.34	  979.14	 3131.20	 2116.16	 3773.39
16:18:17	 7999.33	 7818.21	  181.12	 1928.67	 4110.34	  979.14	 3131.20	 2116.56	 3772.98
16:18:19	 7999.33	 7814.49	  184.84	 1928.69	 4110.34	  979.14	 3131.20	 2116.94	 3768.86
16:18:21	 7999.33	 7830.49	  168.84	 1928.95	 4110.34	  979.14	 3131.20	 2117.35	 3784.18
16:18:23	 7999.33	 7817.73	  181.60	 1928.96	 4110.34	  979.14	 3131.20	 2117.73	 3771.04
16:18:25	 7999.33	 7819.90	  179.43	 1928.98	 4110.34	  979.14	 3131.20	 2118.12	 3772.80
